##NAMES=Cancrinite
##RRUFFID=R050352
##IDEAL CHEMISTRY=(Na,Ca,[box])_8_(Al_6_Si_6_)O_24_(CO_3_,S^6+^O_4_)_2_&#183;2H_2_O
##LOCALITY=York River, quarry #2, Dungannon Township, Ontario, Canada
##OWNER=RRUFF
##SOURCE=California Institute of Technology
##DESCRIPTION=Pink fragment
##STATUS=The identification of this mineral has been confirmed by X-ray diffraction and chemical analysis
##URL=rruff.info/R050352
##MEASURED CHEMISTRY=(Na_6.07_Ca_1.62_[box]_0.31_)_Σ=8_(Al_0.99_Si_1.01_O_4_)_6_((CO_3_)_0.84_[box]_0.16_)_Σ=2_·2H_2_O
##PIN_ID=M00367
##ORIENTATION=Laser parallel to a* (1 0 0). Fiducial mark perpendicular to laser is parallel to c [0 0 1]
170.9360, 0.0000000E+00
172.1610, 255.7188
173.3850, 349.5889
174.6100, 28.15527
175.8340, 47.47461
177.0580, 48.36719
178.2820, 42.68066
179.5050, 48.20801
180.7290, 36.17578
181.9520, 110.1221
183.1760, 365.8398
184.3990, 329.3994
185.6220, 506.2344
186.8450, 601.8135
188.0670, 608.5986
189.2900, 692.0889
190.5120, 945.8330
191.7340, 805.4336
192.9560, 1029.551
194.1780, 1072.896
195.4000, 1151.221
196.6220, 1358.495
197.8430, 1338.100
199.0640, 1417.074
200.2860, 1350.072
201.5070, 1508.783
202.7270, 1556.956
203.9480, 1695.385
205.1690, 1814.533
206.3890, 1855.334
207.6090, 2066.588
208.8290, 2376.544
210.0490, 2525.103
211.2690, 2969.192
212.4890, 3510.756
213.7080, 3872.750
214.9280, 4131.135
216.1470, 4361.877
217.3660, 4678.956
218.5850, 4953.344
219.8030, 5132.040
221.0220, 5190.189
222.2400, 5369.976
223.4590, 5470.639
224.6770, 5578.322
225.8950, 5355.695
227.1120, 5458.553
228.3300, 5039.879
229.5480, 4999.711
230.7650, 4767.087
231.9820, 4750.038
233.1990, 4336.595
234.4160, 4184.782
235.6330, 4164.626
236.8490, 3733.142
238.0660, 3511.348
239.2820, 3575.264
240.4980, 3348.906
241.7140, 3270.292
242.9300, 3031.438
244.1460, 3082.344
245.3610, 3198.959
246.5770, 3323.276
247.7920, 3401.369
249.0070, 3586.300
250.2220, 3844.103
251.4370, 4143.798
252.6510, 4589.412
253.8660, 5064.959
255.0800, 5719.454
256.2940, 6306.908
257.5080, 7035.330
258.7220, 7997.727
259.9360, 8832.183
261.1490, 9842.469
262.3630, 10973.82
263.5760, 12143.16
264.7890, 13612.50
266.0020, 15021.83
267.2150, 16624.16
268.4270, 17930.19
269.6400, 19604.51
270.8520, 20609.47
272.0640, 21548.93
273.2760, 22091.20
274.4880, 22068.75
275.7000, 21506.38
276.9120, 19977.98
278.1230, 18696.85
279.3340, 16849.48
280.5450, 14929.37
281.7560, 13130.71
282.9670, 11296.03
284.1780, 9921.419
285.3880, 9289.857
286.5980, 8346.352
287.8090, 8034.900
289.0190, 8003.495
290.2290, 7765.139
291.4380, 8092.830
292.6480, 8232.575
293.8570, 8643.373
295.0670, 8565.213
296.2760, 8887.079
297.4850, 8869.954
298.6930, 8719.822
299.9020, 8598.681
301.1110, 8244.536
302.3190, 7678.389
303.5270, 7300.234
304.7350, 6595.068
305.9430, 5763.895
307.1510, 5232.709
308.3580, 4415.578
309.5660, 4068.510
310.7730, 3505.441
311.9800, 2922.403
313.1870, 2601.478
314.3940, 2222.566
315.6010, 2048.640
316.8070, 1772.880
318.0130, 1403.807
319.2200, 1294.399
320.4260, 1175.818
321.6310, 1247.521
322.8370, 1374.939
324.0430, 1479.838
325.2480, 1543.137
326.4540, 1752.799
327.6590, 2045.778
328.8640, 2449.039
330.0680, 2679.553
331.2730, 2831.297
332.4780, 3185.252
333.6820, 3256.425
334.8860, 3727.762
336.0900, 3775.246
337.2940, 4200.873
338.4980, 4619.616
339.7010, 4923.473
340.9050, 5412.428
342.1080, 5954.472
343.3110, 6364.621
344.5140, 6823.838
345.7170, 7092.134
346.9200, 7252.482
348.1220, 7397.905
349.3240, 6859.377
350.5270, 6700.879
351.7290, 6202.404
352.9310, 5291.951
354.1320, 4617.550
355.3340, 3880.161
356.5350, 3207.785
357.7370, 2590.410
358.9380, 2174.048
360.1390, 1746.686
361.3400, 1083.337
362.5400, 898.9824
363.7410, 512.6240
364.9410, 87.25586
366.1410, 75.87012
367.3410, 134.5586
368.5410, 159.0635
369.7410, 192.7002
370.9400, 472.4775
372.1400, 120.4746
373.3390, 416.5928
374.5380, 542.9150
375.7370, 263.4697
376.9360, 420.1807
378.1350, 400.0918
379.3330, 330.1943
380.5310, 282.4717
381.7300, 389.9111
382.9280, 324.5410
384.1260, 150.3457
385.3230, 137.2793
386.5210, 164.6611
387.7180, 199.5381
388.9160, 220.3545
390.1130, 258.1104
391.3100, 563.8096
392.5060, 492.4531
393.7030, 793.0459
394.9000, 921.5859
396.0960, 1262.072
397.2920, 1619.506
398.4880, 1587.888
399.6840, 2108.215
400.8800, 2263.631
402.0750, 2306.854
403.2710, 2703.050
404.4660, 3003.291
405.6610, 3408.535
406.8560, 4029.696
408.0510, 4683.099
409.2450, 5165.463
410.4400, 6032.783
411.6340, 6891.315
412.8280, 7776.182
414.0220, 8565.124
415.2160, 9227.375
416.4100, 9884.590
417.6030, 10506.99
418.7970, 10420.24
419.9900, 10381.38
421.1830, 9942.796
422.3760, 8998.823
423.5690, 8334.947
424.7610, 7536.795
425.9540, 6720.750
427.1460, 5894.152
428.3380, 5327.984
429.5300, 4775.646
430.7220, 4403.643
431.9140, 3857.338
433.1050, 3513.139
434.2970, 3239.812
435.4880, 3119.105
436.6790, 2772.947
437.8700, 2764.558
439.0610, 2711.197
440.2510, 2371.028
441.4420, 2384.160
442.6320, 2292.753
443.8220, 2162.842
445.0120, 2194.773
446.2020, 2132.160
447.3910, 2384.744
448.5810, 2352.418
449.7700, 2632.364
450.9600, 2853.133
452.1490, 3364.566
453.3370, 4048.134
454.5260, 4522.990
455.7150, 5308.994
456.9030, 5755.170
458.0910, 6575.248
459.2800, 7211.246
460.4670, 7405.840
461.6550, 7577.717
462.8430, 7398.787
464.0300, 7043.754
465.2180, 6486.883
466.4050, 5898.241
467.5920, 5320.903
468.7790, 5045.998
469.9650, 4518.031
471.1520, 4293.383
472.3380, 4297.000
473.5250, 4347.146
474.7110, 4449.791
475.8970, 4401.949
477.0820, 4681.869
478.2680, 4932.115
479.4540, 5140.676
480.6390, 5658.259
481.8240, 5945.449
483.0090, 6326.040
484.1940, 6934.098
485.3780, 7510.676
486.5630, 8192.974
487.7470, 8955.432
488.9320, 9767.762
490.1160, 10665.73
491.3000, 11596.23
492.4830, 11934.89
493.6670, 12889.32
494.8500, 13193.14
496.0340, 13504.78
497.2170, 13265.96
498.4000, 12995.23
499.5820, 12997.97
500.7650, 12477.28
501.9480, 11705.53
503.1300, 11148.78
504.3120, 10641.82
505.4940, 9912.266
506.6760, 9226.570
507.8580, 8471.124
509.0390, 7889.631
510.2210, 7265.609
511.4020, 6661.629
512.5830, 6164.036
513.7640, 5537.652
514.9450, 5088.691
516.1250, 4578.747
517.3060, 4027.659
518.4860, 3697.988
519.6660, 3422.727
520.8460, 3140.994
522.0260, 2703.081
523.2060, 2519.944
524.3850, 2069.600
525.5650, 1892.938
526.7440, 1673.752
527.9230, 1627.141
529.1020, 1434.300
530.2810, 1398.646
531.4590, 1240.108
532.6380, 1061.457
533.8160, 976.6514
534.9940, 786.7734
536.1720, 725.8281
537.3500, 681.9990
538.5270, 558.7217
539.7050, 618.5635
540.8820, 547.3359
542.0590, 429.0381
543.2360, 487.6680
544.4130, 456.2305
545.5900, 432.7246
546.7660, 419.5352
547.9430, 426.5137
549.1190, 355.8027
550.2950, 352.0293
551.4710, 349.1875
552.6470, 285.3047
553.8220, 190.3457
554.9980, 135.3555
556.1730, 237.2832
557.3480, 162.6035
558.5230, 56.90234
559.6980, 187.6035
560.8730, 119.2559
562.0470, 204.8594
563.2220, 227.4023
564.3960, 173.9004
565.5700, 228.3457
566.7440, 194.1309
567.9170, 318.1055
569.0910, 207.3906
570.2640, 54.60156
571.4380, 151.7324
572.6110, 214.7891
573.7840, 180.7734
574.9570, 202.6152
576.1290, 284.5273
577.3020, 144.2949
578.4740, 189.9863
579.6460, 173.6152
580.8180, 118.1699
581.9900, 275.6719
583.1620, 28.89453
584.3330, 53.57812
585.5040, 35.93750
586.6760, 175.1367
587.8470, 19.21875
589.0180, 93.34375
590.1880, 55.19141
591.3590, 101.4062
592.5290, 81.01562
593.7000, 52.25391
594.8700, 45.08984
596.0400, 30.05664
597.2090, 129.2266
598.3790, 140.7891
599.5490, 148.2949
600.7180, 45.48633
601.8870, 157.6172
603.0560, 101.7871
604.2250, 117.8926
605.3940, 81.10156
606.5620, 59.42969
607.7300, 158.3984
608.8990, 6.273438
610.0670, 65.51172
611.2350, 191.6641
612.4020, 112.7520
613.5700, 32.13086
614.7370, 7.056641
615.9050, 98.10156
617.0720, 216.5859
618.2390, 121.1973
619.4060, 2.722656
620.5720, 245.1543
621.7390, 82.50586
622.9050, 207.7695
624.0710, 77.95703
625.2370, 68.94141
626.4030, 115.0332
627.5690, 63.07227
628.7340, 14.68945
629.9000, 97.64062
631.0650, 28.12305
632.2300, 55.28320
633.3950, 72.60352
634.5600, 17.83789
635.7240, 117.0195
636.8890, 70.96484
638.0530, 47.86328
639.2170, 134.6738
640.3810, 7.597656
641.5450, 211.0273
642.7080, 42.42773
643.8720, 217.0000
645.0350, 99.34570
646.1980, 111.6094
647.3610, 24.78516
648.5240, 176.8848
649.6870, 96.09180
650.8490, 141.8457
652.0120, 14.76953
653.1740, 212.6836
654.3360, 74.67773
655.4980, 307.1309
656.6600, 150.4980
657.8210, 80.61719
658.9830, 206.7422
660.1440, 90.84180
661.3050, 175.8125
662.4660, 178.8574
663.6270, 242.6016
664.7870, 296.0508
665.9480, 360.3359
667.1080, 374.4297
668.2680, 439.4355
669.4280, 420.6602
670.5880, 474.9434
671.7480, 559.1797
672.9070, 520.3672
674.0670, 720.6582
675.2260, 765.5098
676.3850, 836.3027
677.5440, 958.0469
678.7030, 1136.994
679.8610, 1181.703
681.0200, 1119.572
682.1780, 1267.369
683.3360, 1063.242
684.4940, 1269.309
685.6520, 1167.840
686.8090, 1014.865
687.9670, 1082.168
689.1240, 803.6934
690.2810, 1004.561
691.4380, 788.3105
692.5950, 877.7930
693.7520, 867.1426
694.9080, 1182.932
696.0650, 940.8574
697.2210, 1027.492
698.3770, 898.3203
699.5330, 957.4023
700.6880, 845.3086
701.8440, 839.7012
702.9990, 853.4844
704.1550, 790.9570
705.3100, 801.5352
706.4650, 764.8203
707.6190, 744.3555
708.7740, 803.0469
709.9290, 697.6348
711.0830, 821.4141
712.2370, 785.1875
713.3910, 891.6230
714.5450, 935.3496
715.6980, 776.1152
716.8520, 1091.025
718.0050, 1215.463
719.1580, 849.0879
720.3110, 915.8066
721.4640, 691.3750
722.6170, 697.4004
723.7700, 357.0645
724.9220, 516.4707
726.0740, 440.3438
727.2260, 415.5000
728.3780, 498.7168
729.5300, 309.5039
730.6810, 267.1660
731.8330, 378.5684
732.9840, 495.9062
734.1350, 271.5508
735.2860, 470.2168
736.4370, 328.5703
737.5880, 265.2852
738.7380, 488.1152
739.8880, 375.2930
741.0390, 346.0293
742.1890, 342.2363
743.3380, 297.4395
744.4880, 215.4570
745.6380, 331.6934
746.7870, 305.2812
747.9360, 541.1270
749.0850, 602.9219
750.2340, 657.0078
751.3830, 343.9199
752.5310, 607.6465
753.6800, 578.1309
754.8280, 692.8105
755.9760, 755.7598
757.1240, 794.4082
758.2720, 1073.453
759.4190, 1108.736
760.5670, 1241.070
761.7140, 1395.180
762.8610, 1705.969
764.0080, 1950.979
765.1550, 2085.867
766.3020, 2548.473
767.4480, 2784.025
768.5950, 3361.463
769.7410, 3669.818
770.8870, 4022.977
772.0330, 3998.453
773.1780, 4151.402
774.3240, 3987.395
775.4690, 3730.697
776.6140, 3366.773
777.7590, 3147.232
778.9040, 2719.984
780.0490, 1981.654
781.1940, 1785.170
782.3380, 1220.756
783.4820, 1277.799
784.6260, 1000.840
785.7700, 672.3398
786.9140, 563.5488
788.0580, 639.5625
789.2010, 800.5234
790.3450, 438.7539
791.4880, 369.9102
792.6310, 254.4336
793.7730, 49.87305
794.9160, 368.5898
796.0590, 372.9609
797.2010, 151.8047
798.3430, 194.0996
799.4850, 185.6875
800.6270, 24.22070
801.7690, 106.9531
802.9100, 155.8398
804.0520, 93.92969
805.1930, 89.00781
806.3340, 152.1836
807.4750, 121.2930
808.6160, 116.0859
809.7560, 111.3066
810.8970, 69.21094
812.0370, 156.0449
813.1770, 153.2324
814.3170, 146.1523
815.4570, 81.14648
816.5960, 119.7109
817.7360, 64.20898
818.8750, 29.63672
820.0140, 27.99414
821.1530, 5.285156
822.2920, 5.501953
823.4310, 0.6542970
824.5690, 56.69727
825.7070, 30.31055
826.8460, 5.410156
827.9840, 116.5820
829.1220, 39.10938
830.2590, 171.2617
831.3970, 18.20508
832.5340, 69.61133
833.6710, 45.95312
834.8080, 37.76367
835.9450, 94.56836
837.0820, 81.82031
838.2190, 37.52148
839.3550, 75.64062
840.4910, 59.86523
841.6270, 107.1895
842.7630, 58.63672
843.8990, 112.8203
845.0350, 74.21875
846.1700, 167.5586
847.3060, 14.84961
848.4410, 60.07812
849.5760, 88.25195
850.7100, 21.36914
851.8450, 75.42969
852.9800, 120.4297
854.1140, 29.62109
855.2480, 0.7500000
856.3820, 73.94141
857.5160, 18.76953
858.6500, 10.42188
859.7830, 0.9609380
860.9170, 19.16992
862.0500, 8.716797
863.1830, 58.87305
864.3160, 39.34180
865.4480, 47.70312
866.5810, 90.40039
867.7130, 1.056641
868.8460, 156.9570
869.9780, 224.2480
871.1100, 152.7871
872.2410, 5.998047
873.3730, 14.30469
874.5050, 26.08398
875.6360, 13.16016
876.7670, 22.26172
877.8980, 75.51367
879.0290, 74.04688
880.1590, 53.34961
881.2900, 58.42188
882.4200, 35.29688
883.5500, 10.94141
884.6800, 7.363281
885.8100, 35.62305
886.9400, 15.01172
888.0690, 30.77539
889.1990, 38.20117
890.3280, 83.31836
891.4570, 42.83008
892.5860, 242.3047
893.7140, 39.74609
894.8430, 182.1875
895.9710, 230.5996
897.1000, 154.9785
898.2280, 86.33984
899.3560, 35.33398
900.4830, 67.97266
901.6110, 295.2676
902.7380, 178.5703
903.8660, 258.8457
904.9930, 117.1562
906.1200, 92.44727
907.2460, 405.7012
908.3730, 444.9238
909.5000, 484.1191
910.6260, 422.3301
911.7520, 512.5117
912.8780, 476.6680
914.0040, 590.7930
915.1290, 932.9199
916.2550, 861.0254
917.3800, 1040.117
918.5050, 1447.176
919.6300, 1240.205
920.7550, 1600.203
921.8800, 1738.176
923.0040, 1884.117
924.1290, 2302.062
925.2530, 2698.994
926.3770, 2633.896
927.5010, 2883.756
928.6250, 2933.105
929.7480, 3020.568
930.8720, 3064.340
931.9950, 3192.092
933.1180, 3362.902
934.2410, 3324.863
935.3640, 3185.762
936.4860, 2962.963
937.6090, 2795.477
938.7310, 3188.164
939.8530, 2587.572
940.9750, 2747.932
942.0970, 2445.523
943.2180, 2894.957
944.3400, 2802.340
945.4610, 3041.672
946.5820, 3174.799
947.7030, 3401.258
948.8240, 3797.684
949.9450, 4137.047
951.0650, 4434.107
952.1860, 4924.301
953.3060, 5001.234
954.4260, 5214.992
955.5460, 5086.713
956.6650, 5044.105
957.7850, 5140.834
958.9040, 4622.914
960.0230, 4562.646
961.1420, 4357.754
962.2610, 4313.410
963.3800, 4124.064
964.4990, 4015.619
965.6170, 4146.809
966.7350, 3844.225
967.8530, 3769.832
968.9710, 4046.322
970.0890, 3904.848
971.2070, 3916.797
972.3240, 3995.539
973.4410, 4051.055
974.5580, 4137.174
975.6750, 4070.291
976.7920, 4328.438
977.9090, 4124.635
979.0250, 4045.400
980.1410, 4173.875
981.2580, 4080.676
982.3740, 4373.084
983.4890, 4277.404
984.6050, 4393.820
985.7200, 4658.945
986.8360, 4575.273
987.9510, 4507.773
989.0660, 4563.836
990.1810, 4543.553
991.2950, 4587.846
992.4100, 4306.854
993.5240, 4468.811
994.6390, 4292.496
995.7530, 4186.461
996.8660, 4280.369
997.9800, 4038.146
999.0940, 4313.385
1000.207, 4323.686
1001.320, 3936.469
1002.433, 4088.783
1003.546, 4075.996
1004.659, 3844.615
1005.772, 3723.484
1006.884, 3809.047
1007.996, 3988.979
1009.108, 3799.678
1010.220, 3680.553
1011.332, 3714.340
1012.444, 3247.926
1013.555, 3028.650
1014.666, 3099.930
1015.777, 3048.918
1016.888, 3001.850
1017.999, 2917.658
1019.110, 2672.492
1020.220, 2624.191
1021.331, 2526.863
1022.441, 2396.740
1023.551, 2335.305
1024.661, 2287.838
1025.770, 2274.770
1026.880, 2325.279
1027.989, 2335.059
1029.098, 2518.459
1030.207, 2577.979
1031.316, 2619.213
1032.425, 2804.754
1033.533, 3347.498
1034.642, 3594.453
1035.750, 4092.105
1036.858, 5333.344
1037.966, 6555.070
1039.073, 7821.797
1040.181, 9335.381
1041.288, 10617.48
1042.396, 10753.20
1043.503, 10425.36
1044.610, 10023.58
1045.716, 10383.26
1046.823, 11813.08
1047.929, 14287.58
1049.036, 18041.79
1050.142, 22346.09
1051.248, 26377.17
1052.353, 30452.30
1053.459, 33339.52
1054.564, 34997.02
1055.670, 35302.30
1056.775, 34934.06
1057.880, 32986.44
1058.985, 29137.54
1060.089, 23473.90
1061.194, 17702.57
1062.298, 12688.40
1063.402, 8635.266
1064.506, 5951.064
1065.610, 4076.758
1066.713, 2962.129
1067.817, 2378.053
1068.920, 1739.701
1070.023, 1703.936
1071.126, 1285.945
1072.229, 1247.479
1073.332, 1006.104
1074.435, 1034.551
1075.537, 820.4414
1076.639, 943.4258
1077.741, 899.0332
1078.843, 888.8711
1079.945, 856.2363
1081.046, 900.0547
1082.148, 939.6074
1083.249, 1130.014
1084.350, 1208.600
1085.451, 1337.148
1086.551, 1129.838
1087.652, 944.2578
1088.752, 820.6543
1089.853, 1074.918
1090.953, 850.1016
1092.053, 961.3105
1093.152, 645.0547
1094.252, 826.5645
1095.351, 1098.871
1096.451, 831.1504
1097.550, 960.0234
1098.649, 796.3027
1099.748, 578.2266
1100.846, 598.7539
1101.945, 614.7754
1103.043, 557.6367
1104.141, 458.6855
1105.239, 376.0645
1106.337, 372.7344
1107.434, 408.7793
1108.532, 461.7793
1109.629, 364.2207
1110.726, 214.8008
1111.823, 242.3926
1112.920, 500.4863
1114.017, 193.8027
1115.113, 423.7734
1116.210, 406.4004
1117.306, 325.6953
1118.402, 464.8516
1119.498, 702.9629
1120.593, 595.9531
1121.689, 686.2461
1122.784, 771.6211
1123.879, 754.1602
1124.974, 736.8730
1126.069, 562.8652
1127.164, 420.6543
1128.259, 314.9219
1129.353, 157.0820
1130.447, 224.5391
1131.541, 77.18750
1132.635, 140.3105
1133.729, 129.7363
1134.822, 34.72656
1135.916, 73.82617
1137.009, 7.570313
1138.102, 17.13477
1139.195, 67.42188
1140.288, 86.50195
1141.380, 28.79492
1142.473, 58.16602
1143.565, 156.1992
1144.657, 120.3262
1145.749, 40.35547
1146.841, 38.98242
1147.932, 356.4141
1149.024, 30.07812
1150.115, 256.0938
1151.206, 108.7656
1152.297, 59.67773
1153.388, 153.1035
1154.479, 116.2266
1155.569, 193.5840
1156.659, 27.31641
1157.750, 203.3145
1158.839, 125.4688
1159.929, 30.23828
1161.019, 52.69727
1162.108, 59.33789
1163.198, 4.638672
1164.287, 38.21680
1165.376, 76.46875
1166.465, 57.66602
1167.553, 52.81836
1168.642, 123.7812
1169.730, 114.2285
1170.818, 120.6992
1171.906, 185.0605
1172.994, 31.41211
1174.082, 13.25586
1175.170, 140.0938
1176.257, 26.99219
1177.344, 225.1406
1178.431, 82.90430
1179.518, 14.81445
1180.605, 338.2246
1181.691, 140.8301
1182.778, 127.3047
1183.864, 381.0391
1184.950, 25.75586
1186.036, 74.78906
1187.122, 198.5156
1188.207, 49.24609
1189.292, 382.5820
1190.378, 273.7148
1191.463, 193.9805
1192.548, 150.1797
1193.632, 137.3008
1194.717, 146.5430
1195.801, 165.5742
1196.886, 237.4180
1197.970, 101.1523
1199.054, 162.2617
1200.137, 255.5664
1201.221, 303.8828
1202.305, 11.53125
1203.388, 145.7227
1204.471, 182.8750
1205.554, 70.81250
1206.637, 282.7266
1207.719, 127.8125
1208.802, 306.6484
1209.884, 174.7578
1210.966, 61.65234
1212.048, 471.7383
1213.130, 147.4844
1214.212, 337.4688
1215.293, 340.7461
1216.374, 301.2227
1217.456, 409.0312
1218.536, 369.5664
1219.617, 148.8711
1220.698, 162.9961
1221.778, 153.3047
1222.859, 258.6172
1223.939, 73.03516
1225.019, 356.6328
1226.099, 484.5273
1227.178, 219.4492
1228.258, 448.5586
1229.337, 208.1562
1230.417, 65.69141
1231.496, 181.5977
1232.574, 216.6250
1233.653, 172.4844
1234.732, 333.6523
1235.810, 260.3789
1236.888, 2.718750
1237.966, 178.2930
1239.044, 73.52734
1240.122, 276.9570
1241.199, 49.16016
1242.277, 138.4023
1243.354, 78.62500
1244.431, 152.5078
1245.508, 227.5859
1246.585, 299.5977
1247.661, 325.6406
1248.738, 327.7266
1249.814, 349.2305
1250.890, 271.9727
1251.966, 244.6562
1253.042, 203.2656
1254.117, 153.1953
1255.193, 318.2734
1256.268, 119.6758
1257.343, 43.99609
1258.418, 130.2461
1259.493, 16.06250
1260.567, 213.8086
1261.642, 375.5703
1262.716, 12.06250
1263.790, 108.1523
1264.864, 327.1875
1265.938, 201.0117
1267.011, 125.2031
1268.085, 323.6367
1269.158, 182.2344
1270.231, 82.80859
1271.304, 67.06641
1272.377, 123.3594
1273.450, 90.99219
1274.522, 57.42969
1275.594, 46.57422
1276.666, 216.4648
1277.738, 152.9492
1278.810, 297.3789
1279.882, 129.9609
1280.953, 73.41406
1282.025, 7.976563
1283.096, 154.1211
1284.167, 140.2109
1285.238, 191.1367
1286.308, 284.7266
1287.379, 133.4297
1288.449, 332.4883
1289.519, 145.4453
1290.589, 37.67578
1291.659, 164.1836
1292.729, 217.7188
1293.798, 459.4062
1294.868, 319.5117
1295.937, 131.4648
1297.006, 153.1758
1298.075, 54.31641
1299.143, 90.12500
1300.212, 76.56250
1301.280, 93.15234
1302.348, 83.83203
1303.416, 304.3398
1304.484, 160.8086
1305.552, 85.71875
1306.620, 120.1172
1307.687, 293.5742
1308.754, 51.82031
1309.821, 141.8828
1310.888, 161.0820
1311.955, 85.63281
1313.021, 87.25391
1314.088, 19.02344
1315.154, 68.87500
1316.220, 174.0273
1317.286, 245.6484
1318.352, 159.6797
1319.417, 352.3398
1320.483, 407.8086
1321.548, 118.8086
1322.613, 75.68750
1323.678, 349.5391
1324.743, 140.4141
1325.807, 10.51953
1326.872, 286.9883
1327.936, 224.0352
1329.000, 209.1758
1330.064, 419.3086
1331.128, 205.8320
1332.191, 201.5703
1333.255, 236.8086
1334.318, 227.2227
1335.381, 172.0156
1336.444, 217.6992
1337.507, 137.4023
1338.569, 173.8281
1339.632, 485.9258
1340.694, 179.1562
1341.756, 347.5820
1342.818, 263.1602
1343.880, 157.0273
1344.941, 154.2383
1346.003, 160.1758
1347.064, 200.8906
1348.125, 235.4453
1349.186, 174.8438
1350.247, 159.1406
1351.308, 117.8203
1352.368, 66.66406
1353.428, 211.6328
1354.489, 22.58203
1355.549, 129.8555
1356.608, 237.5898
1357.668, 48.30078
1358.727, 132.5000
1359.787, 85.82812
1360.846, 617.2969
1361.905, 47.99609
1362.964, 372.3438
1364.022, 187.2930
1365.081, 360.8047
1366.139, 171.2930
1367.197, 454.2773
1368.255, 658.0586
1369.313, 653.4805
1370.371, 608.5664
1371.428, 958.4883
1372.486, 788.5000
1373.543, 872.7148
1374.600, 1022.152
1375.657, 1071.641
1376.713, 966.0508
1377.770, 628.4961
1378.826, 1055.562
1379.882, 817.6484
1380.938, 542.6016
1381.994, 708.8594
1383.050, 771.9492
1384.106, 567.9375
1385.161, 809.5234
1386.216, 571.4531
1387.271, 470.6914
1388.326, 660.0234
1389.381, 359.8633
1390.435, 380.0508
1391.490, 567.6562
1392.544, 549.1367
1393.598, 565.5977
1394.652, 650.5664
1395.705, 475.8594
1396.759, 533.5430
1397.812, 417.7539
1398.866, 503.9453
1399.919, 427.1875
1400.972, 317.2344
1402.024, 211.9961
1403.077, 604.7852
1404.129, 364.2148
1405.181, 245.8594
1406.233, 700.5156
1407.285, 185.4180
1408.337, 429.3320
1409.389, 46.48828
1410.440, 29.39062
1411.491, 315.1797
1412.542, 489.4375
1413.593, 300.1367
1414.644, 368.7461
1415.695, 79.83594
1416.745, 96.48047
1417.795, 303.4961
1418.845, 28.09766
1419.895, 136.8711
1420.945, 68.20703
1421.995, 73.36719
1423.044, 97.78125
1424.093, 242.5508
1425.142, 14.86719
1426.191, 104.1484
1427.240, 269.1641
1428.289, 104.9883
1429.337, 21.27734
1430.385, 27.30469
1431.433, 230.2227
1432.481, 211.7148
1433.529, 174.2656
1434.577, 187.8711
1435.624, 9.957031
1436.672, 11.85938
1437.719, 66.00000
1438.766, 70.21484
1439.812, 14.23047
1440.859, 64.04297
1441.905, 3.027344
1442.952, 101.6758
1443.998, 283.9258
1445.044, 350.2930
1446.090, 236.7305
1447.135, 444.1094
1448.181, 506.7734
1449.226, 471.6016
1450.271, 770.1211
1451.316, 561.5508
1452.361, 606.4570
1453.405, 191.7695
1454.450, 247.8320
1455.494, 389.6133
1456.538, 512.0820
1457.582, 189.4805
1458.626, 92.29688
1459.670, 160.5352
1460.713, 268.2148
1461.757, 122.3125
1462.800, 418.5703
1463.843, 197.6680
1464.886, 147.6523
1465.928, 145.6719
1466.971, 112.7734
1468.013, 40.46484
1469.055, 169.9297
1470.097, 345.2734
1471.139, 143.4570
1472.181, 183.5977
1473.222, 37.30078
1474.263, 361.7422
1475.305, 331.7305
1476.346, 341.6680
1477.386, 471.5664
1478.427, 421.4219
1479.468, 361.2539
1480.508, 459.0664
1481.548, 63.85156
1482.588, 605.6211
1483.628, 179.3672
1484.668, 459.0742
1485.707, 265.7617
1486.747, 284.3789
1487.786, 260.3359
1488.825, 683.4805
1489.864, 273.2109
1490.902, 481.8125
1491.941, 285.0820
1492.979, 348.4492
1494.017, 89.30469
1495.055, 391.1562
1496.093, 229.0625
1497.131, 387.0117
1498.168, 345.8477
1499.206, 393.5234
1500.243, 325.0312
1501.280, 341.2617
1502.317, 266.4492
1503.354, 355.3750
1504.390, 190.1094
1505.426, 145.4883
1506.463, 302.9609
1507.499, 168.8281
1508.535, 314.1836
1509.570, 182.1367
1510.606, 233.4688
1511.641, 24.26953
1512.676, 180.0977
1513.711, 294.8711
1514.746, 128.0156
1515.781, 254.0156
1516.816, 479.1641
1517.850, 259.0859
1518.884, 332.2109
1519.918, 450.6172
1520.952, 226.0508
1521.986, 435.1250
1523.019, 157.6328
1524.053, 272.4648
1525.086, 225.1523
1526.119, 271.6875
1527.152, 159.5547
1528.185, 501.6133
1529.217, 69.51172
1530.250, 442.1719
1531.282, 226.7695
1532.314, 38.76172
1533.346, 198.1250
1534.377, 269.7773
1535.409, 324.2500
1536.440, 113.7656
1537.472, 93.23047
1538.503, 186.7031
1539.534, 11.86719
1540.564, 285.6836
1541.595, 45.65234
1542.625, 194.4336
1543.656, 215.0977
1544.686, 339.3008
1545.716, 364.6094
1546.745, 55.65625
1547.775, 334.1406
1548.804, 369.4766
1549.834, 200.8594
1550.863, 424.8438
1551.892, 221.2969
1552.920, 207.1914
1553.949, 249.6250
1554.977, 267.9453
1556.006, 155.3711
1557.034, 392.7656
1558.062, 63.30859
1559.089, 327.9961
1560.117, 367.5391
1561.144, 152.0664
1562.172, 0.8242190
1563.199, 497.9414
1564.226, 148.5625
1565.252, 244.2969
1566.279, 19.72656
1567.305, 219.1406
1568.332, 26.78906
1569.358, 0.6757810
1570.384, 0.0000000E+00
##END=



