##NAMES=Clinoenstatite
##RRUFFID=R070276
##IDEAL CHEMISTRY=MgSiO_3_
##LOCALITY=Synthetic, at 15 GPa and 1600 C by Juergen Konzett
##OWNER=RRUFF
##SOURCE=Juergen Konzett
##DESCRIPTION=Colorless grains associated with stishovite
##STATUS=The identification of this mineral is confirmed by single-crystal X-ray diffraction and chemical analysis.
##URL=rruff.info/R070276
##MEASURED CHEMISTRY=Mg_1.00_Si_1.00_O_3_ ; trace to minor amounts of Na
##PIN_ID=M00224
##ORIENTATION=Laser parallel to c* (0 0 1). Fiducial mark perpendicular to laser is parallel to a [1 0 0]
126.3600, 22914.00
127.5960, 23131.00
128.8330, 22945.00
130.0700, 23139.00
131.3060, 23176.00
132.5420, 23266.00
133.7780, 23208.00
135.0140, 23136.00
136.2500, 23221.00
137.4850, 23190.00
138.7200, 23607.00
139.9550, 23543.00
141.1900, 23446.00
142.4250, 23612.00
143.6600, 23398.00
144.8940, 23354.00
146.1280, 23394.00
147.3620, 23546.00
148.5960, 23329.00
149.8300, 23214.00
151.0630, 23475.00
152.2960, 23359.00
153.5300, 23270.00
154.7620, 23659.00
155.9950, 23775.00
157.2280, 23717.00
158.4600, 23868.00
159.6920, 23600.00
160.9250, 23550.00
162.1560, 23476.00
163.3880, 23407.01
164.6200, 23415.65
165.8510, 23383.00
167.0820, 23433.00
168.3130, 23407.00
169.5440, 23394.00
170.7750, 23543.00
172.0050, 23735.00
173.2350, 23682.00
174.4650, 23722.00
175.6950, 23655.00
176.9250, 23638.00
178.1550, 23686.00
179.3840, 23667.71
180.6130, 23744.00
181.8420, 23739.00
183.0710, 23798.00
184.3000, 23894.00
185.5280, 23907.00
186.7570, 24084.00
187.9850, 24173.00
189.2130, 24272.92
190.4400, 24373.81
191.6680, 24436.00
192.8960, 24514.00
194.1230, 24461.00
195.3500, 24490.00
196.5770, 24572.00
197.8030, 24669.00
199.0300, 24363.00
200.2560, 24489.00
201.4830, 24348.00
202.7090, 24560.00
203.9340, 24394.00
205.1600, 24201.00
206.3860, 24107.00
207.6110, 24047.00
208.8360, 23951.00
210.0610, 24037.00
211.2860, 24029.00
212.5100, 24173.00
213.7350, 24117.00
214.9590, 23959.00
216.1830, 24151.00
217.4070, 24358.00
218.6310, 24071.00
219.8540, 24303.00
221.0780, 24375.00
222.3010, 24473.00
223.5240, 24378.00
224.7470, 24311.00
225.9690, 24345.00
227.1920, 24488.00
228.4140, 24485.00
229.6360, 24383.00
230.8580, 24715.00
232.0800, 24588.00
233.3020, 24802.00
234.5230, 25003.00
235.7440, 25125.00
236.9650, 25286.00
238.1860, 25465.00
239.4070, 25498.00
240.6280, 25782.00
241.8480, 25812.00
243.0680, 25974.00
244.2880, 26179.00
245.5080, 26016.00
246.7280, 25710.00
247.9470, 25416.00
249.1660, 25512.00
250.3860, 25305.00
251.6040, 25032.00
252.8230, 25031.00
254.0420, 24940.00
255.2600, 24763.00
256.4790, 24942.00
257.6970, 25007.00
258.9150, 25247.00
260.1320, 25168.00
261.3500, 25008.00
262.5670, 25074.00
263.7840, 25013.00
265.0010, 25102.00
266.2180, 25202.00
267.4350, 25283.00
268.6510, 25358.00
269.8680, 25445.59
271.0840, 25367.00
272.3000, 25544.00
273.5160, 25330.00
274.7310, 25223.00
275.9470, 25421.00
277.1620, 25506.00
278.3770, 25627.00
279.5920, 25635.00
280.8070, 25548.00
282.0210, 25430.00
283.2360, 25517.00
284.4500, 25427.00
285.6640, 25569.00
286.8780, 25417.00
288.0920, 25470.00
289.3050, 25678.00
290.5180, 25534.00
291.7320, 25658.00
292.9450, 25558.00
294.1570, 25359.00
295.3700, 25597.00
296.5830, 25742.00
297.7950, 25678.00
299.0070, 25799.00
300.2190, 25781.00
301.4310, 25992.00
302.6420, 26037.00
303.8540, 26020.00
305.0650, 25911.00
306.2760, 25913.00
307.4870, 25874.00
308.6980, 25769.00
309.9080, 25852.00
311.1190, 26072.00
312.3290, 26107.00
313.5390, 26082.00
314.7490, 26593.00
315.9580, 26418.00
317.1680, 26921.00
318.3770, 26722.00
319.5860, 26768.00
320.7950, 26855.00
322.0040, 26827.00
323.2130, 26788.00
324.4210, 26929.00
325.6290, 27146.00
326.8380, 27100.00
328.0460, 27519.00
329.2530, 27432.00
330.4610, 27667.00
331.6680, 27750.00
332.8760, 28226.00
334.0830, 28545.00
335.2890, 28867.00
336.4960, 29221.00
337.7030, 29741.00
338.9090, 29779.00
340.1150, 30057.00
341.3210, 29860.00
342.5270, 30006.00
343.7330, 29652.00
344.9380, 29447.00
346.1440, 29024.00
347.3490, 28966.00
348.5540, 28732.00
349.7590, 28539.53
350.9630, 28444.00
352.1680, 28299.00
353.3720, 28079.00
354.5760, 28093.00
355.7800, 27856.00
356.9840, 28013.00
358.1870, 28227.00
359.3910, 28332.00
360.5940, 28678.00
361.7970, 28770.00
363.0000, 28936.00
364.2030, 29314.00
365.4050, 29710.00
366.6080, 29665.00
367.8100, 30021.00
369.0120, 30218.00
370.2140, 29704.00
371.4150, 29481.00
372.6170, 29522.00
373.8180, 28787.00
375.0190, 28450.00
376.2200, 28144.00
377.4210, 28053.00
378.6220, 28236.00
379.8220, 27856.00
381.0230, 28094.00
382.2230, 27960.00
383.4230, 27935.00
384.6220, 28016.00
385.8220, 28126.00
387.0220, 28152.00
388.2210, 27997.00
389.4200, 28162.00
390.6190, 28050.00
391.8180, 28266.00
393.0160, 28342.00
394.2150, 28372.00
395.4130, 28695.00
396.6110, 28692.00
397.8090, 28908.00
399.0060, 29181.00
400.2040, 29255.00
401.4010, 29673.00
402.5980, 29314.00
403.7950, 29449.00
404.9920, 29228.00
406.1890, 29445.00
407.3860, 29227.00
408.5820, 29239.00
409.7780, 29534.00
410.9740, 29097.00
412.1700, 29169.00
413.3650, 29218.00
414.5610, 29243.00
415.7560, 29280.60
416.9510, 29217.00
418.1460, 29324.00
419.3410, 29194.00
420.5360, 29212.00
421.7300, 29067.00
422.9240, 29178.00
424.1180, 29116.00
425.3120, 29336.00
426.5060, 29332.00
427.7000, 29553.00
428.8930, 29722.00
430.0860, 29464.00
431.2790, 29767.00
432.4720, 29810.00
433.6650, 29672.00
434.8580, 29396.00
436.0500, 29176.00
437.2420, 29162.00
438.4340, 28929.00
439.6260, 29049.00
440.8180, 28809.00
442.0090, 28865.00
443.2010, 29037.00
444.3920, 28937.00
445.5830, 28940.00
446.7740, 28911.00
447.9640, 29075.00
449.1550, 29056.00
450.3450, 28911.00
451.5350, 28979.00
452.7250, 28826.00
453.9150, 28871.00
455.1050, 28936.00
456.2940, 28961.00
457.4830, 28995.00
458.6720, 29102.00
459.8610, 28971.00
461.0500, 29046.00
462.2390, 29306.00
463.4270, 29226.00
464.6150, 29086.00
465.8040, 29194.00
466.9910, 29021.00
468.1790, 29303.00
469.3670, 29437.00
470.5540, 29420.00
471.7410, 29567.00
472.9280, 29303.00
474.1150, 29531.00
475.3020, 29443.00
476.4890, 29552.00
477.6750, 29624.00
478.8610, 29466.00
480.0470, 29772.00
481.2330, 29898.00
482.4190, 29851.00
483.6040, 29572.00
484.7900, 29722.00
485.9750, 29678.00
487.1600, 29767.00
488.3450, 29834.00
489.5290, 29983.00
490.7140, 29987.00
491.8980, 30072.19
493.0820, 30140.00
494.2660, 30127.00
495.4500, 30033.00
496.6340, 29948.00
497.8170, 29945.00
499.0010, 30290.00
500.1840, 30389.00
501.3670, 30300.00
502.5500, 30447.00
503.7320, 30418.00
504.9150, 30317.00
506.0970, 30550.00
507.2790, 30594.00
508.4610, 30427.00
509.6430, 30619.00
510.8250, 30932.00
512.0060, 30771.00
513.1870, 30762.00
514.3680, 31065.00
515.5490, 30991.00
516.7300, 31084.00
517.9110, 30858.00
519.0910, 30997.00
520.2710, 30844.00
521.4510, 30997.00
522.6310, 31030.00
523.8110, 31121.00
524.9910, 31069.00
526.1700, 31166.00
527.3490, 31351.00
528.5280, 31165.00
529.7070, 30865.00
530.8860, 30930.00
532.0650, 31056.00
533.2430, 31070.00
534.4210, 31045.00
535.5990, 31003.00
536.7770, 30810.00
537.9550, 30901.00
539.1320, 31124.00
540.3100, 30765.00
541.4870, 31217.00
542.6640, 31159.00
543.8410, 31120.00
545.0170, 31264.00
546.1940, 31176.00
547.3700, 31313.00
548.5470, 31298.00
549.7230, 31325.00
550.8980, 31551.00
552.0740, 31442.00
553.2500, 31544.00
554.4250, 31474.00
555.6000, 31348.00
556.7750, 31625.00
557.9500, 31599.00
559.1250, 31482.00
560.2990, 31380.00
561.4730, 31398.85
562.6480, 31509.00
563.8220, 31418.00
564.9950, 31497.00
566.1690, 31505.00
567.3430, 31419.00
568.5160, 31480.25
569.6890, 31506.00
570.8620, 31562.00
572.0350, 31702.00
573.2070, 31888.00
574.3800, 31703.00
575.5520, 31668.00
576.7240, 31937.00
577.8960, 31706.00
579.0680, 31880.00
580.2400, 31752.00
581.4110, 31987.00
582.5830, 31949.00
583.7540, 32054.00
584.9250, 31882.00
586.0950, 31975.00
587.2660, 32047.00
588.4370, 32311.00
589.6070, 32096.00
590.7770, 32201.00
591.9470, 32446.00
593.1170, 32292.00
594.2860, 32177.00
595.4560, 32313.00
596.6250, 32468.00
597.7940, 32404.00
598.9630, 32306.00
600.1320, 32442.00
601.3000, 32279.00
602.4690, 32435.00
603.6370, 32443.00
604.8050, 32582.00
605.9730, 32498.00
607.1410, 32635.00
608.3090, 32617.00
609.4760, 32634.00
610.6430, 32584.00
611.8100, 32652.61
612.9770, 32741.00
614.1440, 32770.00
615.3110, 32792.00
616.4770, 32833.00
617.6430, 32857.56
618.8090, 33112.00
619.9750, 32997.00
621.1410, 33186.00
622.3070, 33441.00
623.4720, 33123.00
624.6370, 33507.00
625.8020, 33588.00
626.9670, 33458.00
628.1320, 33441.00
629.2970, 33388.00
630.4610, 33192.00
631.6250, 33503.00
632.7890, 33578.00
633.9530, 33341.00
635.1170, 33434.00
636.2810, 33397.00
637.4440, 33751.00
638.6070, 33452.00
639.7700, 33656.00
640.9330, 33596.00
642.0960, 33736.00
643.2590, 33780.00
644.4210, 33731.00
645.5830, 34012.00
646.7450, 34034.00
647.9070, 34215.00
649.0690, 34247.26
650.2310, 34051.00
651.3920, 34298.00
652.5530, 34245.00
653.7140, 34348.00
654.8750, 34407.00
656.0360, 34559.00
657.1970, 34694.00
658.3570, 34800.00
659.5170, 35005.00
660.6770, 35089.65
661.8370, 35117.00
662.9970, 35324.00
664.1570, 35392.00
665.3160, 35541.00
666.4750, 35381.00
667.6340, 35526.00
668.7930, 35284.00
669.9520, 35291.00
671.1110, 35104.00
672.2690, 35204.00
673.4270, 35047.00
674.5850, 34996.00
675.7430, 34789.00
676.9010, 34990.00
678.0590, 35078.00
679.2160, 35320.00
680.3730, 35166.00
681.5300, 35493.00
682.6870, 35332.00
683.8440, 35457.00
685.0010, 35586.00
686.1570, 35847.00
687.3130, 35903.00
688.4690, 35910.28
689.6250, 35794.00
690.7810, 35754.00
691.9370, 35603.00
693.0920, 35425.00
694.2470, 35201.00
695.4020, 35218.00
696.5570, 35210.00
697.7120, 34844.00
698.8670, 35013.00
700.0210, 34964.00
701.1750, 34753.00
702.3290, 34935.00
703.4830, 34874.00
704.6370, 34805.00
705.7910, 35008.00
706.9440, 35079.00
708.0970, 34722.00
709.2510, 34850.00
710.4030, 35037.00
711.5560, 35187.00
712.7090, 35292.00
713.8610, 35301.21
715.0140, 35023.00
716.1660, 35206.00
717.3180, 35222.00
718.4690, 35136.00
719.6210, 35363.00
720.7730, 35256.00
721.9240, 35420.00
723.0750, 35418.00
724.2260, 35319.00
725.3770, 35487.00
726.5270, 35361.00
727.6780, 35589.00
728.8280, 35686.00
729.9780, 35625.00
731.1280, 35573.00
732.2780, 35733.00
733.4280, 35675.00
734.5770, 35717.00
735.7260, 35748.00
736.8760, 35682.00
738.0250, 35869.00
739.1730, 35512.00
740.3220, 36067.00
741.4700, 35751.00
742.6190, 35856.00
743.7670, 35849.00
744.9150, 35836.00
746.0630, 35948.00
747.2100, 35922.00
748.3580, 36074.00
749.5050, 36293.00
750.6520, 36080.00
751.7990, 36096.00
752.9460, 36308.00
754.0930, 36112.00
755.2390, 36402.00
756.3860, 36468.00
757.5320, 36293.00
758.6780, 36349.00
759.8240, 36410.00
760.9690, 36493.00
762.1150, 36585.00
763.2600, 36650.00
764.4060, 36465.00
765.5510, 36498.00
766.6950, 36712.00
767.8400, 36608.00
768.9850, 36739.00
770.1290, 36711.00
771.2730, 36801.00
772.4170, 36738.00
773.5610, 36767.00
774.7050, 36944.00
775.8480, 36814.00
776.9920, 37121.00
778.1350, 36848.00
779.2780, 36953.00
780.4210, 37151.00
781.5640, 36993.00
782.7060, 37101.00
783.8490, 37139.00
784.9910, 36997.00
786.1330, 37314.00
787.2750, 37329.00
788.4170, 37233.00
789.5580, 37200.00
790.7000, 37323.00
791.8410, 37303.00
792.9820, 37395.00
794.1230, 37531.00
795.2640, 37610.00
796.4040, 37698.00
797.5450, 37524.00
798.6850, 37645.00
799.8250, 37684.00
800.9650, 37836.00
802.1050, 37938.00
803.2450, 38270.00
804.3840, 37898.00
805.5230, 37806.00
806.6630, 38082.00
807.8020, 38242.00
808.9400, 38193.00
810.0790, 38289.00
811.2170, 38386.00
812.3560, 38471.00
813.4940, 38169.00
814.6320, 38584.00
815.7700, 38297.00
816.9070, 38591.00
818.0450, 38467.00
819.1820, 38180.00
820.3190, 38484.00
821.4560, 38239.00
822.5930, 38678.00
823.7300, 38435.00
824.8670, 38668.00
826.0030, 38589.00
827.1390, 38716.00
828.2750, 38595.00
829.4110, 38459.00
830.5470, 38785.00
831.6820, 38727.00
832.8180, 38848.00
833.9530, 38764.00
835.0880, 38755.00
836.2230, 38965.00
837.3580, 39091.00
838.4920, 39121.00
839.6270, 39137.00
840.7610, 39154.00
841.8950, 39139.00
843.0290, 39503.00
844.1630, 39538.00
845.2960, 39560.00
846.4300, 40163.00
847.5630, 39907.00
848.6960, 39982.00
849.8290, 40010.00
850.9620, 39906.00
852.0940, 40276.00
853.2270, 40340.00
854.3590, 40258.00
855.4910, 40366.00
856.6230, 40579.00
857.7550, 40289.00
858.8870, 40520.00
860.0180, 40290.00
861.1500, 40357.00
862.2810, 40275.00
863.4120, 40220.00
864.5430, 40190.13
865.6730, 40019.00
866.8040, 40116.00
867.9340, 40033.00
869.0640, 40105.00
870.1940, 39965.00
871.3240, 39778.00
872.4540, 40019.00
873.5830, 39795.00
874.7130, 39980.00
875.8420, 40156.00
876.9710, 39881.00
878.1000, 40174.00
879.2290, 40088.00
880.3570, 40072.00
881.4860, 40035.00
882.6140, 40050.00
883.7420, 40337.00
884.8700, 40386.00
885.9980, 40249.00
887.1250, 40269.00
888.2530, 40077.00
889.3800, 40446.00
890.5070, 40299.00
891.6340, 40412.00
892.7610, 40599.00
893.8880, 40486.00
895.0140, 40346.00
896.1400, 40590.00
897.2670, 40470.00
898.3930, 40586.00
899.5180, 40750.00
900.6440, 40705.00
901.7700, 40537.00
902.8950, 40706.00
904.0200, 40820.00
905.1450, 40795.00
906.2700, 40919.00
907.3950, 40955.30
908.5190, 40961.00
909.6440, 41079.00
910.7680, 41066.00
911.8920, 41160.67
913.0160, 41192.96
914.1400, 41128.00
915.2630, 41269.00
916.3870, 41144.00
917.5100, 41185.00
918.6330, 41471.00
919.7560, 41608.00
920.8790, 41685.88
922.0010, 41583.00
923.1240, 41837.00
924.2460, 41681.00
925.3680, 41726.00
926.4900, 42078.00
927.6120, 42469.00
928.7340, 42078.00
929.8550, 41820.00
930.9760, 42022.00
932.0980, 41783.00
933.2190, 41969.00
934.3390, 42239.00
935.4600, 41639.00
936.5810, 42268.00
937.7010, 42108.00
938.8210, 41868.00
939.9410, 42119.00
941.0610, 42035.00
942.1810, 41745.00
943.3010, 41888.00
944.4200, 42177.00
945.5390, 42092.00
946.6580, 42048.00
947.7770, 41888.00
948.8960, 42203.00
950.0150, 42203.00
951.1330, 42127.00
952.2510, 42114.00
953.3690, 41997.00
954.4870, 42093.40
955.6050, 42106.18
956.7230, 42268.00
957.8400, 42256.00
958.9580, 42311.00
960.0750, 42390.29
961.1920, 42598.00
962.3090, 42593.00
963.4250, 42730.00
964.5420, 42753.00
965.6580, 42724.00
966.7740, 42713.00
967.8900, 42598.00
969.0060, 42873.00
970.1220, 42801.00
971.2380, 42892.00
972.3530, 42792.00
973.4680, 42940.00
974.5830, 42971.00
975.6980, 43001.00
976.8130, 42894.00
977.9280, 43189.00
979.0420, 43229.00
980.1560, 43171.00
981.2710, 43020.00
982.3850, 43520.00
983.4980, 43552.00
984.6120, 43398.00
985.7260, 43614.00
986.8390, 43402.00
987.9520, 43341.00
989.0650, 43768.00
990.1780, 43593.00
991.2910, 43672.00
992.4030, 43888.00
993.5160, 43986.00
994.6280, 43969.00
995.7400, 44236.00
996.8520, 44250.00
997.9640, 44516.00
999.0750, 44623.00
1000.187, 44540.00
1001.298, 44951.00
1002.409, 44889.00
1003.520, 44987.00
1004.631, 45074.00
1005.741, 45215.23
1006.852, 45254.00
1007.962, 45671.00
1009.072, 45754.00
1010.182, 46109.00
1011.292, 46093.00
1012.402, 46165.00
1013.511, 46195.00
1014.621, 46110.00
1015.730, 46382.00
1016.839, 46637.00
1017.948, 46348.00
1019.056, 46875.00
1020.165, 46820.00
1021.273, 47309.00
1022.382, 47348.00
1023.490, 47542.00
1024.598, 48177.00
1025.706, 48969.00
1026.813, 49187.00
1027.921, 49666.00
1029.028, 50117.00
1030.135, 50338.00
1031.242, 50626.00
1032.349, 50842.00
1033.456, 50637.00
1034.562, 50865.00
1035.668, 50598.00
1036.775, 50407.00
1037.881, 49967.00
1038.987, 49537.04
1040.092, 48762.00
1041.198, 48348.00
1042.303, 47912.00
1043.408, 47036.00
1044.514, 46944.00
1045.618, 46396.00
1046.723, 46310.00
1047.828, 46379.00
1048.932, 46367.00
1050.037, 46108.00
1051.141, 46020.00
1052.245, 45985.00
1053.349, 46129.00
1054.452, 46223.00
1055.556, 46222.00
1056.659, 46049.00
1057.762, 45976.00
1058.865, 45800.00
1059.968, 45856.55
1061.071, 45885.22
1062.174, 46013.00
1063.276, 46067.00
1064.378, 46187.00
1065.480, 46213.00
1066.582, 46136.00
1067.684, 46172.00
1068.786, 46353.00
1069.887, 46210.00
1070.988, 46245.00
1072.090, 46553.00
1073.191, 46542.00
1074.291, 46428.00
1075.392, 46585.00
1076.493, 46575.00
1077.593, 46775.00
1078.693, 46632.00
1079.793, 46526.00
1080.893, 46617.00
1081.993, 46745.00
1083.092, 46747.00
1084.192, 46952.00
1085.291, 46858.00
1086.390, 46917.00
1087.489, 47104.00
1088.588, 46709.00
1089.686, 46915.00
1090.785, 47167.00
1091.883, 47029.00
1092.981, 47166.00
1094.079, 47368.00
1095.177, 47114.00
1096.275, 47268.00
1097.373, 47321.00
1098.470, 47115.00
1099.567, 47664.00
1100.664, 47506.00
1101.761, 47628.00
1102.858, 47645.00
1103.954, 47711.00
1105.051, 47720.00
1106.147, 48158.00
1107.243, 47888.00
1108.339, 48118.00
1109.435, 47955.00
1110.531, 48056.00
1111.626, 48125.00
1112.722, 48195.00
1113.817, 48102.00
1114.912, 48222.00
1116.007, 48362.00
1117.101, 48117.00
1118.196, 48189.00
1119.290, 48315.00
1120.385, 48342.00
1121.479, 48396.13
1122.573, 48467.00
1123.666, 48431.00
1124.760, 48424.00
1125.853, 48400.21
1126.947, 48374.00
1128.040, 48350.00
1129.133, 48278.00
1130.226, 48239.00
1131.318, 48300.44
1132.411, 48601.00
1133.503, 48425.00
1134.596, 48622.00
1135.688, 48642.00
1136.780, 48344.00
1137.871, 48689.00
1138.963, 48728.00
1140.054, 48601.00
1141.146, 48630.00
1142.237, 48916.00
1143.328, 48966.00
1144.419, 48960.00
1145.509, 48893.00
1146.600, 49072.00
1147.690, 48710.00
1148.780, 49065.00
1149.870, 49203.00
1150.960, 48899.00
1152.050, 49166.00
1153.139, 49214.00
1154.229, 49307.00
1155.318, 49372.00
1156.407, 49364.00
1157.496, 49272.00
1158.585, 49435.00
1159.674, 49300.00
1160.762, 49360.57
1161.850, 49554.00
1162.939, 49509.00
1164.027, 49516.00
1165.114, 49811.00
1166.202, 49991.00
1167.290, 49744.00
1168.377, 49833.00
1169.464, 49814.00
1170.551, 49843.00
1171.638, 50243.00
1172.725, 50047.00
1173.812, 50241.00
1174.898, 49926.00
1175.984, 50099.00
1177.071, 49774.00
1178.157, 50089.00
1179.242, 50581.00
1180.328, 50149.00
1181.414, 50712.00
1182.499, 50266.00
1183.584, 50605.00
1184.669, 50431.00
1185.754, 50393.00
1186.839, 50685.00
1187.924, 50616.00
1189.008, 50429.00
1190.092, 50697.00
1191.177, 50719.00
1192.260, 50855.00
1193.344, 50818.00
1194.428, 50827.00
1195.512, 50913.00
1196.595, 50763.00
1197.678, 50824.00
1198.761, 50825.46
1199.844, 50835.85
1200.927, 50863.00
1202.009, 50952.00
1203.092, 50971.00
1204.174, 51051.00
1205.256, 51193.00
1206.338, 51282.00
1207.420, 51170.00
1208.502, 51305.00
1209.583, 51580.00
1210.665, 51273.00
1211.746, 51496.00
1212.827, 51638.00
1213.908, 51449.00
1214.988, 51726.00
1216.069, 51856.00
1217.149, 51504.00
1218.230, 51657.00
1219.310, 51569.00
1220.390, 51698.00
1221.470, 51712.00
1222.549, 51966.00
1223.629, 51964.00
1224.708, 52005.00
1225.787, 52313.00
1226.866, 52449.00
1227.945, 52035.00
1229.024, 52306.00
1230.103, 52225.00
1231.181, 52374.00
1232.259, 52238.00
1233.337, 52432.00
1234.415, 52335.00
1235.493, 52652.00
1236.571, 52475.00
1237.648, 52748.00
1238.726, 52734.00
1239.803, 53024.00
1240.880, 52911.00
1241.957, 52549.00
1243.034, 52775.00
1244.110, 52873.00
1245.187, 53077.00
1246.263, 52859.00
1247.339, 52828.00
1248.415, 53143.00
1249.491, 53184.00
1250.566, 53395.00
##END=



