##NAMES=Covellite
##RRUFFID=R060306
##IDEAL CHEMISTRY=Cu^1+^S
##LOCALITY=3800' level, Leonard mine, Butte, Silver Bow County, Montana, USA
##OWNER=RRUFF
##SOURCE=Michael Scott
##DESCRIPTION=Blue iridescent metallic hexagonal plates
##STATUS=The identification of this mineral has been confirmed by X-ray diffraction and chemical analysis
##URL=rruff.info/R060306
##MEASURED CHEMISTRY=Cu_1.00_S_1.00_
##PIN_ID=M00422
##ORIENTATION=Laser parallel to -c* (0 0 -1). Fiducial mark perpendicular to laser is parallel to a [1 0 0]
92.24600, 0.0000000E+00
93.48000, 1.655273
94.71400, 1.505859
95.94800, 112.9707
97.18200, 22.49609
98.41600, 18.41211
99.64900, 532.1865
100.8830, 614.4932
102.1160, 691.9307
103.3490, 734.3594
104.5820, 1365.604
105.8150, 2229.619
107.0470, 3646.571
108.2800, 6888.042
109.5120, 8517.224
110.7440, 5574.307
111.9760, 3660.049
113.2080, 3729.838
114.4400, 3987.007
115.6710, 4427.076
116.9030, 4023.707
118.1340, 3519.652
119.3650, 2662.738
120.5960, 2105.837
121.8270, 1877.021
123.0580, 1747.061
124.2880, 1595.861
125.5190, 1808.438
126.7490, 1792.511
127.9790, 1942.062
129.2090, 2444.219
130.4390, 2687.847
131.6680, 3099.398
132.8980, 3660.464
134.1270, 4183.936
135.3560, 5046.965
136.5850, 6150.689
137.8140, 7491.226
139.0430, 8443.679
140.2710, 8945.136
141.5000, 7991.687
142.7280, 6680.412
143.9560, 5682.387
145.1840, 4587.664
146.4120, 3768.303
147.6390, 3183.335
148.8670, 2519.832
150.0940, 2073.861
151.3210, 1729.964
152.5490, 1999.318
153.7750, 1330.526
155.0020, 1199.556
156.2290, 1212.608
157.4550, 909.3936
158.6810, 835.0312
159.9080, 804.3643
161.1340, 666.6641
162.3590, 812.5410
163.5850, 949.9121
164.8110, 1140.140
166.0360, 1155.756
167.2610, 1025.273
168.4860, 939.1426
169.7110, 909.7539
170.9360, 851.1934
172.1610, 819.9404
173.3850, 816.8779
174.6100, 794.9160
175.8340, 815.1064
177.0580, 813.4434
178.2820, 871.9160
179.5050, 745.5166
180.7290, 846.2363
181.9520, 813.0664
183.1760, 756.9990
184.3990, 859.0244
185.6220, 890.1299
186.8450, 1100.309
188.0670, 1115.554
189.2900, 1187.929
190.5120, 1214.506
191.7340, 1322.898
192.9560, 1398.101
194.1780, 1574.939
195.4000, 1608.995
196.6220, 1610.923
197.8430, 1554.173
199.0640, 1541.574
200.2860, 1660.321
201.5070, 1939.313
202.7270, 1915.820
203.9480, 1537.776
205.1690, 873.2256
206.3890, 412.5029
207.6090, 226.1152
208.8290, 178.2451
210.0490, 135.4082
211.2690, 134.1484
212.4890, 51.22754
213.7080, 52.49805
214.9280, 9.130859
216.1470, 0.7343750
217.3660, 30.31543
218.5850, 106.3936
219.8030, 65.50000
221.0220, 39.63379
222.2400, 122.7949
223.4590, 63.98340
224.6770, 8.215820
225.8950, 21.50879
227.1120, 241.9004
228.3300, 210.4316
229.5480, 188.1758
230.7650, 114.1123
231.9820, 101.2334
233.1990, 184.5381
234.4160, 47.16895
235.6330, 142.0264
236.8490, 165.1006
238.0660, 12.62402
239.2820, 102.3066
240.4980, 58.07422
241.7140, 123.0752
242.9300, 86.73242
244.1460, 33.11914
245.3610, 97.47949
246.5770, 36.51758
247.7920, 0.5537110
249.0070, 20.58301
250.2220, 159.9297
251.4370, 177.1973
252.6510, 365.4971
253.8660, 586.8145
255.0800, 770.1387
256.2940, 837.8066
257.5080, 985.5049
258.7220, 1107.253
259.9360, 1204.438
261.1490, 1203.521
262.3630, 1329.138
263.5760, 1403.920
264.7890, 1400.541
266.0020, 1406.471
267.2150, 1344.338
268.4270, 1212.143
269.6400, 1153.881
270.8520, 1037.542
272.0640, 961.1123
273.2760, 827.5801
274.4880, 778.0869
275.7000, 649.1680
276.9120, 672.2773
278.1230, 599.2627
279.3340, 549.1309
280.5450, 436.8887
281.7560, 470.5430
282.9670, 307.0986
284.1780, 294.5625
285.3880, 387.9365
286.5980, 314.2275
287.8090, 239.4395
289.0190, 348.5742
290.2290, 415.6367
291.4380, 159.6279
292.6480, 367.5498
293.8570, 222.4082
295.0670, 336.2051
296.2760, 266.9365
297.4850, 205.5869
298.6930, 280.1299
299.9020, 213.5273
301.1110, 245.7373
302.3190, 189.6855
303.5270, 251.3896
304.7350, 149.9111
305.9430, 291.1543
307.1510, 229.0566
308.3580, 298.7324
309.5660, 176.1855
310.7730, 236.3848
311.9800, 117.4580
313.1870, 133.3594
314.3940, 114.1270
315.6010, 159.7568
316.8070, 142.3301
318.0130, 251.8975
319.2200, 256.4688
320.4260, 210.0420
321.6310, 204.6182
322.8370, 84.19434
324.0430, 270.7686
325.2480, 230.3428
326.4540, 238.9170
327.6590, 151.4902
328.8640, 177.0615
330.0680, 230.6309
331.2730, 261.2002
332.4780, 201.7676
333.6820, 353.3320
334.8860, 210.8955
336.0900, 125.4541
337.2940, 322.0088
338.4980, 260.5566
339.7010, 316.1016
340.9050, 313.6396
342.1080, 280.7715
343.3110, 265.7031
344.5140, 293.2256
345.7170, 207.7432
346.9200, 349.2578
348.1220, 300.7637
349.3240, 338.2607
350.5270, 264.7520
351.7290, 272.2402
352.9310, 355.2979
354.1320, 178.9941
355.3340, 386.1973
356.5350, 399.4131
357.7370, 215.5420
358.9380, 349.7881
360.1390, 319.0137
361.3400, 480.8057
362.5400, 430.6514
363.7410, 380.9619
364.9410, 338.8428
366.1410, 316.8965
367.3410, 310.8818
368.5410, 267.1084
369.7410, 286.9189
370.9400, 242.9805
372.1400, 318.2959
373.3390, 240.6748
374.5380, 288.5459
375.7370, 339.1660
376.9360, 231.6973
378.1350, 209.1094
379.3330, 277.2617
380.5310, 224.5840
381.7300, 192.5889
382.9280, 316.8477
384.1260, 144.9717
385.3230, 290.9229
386.5210, 171.8223
387.7180, 268.0195
388.9160, 210.5918
390.1130, 240.1426
391.3100, 324.5176
392.5060, 232.2158
393.7030, 248.0342
394.9000, 230.1484
396.0960, 276.3223
397.2920, 185.8623
398.4880, 281.3926
399.6840, 246.9229
400.8800, 323.4434
402.0750, 268.9551
403.2710, 263.4668
404.4660, 369.9893
405.6610, 264.5020
406.8560, 199.0059
408.0510, 122.5322
409.2450, 236.0771
410.4400, 274.6318
411.6340, 133.1963
412.8280, 15.75586
414.0220, 29.30664
415.2160, 132.8701
416.4100, 34.43066
417.6030, 135.0078
418.7970, 127.5869
419.9900, 69.16113
421.1830, 37.75195
422.3760, 101.3672
423.5690, 81.99316
424.7610, 92.20996
425.9540, 98.25977
427.1460, 106.9062
428.3380, 156.5518
429.5300, 180.2285
430.7220, 174.9414
431.9140, 281.4854
433.1050, 218.2324
434.2970, 69.00977
435.4880, 452.2676
436.6790, 411.0859
437.8700, 235.6641
439.0610, 510.5107
440.2510, 543.2969
441.4420, 595.8320
442.6320, 704.6875
443.8220, 871.2715
445.0120, 985.0000
446.2020, 1257.505
447.3910, 1531.290
448.5810, 1652.666
449.7700, 2123.587
450.9600, 2353.331
452.1490, 2864.276
453.3370, 3111.844
454.5260, 3739.689
455.7150, 4369.995
456.9030, 5016.464
458.0910, 5704.820
459.2800, 6671.459
460.4670, 7567.055
461.6550, 8638.129
462.8430, 10230.22
464.0300, 12044.19
465.2180, 14650.17
466.4050, 18615.56
467.5920, 23937.73
468.7790, 31139.91
469.9650, 39808.10
471.1520, 48799.01
472.3380, 54784.05
473.5250, 54995.61
474.7110, 48688.85
475.8970, 39689.11
477.0820, 30725.41
478.2680, 23229.73
479.4540, 17874.74
480.6390, 13912.10
481.8240, 11060.48
483.0090, 8767.876
484.1940, 7342.291
485.3780, 5856.727
486.5630, 5135.281
487.7470, 4345.752
488.9320, 3867.241
490.1160, 3395.748
491.3000, 2911.276
492.4830, 2650.821
493.6670, 2332.386
494.8500, 2078.969
496.0340, 1882.571
497.2170, 1800.195
498.4000, 1500.844
499.5820, 1637.520
500.7650, 1410.228
501.9480, 1289.970
503.1300, 1404.753
504.3120, 1152.582
505.4940, 1092.464
506.6760, 1027.416
507.8580, 1096.431
509.0390, 1168.497
510.2210, 1070.479
511.4020, 920.8428
512.5830, 965.0898
513.7640, 982.3857
514.9450, 1025.786
516.1250, 975.2812
517.3060, 1053.883
518.4860, 1063.579
519.6660, 1132.344
520.8460, 900.1973
522.0260, 973.0996
523.2060, 868.0781
524.3850, 712.1367
525.5650, 922.2305
526.7440, 806.3965
527.9230, 651.6143
529.1020, 743.8994
530.2810, 904.2441
531.4590, 822.9111
532.6380, 793.3604
533.8160, 646.8564
534.9940, 676.6064
536.1720, 858.5020
537.3500, 729.0820
538.5270, 777.6787
539.7050, 888.2930
540.8820, 775.8340
542.0590, 833.5439
543.2360, 733.2080
544.4130, 715.2822
545.5900, 709.9629
546.7660, 666.8066
547.9430, 694.4375
549.1190, 623.9834
550.2950, 723.9170
551.4710, 671.5264
552.6470, 650.8682
553.8220, 738.3730
554.9980, 598.2070
556.1730, 565.9141
557.3480, 591.7578
558.5230, 537.2676
559.6980, 620.3516
560.8730, 576.2588
562.0470, 554.9990
563.2220, 570.0244
564.3960, 534.6914
565.5700, 400.7266
566.7440, 476.6123
567.9170, 428.3193
569.0910, 419.6152
570.2640, 475.3447
571.4380, 409.9551
572.6110, 491.4268
573.7840, 409.5215
574.9570, 341.8125
576.1290, 351.5723
577.3020, 311.4316
578.4740, 392.9766
579.6460, 247.1152
580.8180, 255.7695
581.9900, 116.9258
583.1620, 71.20410
584.3330, 297.3799
585.5040, 59.56348
586.6760, 147.7568
587.8470, 186.6367
589.0180, 142.9121
590.1880, 151.1357
591.3590, 83.36523
592.5290, 96.60352
593.7000, 99.84863
594.8700, 115.1035
596.0400, 182.3662
597.2090, 154.6396
598.3790, 279.9238
599.5490, 127.2148
600.7180, 128.5146
601.8870, 155.8223
603.0560, 63.13477
604.2250, 137.4541
605.3940, 236.7783
606.5620, 157.1084
607.7300, 155.4668
608.8990, 169.8301
610.0670, 105.1992
611.2350, 201.5713
612.4020, 87.94922
613.5700, 23.66797
614.7370, 6.715820
615.9050, 170.1035
617.0720, 72.49512
618.2390, 77.89062
619.4060, 156.2881
620.5720, 88.69043
621.7390, 71.09570
622.9050, 125.5039
624.0710, 117.9141
625.2370, 124.3271
626.4030, 9.257813
627.5690, 188.1572
628.7340, 100.5859
629.9000, 189.1016
631.0650, 226.8574
632.2300, 78.27832
633.3950, 123.7012
634.5600, 86.12500
635.7240, 128.5498
636.8890, 55.97363
638.0530, 124.3994
639.2170, 53.96875
640.3810, 85.60449
641.5450, 87.81836
642.7080, 145.2422
643.8720, 137.7793
645.0350, 196.2021
646.1980, 183.6221
647.3610, 91.10254
648.5240, 102.5195
649.6870, 44.93359
650.8490, 41.84570
652.0120, 32.25293
653.1740, 77.65723
654.3360, 49.03906
655.4980, 58.22656
656.6600, 64.13086
657.8210, 68.85059
658.9830, 155.2285
660.1440, 184.8613
661.3050, 131.2246
662.4660, 49.58008
663.6270, 65.92773
664.7870, 70.52930
665.9480, 36.68652
667.1080, 107.0059
668.2680, 55.16016
669.4280, 130.6191
670.5880, 6.088867
671.7480, 50.18750
672.9070, 15.45312
674.0670, 62.29199
675.2260, 7.207031
676.3850, 26.21582
677.5440, 35.40332
678.7030, 51.57617
679.8610, 31.26074
681.0200, 7.870117
682.1780, 89.98730
683.3360, 35.90723
684.4940, 60.04492
685.6520, 23.97656
686.8090, 68.98242
687.9670, 102.0244
689.1240, 91.10352
690.2810, 51.96387
691.4380, 56.15918
692.5950, 22.95996
693.7520, 87.69922
694.9080, 48.86035
696.0650, 2.185547
697.2210, 59.53516
698.3770, 3.940430
699.5330, 114.6270
700.6880, 58.66113
701.8440, 78.16602
702.9990, 23.74023
704.1550, 57.36230
705.3100, 54.26758
706.4650, 17.04199
707.6190, 35.37500
708.7740, 83.35449
709.9290, 109.1611
711.0830, 90.24512
712.2370, 75.21191
713.3910, 69.78320
714.5450, 12.84961
715.6980, 66.95703
716.8520, 50.49023
718.0050, 86.62598
719.1580, 8.630859
720.3110, 100.0723
721.4640, 55.75781
722.6170, 265.4258
723.7700, 111.0742
724.9220, 109.7070
726.0740, 7.321289
727.2260, 71.33301
728.3780, 98.06152
729.5300, 227.6055
730.6810, 193.1914
731.8330, 120.6992
732.9840, 271.1885
734.1350, 215.1465
735.2860, 247.4570
736.4370, 274.2109
737.5880, 305.6270
738.7380, 231.0254
739.8880, 313.4053
741.0390, 233.7656
742.1890, 241.9873
743.3380, 194.4307
744.4880, 248.7354
745.6380, 242.5762
746.7870, 297.8428
747.9360, 208.0908
749.0850, 254.3193
750.2340, 333.5273
751.3830, 256.7178
752.5310, 230.6006
753.6800, 325.7529
754.8280, 169.8838
755.9760, 212.9961
757.1240, 223.0889
758.2720, 143.1621
759.4190, 231.2168
760.5670, 354.2510
761.7140, 260.2676
762.8610, 174.2617
764.0080, 342.2373
765.1550, 194.0928
766.3020, 100.0283
767.4480, 79.94629
768.5950, 58.84277
769.7410, 134.7168
770.8870, 182.5703
772.0330, 110.4053
773.1780, 255.2207
774.3240, 131.0166
775.4690, 133.7920
776.6140, 69.54980
777.7590, 229.2852
778.9040, 198.0000
780.0490, 213.6982
781.1940, 75.37500
782.3380, 174.0322
783.4820, 138.6699
784.6260, 87.28809
785.7700, 162.8877
786.9140, 159.4658
788.0580, 54.02539
789.2010, 124.5615
790.3450, 224.0781
791.4880, 151.5752
792.6310, 138.0518
793.7730, 5.488281
794.9160, 54.07715
796.0590, 130.2598
797.2010, 62.57812
798.3430, 279.8740
799.4850, 132.1514
800.6270, 171.4111
801.7690, 61.65234
802.9100, 18.87109
804.0520, 170.0557
805.1930, 105.2227
806.3340, 116.3691
807.4750, 213.5000
808.6160, 96.33398
809.7560, 181.4287
810.8970, 120.5059
812.0370, 65.03516
813.1770, 123.0508
814.3170, 91.07422
815.4570, 173.0801
816.5960, 115.0693
817.7360, 99.13086
818.8750, 248.0234
820.0140, 92.96191
821.1530, 32.48926
822.2920, 94.40625
823.4310, 129.2588
824.5690, 196.1240
825.7070, 94.17578
826.8460, 7.161133
827.9840, 245.8164
829.1220, 24.46094
830.2590, 178.1416
831.3970, 14.89258
832.5340, 162.7656
833.6710, 128.5029
834.8080, 62.57617
835.9450, 68.07520
837.0820, 32.24805
838.2190, 176.5811
839.3550, 48.12598
840.4910, 79.96973
841.6270, 166.5420
842.7630, 131.2061
843.8990, 24.84375
845.0350, 174.5010
846.1700, 254.1025
847.3060, 81.03320
848.4410, 4.895508
849.5760, 83.55273
850.7100, 138.8057
851.8450, 54.59180
852.9800, 50.93945
854.1140, 95.28418
855.2480, 70.69727
856.3820, 67.59766
857.5160, 120.9951
858.6500, 34.27441
859.7830, 119.6592
860.9170, 58.03711
862.0500, 96.40918
863.1830, 17.90430
864.3160, 9.251953
865.4480, 84.73438
866.5810, 3.925781
867.7130, 25.40918
868.8460, 118.7363
869.9780, 20.94043
871.1100, 10.62793
872.2410, 30.67871
873.3730, 102.9785
874.5050, 153.2754
875.6360, 136.5664
876.7670, 172.5215
877.8980, 45.13379
879.0290, 113.4111
880.1590, 68.68457
881.2900, 100.0459
882.4200, 160.1787
883.5500, 170.4014
884.6800, 154.6201
885.8100, 110.8340
886.9400, 192.0459
888.0690, 40.25391
889.1990, 256.4629
890.3280, 107.6680
891.4570, 142.8701
892.5860, 149.0703
893.7140, 59.26758
894.8430, 88.46387
895.9710, 237.6572
897.1000, 219.8486
898.2280, 339.0400
899.3560, 329.2295
900.4830, 363.4180
901.6110, 406.6045
902.7380, 305.7783
903.8660, 488.8682
904.9930, 407.7363
906.1200, 538.9395
907.2460, 676.1416
908.3730, 633.3447
909.5000, 647.5469
910.6260, 775.7764
911.7520, 721.0049
912.8780, 716.0898
914.0040, 874.3193
915.1290, 990.5498
916.2550, 967.7803
917.3800, 1154.898
918.5050, 1038.131
919.6300, 1209.365
920.7550, 1349.539
921.8800, 1393.775
923.0040, 1347.021
924.1290, 1398.767
925.2530, 1367.017
926.3770, 1383.269
927.5010, 1357.522
928.6250, 1366.791
929.7480, 1365.772
930.8720, 1042.721
931.9950, 923.0088
933.1180, 911.0400
934.2410, 828.3682
935.3640, 685.7197
936.4860, 520.0967
937.6090, 521.2148
938.7310, 509.7734
939.8530, 566.1729
940.9750, 443.5752
942.0970, 423.9844
943.2180, 526.3975
944.3400, 378.8174
945.4610, 382.2422
946.5820, 304.6729
947.7030, 305.0244
948.8240, 314.4814
949.9450, 284.9443
951.0650, 334.4131
952.1860, 357.8867
953.3060, 324.3770
954.4260, 148.8750
955.5460, 302.3809
956.6650, 217.1104
957.7850, 256.6582
958.9040, 287.2119
960.0230, 148.7725
961.1420, 190.3701
962.2610, 167.7217
963.3800, 181.3838
964.4990, 329.7100
965.6170, 69.40820
966.7350, 366.3984
967.8530, 253.1299
968.9710, 353.8750
970.0890, 183.6475
971.2070, 518.4346
972.3240, 366.9707
973.4410, 310.8955
974.5580, 301.7568
975.6750, 205.9209
976.7920, 239.8115
977.9090, 236.7334
979.0250, 368.6230
980.1410, 246.5674
981.2580, 400.5508
982.3740, 313.5811
983.4890, 355.4053
984.6050, 317.4863
985.7200, 289.6074
986.8360, 322.7598
987.9510, 384.9492
989.0660, 344.1699
990.1810, 296.4023
991.2950, 257.6553
992.4100, 483.9199
993.5240, 235.1953
994.6390, 414.4805
995.7530, 495.7773
996.8660, 371.0830
997.9800, 412.9766
999.0940, 339.1465
1000.207, 436.4922
1001.320, 432.7900
1002.433, 396.1592
1003.546, 510.5381
1004.659, 406.4424
1005.772, 347.6660
1006.884, 329.0781
1007.996, 407.5010
1009.108, 373.9355
1010.220, 385.3809
1011.332, 350.8379
1012.444, 387.3271
1013.555, 331.8271
1014.666, 352.3398
1015.777, 429.3076
1016.888, 323.8428
1017.999, 302.3896
1019.110, 276.9648
1020.220, 426.5527
1021.331, 277.1523
1022.441, 396.7627
1023.551, 392.3877
1024.661, 398.0254
1025.770, 393.6855
1026.880, 370.3584
1027.989, 328.0449
1029.098, 304.7422
1030.207, 305.4512
1031.316, 290.3428
1032.425, 332.9082
1033.533, 288.6543
1034.642, 301.4131
1035.750, 292.9824
1036.858, 408.9854
1037.966, 337.2021
1039.073, 335.0117
1040.181, 415.8340
1041.288, 365.7676
1042.396, 332.5117
1043.503, 361.4844
1044.610, 280.3535
1045.716, 249.2354
1046.823, 469.1279
1047.929, 463.0342
1049.036, 566.9561
1050.142, 578.4922
1051.248, 462.8398
1052.353, 534.7998
1053.459, 396.7705
1054.564, 360.7529
1055.670, 359.3105
1056.775, 317.4072
1057.880, 308.8389
1058.985, 343.3711
1060.089, 309.4150
1061.194, 362.4854
1062.298, 423.5527
1063.402, 406.7305
1064.506, 385.8633
1065.610, 241.4746
1066.713, 356.0986
1067.817, 405.3848
1068.920, 334.5586
1070.023, 474.7471
1071.126, 448.9492
1072.229, 408.2568
1073.332, 474.4863
1074.435, 317.7266
1075.537, 320.9766
1076.639, 470.2373
1077.741, 430.5068
1078.843, 366.7871
1079.945, 414.0781
1081.046, 367.5986
1082.148, 417.6904
1083.249, 352.0107
1084.350, 477.3408
1085.451, 495.7598
1086.551, 420.1094
1087.652, 494.7490
1088.752, 353.1182
1089.853, 380.5020
1090.953, 307.8945
1092.053, 357.2959
1093.152, 404.7070
1094.252, 392.3027
1095.351, 312.7422
1096.451, 307.2754
1097.550, 505.2441
1098.649, 262.7139
1099.748, 292.1943
1100.846, 394.6826
1101.945, 214.1797
1103.043, 237.7480
1104.141, 332.2627
1105.239, 259.7988
1106.337, 397.3438
1107.434, 296.8955
1108.532, 196.4805
1109.629, 342.0732
1110.726, 342.6748
1111.823, 306.6807
1112.920, 597.9160
1114.017, 336.5488
1115.113, 431.3037
1116.210, 651.9512
1117.306, 600.7061
1118.402, 835.6670
1119.498, 998.3350
1120.593, 1290.008
1121.689, 1248.769
1122.784, 1044.373
1123.879, 1127.177
1124.974, 1019.874
1126.069, 875.5771
1127.164, 787.2852
1128.259, 697.0000
1129.353, 534.7197
1130.447, 433.4873
1131.541, 495.1816
1132.635, 235.9209
1133.729, 250.6670
1134.822, 297.4170
1135.916, 174.1729
1137.009, 302.9375
1138.102, 119.7070
1139.195, 105.4824
1140.288, 119.2617
1141.380, 192.0469
1142.473, 255.8369
1143.565, 197.5176
1144.657, 143.3154
1145.749, 148.1191
1146.841, 22.92676
1147.932, 84.75879
1149.024, 50.59570
1150.115, 154.4111
1151.206, 137.2539
1152.297, 98.10156
1153.388, 17.95312
1154.479, 17.00293
1155.569, 53.86133
1156.659, 57.29785
1157.750, 55.47754
1158.839, 79.34570
1159.929, 73.21680
1161.019, 74.64941
1162.108, 198.9678
1163.198, 49.84766
1164.287, 116.7305
1165.376, 73.61523
1166.465, 0.1171880
1167.553, 62.39160
1168.642, 85.71582
1169.730, 32.13965
1170.818, 78.99805
1171.906, 159.8584
1172.994, 100.7227
1174.082, 110.4131
1175.170, 8.418945
1176.257, 15.25293
1177.344, 53.08984
1178.431, 80.92676
1179.518, 65.12891
1180.605, 42.97070
1181.691, 177.8115
1182.778, 44.65527
1183.864, 113.5010
1184.950, 18.34766
1186.036, 31.80469
1187.122, 166.0303
1188.207, 45.87695
1189.292, 39.72461
1190.378, 18.57422
1191.463, 53.57617
1192.548, 118.2480
1193.632, 37.92676
1194.717, 19.87988
1195.801, 8.314453
1196.886, 122.5127
1197.970, 68.77539
1199.054, 82.37402
1200.137, 145.5840
1201.221, 32.24219
1202.305, 35.09961
1203.388, 119.5400
1204.471, 50.17773
1205.554, 83.81641
1206.637, 47.45410
1207.719, 91.09180
1208.802, 36.72949
1209.884, 60.36523
1210.966, 131.0020
1212.048, 31.63574
1213.130, 37.27051
1214.212, 42.90625
1215.293, 3.539063
1216.374, 127.1719
1217.456, 0.1982420
1218.536, 187.4268
1219.617, 16.05957
1220.698, 96.69141
1221.778, 35.32227
1222.859, 133.9521
1223.939, 14.42090
1225.019, 190.1953
1226.099, 4.189453
1227.178, 12.41602
1228.258, 153.0215
1229.337, 154.6260
1230.417, 118.2275
1231.496, 94.82910
1232.574, 8.433594
1233.653, 65.03320
1234.732, 40.63281
1235.810, 85.23047
1236.888, 81.80664
1237.966, 144.4189
1239.044, 100.0117
1240.122, 73.60449
1241.199, 129.1934
1242.277, 169.7793
1243.354, 44.36426
1244.431, 9.946289
1245.508, 159.5234
1246.585, 11.09961
1247.661, 26.32910
1248.738, 183.2188
1249.814, 21.76465
1250.890, 171.3066
1251.966, 102.8457
1253.042, 12.38184
1254.117, 150.9150
1255.193, 231.4492
1256.268, 46.98730
1257.343, 145.5225
1258.418, 132.0557
1259.493, 115.5869
1260.567, 39.11523
1261.642, 25.63965
1262.716, 169.1611
1263.790, 82.67871
1264.864, 140.1934
1265.938, 176.7051
1267.011, 95.21289
1268.085, 103.7178
1269.158, 128.2188
1270.231, 48.71777
1271.304, 77.21094
1272.377, 62.29785
1273.450, 56.14746
1274.522, 92.58887
1275.594, 193.0264
1276.666, 70.45898
1277.738, 124.8887
1278.810, 46.68555
1279.882, 29.70215
1280.953, 156.0850
1282.025, 173.4648
1283.096, 18.83984
1284.167, 93.20898
1285.238, 23.42773
1286.308, 15.97852
1287.379, 51.30859
1288.449, 83.63574
1289.519, 102.9082
1290.589, 33.27637
1291.659, 163.5908
1292.729, 143.8994
1293.798, 237.9180
1294.868, 111.5381
1295.937, 278.8145
1297.006, 265.1055
1298.075, 108.9707
1299.143, 238.3486
1300.212, 35.71973
1301.280, 146.9932
1302.348, 205.3330
1303.416, 49.74023
1304.484, 306.0000
1305.552, 139.2559
1306.620, 187.5068
1307.687, 5.246094
1308.754, 173.9834
1309.821, 114.2090
1310.888, 203.6162
1311.955, 129.8330
1313.021, 113.0498
1314.088, 293.2627
1315.154, 227.9092
1316.220, 65.80371
1317.286, 203.0049
1318.352, 261.3848
1319.417, 134.5752
1320.483, 94.75000
1321.548, 143.9316
1322.613, 239.0234
1323.678, 254.1943
1324.743, 300.8955
1325.807, 101.5928
1326.872, 95.63672
1327.936, 237.8018
1329.000, 85.95898
1330.064, 227.1133
1331.128, 135.1768
1332.191, 171.3271
1333.255, 177.4746
1334.318, 69.62109
1335.381, 120.7646
1336.444, 222.9053
1337.507, 150.0439
1338.569, 142.1797
1339.632, 249.3145
1340.694, 151.4453
1341.756, 269.7783
1342.818, 151.9570
1343.880, 138.7549
1344.941, 297.1270
1346.003, 72.99609
1347.064, 149.9893
1348.125, 180.1055
1349.186, 173.2197
1350.247, 52.33008
1351.308, 207.5039
1352.368, 142.5303
1353.428, 118.6348
1354.489, 212.1436
1355.549, 169.2441
1356.608, 209.3428
1357.668, 189.4385
1358.727, 200.5332
1359.787, 170.9229
1360.846, 178.8408
1361.905, 155.0381
1362.964, 176.1240
1364.022, 255.2080
1365.081, 244.2900
1366.139, 194.7559
1367.197, 136.9180
1368.255, 213.9951
1369.313, 151.0703
1370.371, 162.3926
1371.428, 92.46582
1372.486, 136.4219
1373.543, 273.4922
1374.600, 216.4629
1375.657, 157.2314
1376.713, 231.2656
1377.770, 192.4092
1378.826, 241.3311
1379.882, 229.3623
1380.938, 223.2783
1381.994, 269.4424
1383.050, 244.8887
1384.106, 50.96484
1385.161, 167.0762
1386.216, 146.9756
1387.271, 214.6045
1388.326, 239.6016
1389.381, 159.5986
1390.435, 133.5938
1391.490, 149.5879
1392.544, 84.58203
1393.598, 69.57520
1394.652, 70.66602
1395.705, 91.56543
1396.759, 82.54395
1397.812, 163.5303
1398.866, 197.4951
1399.919, 175.5732
1400.972, 165.5713
1402.024, 135.5312
1403.077, 113.4893
1404.129, 175.4482
1405.181, 66.38867
1406.233, 115.3535
1407.285, 283.2930
1408.337, 223.2227
1409.389, 117.1514
1410.440, 213.8799
1411.491, 182.8027
1412.542, 18.14941
1413.593, 53.75293
1414.644, 74.92969
1415.695, 175.8281
1416.745, 104.7012
1417.795, 356.5596
1418.845, 146.4141
1419.895, 27.26758
1420.945, 38.12012
1421.995, 220.0215
1423.044, 187.8672
1424.093, 116.7100
1425.142, 13.56836
1426.191, 14.42383
1427.240, 132.2764
1428.289, 20.12500
1429.337, 65.02832
1430.385, 86.82422
1431.433, 51.67285
1432.481, 123.5029
1433.529, 144.3506
1434.577, 171.8291
1435.624, 182.6670
1436.672, 2.505859
1437.719, 188.3477
1438.766, 58.49023
1439.812, 327.3438
1440.859, 113.1973
1441.905, 39.93750
1442.952, 39.92578
1443.998, 4.759766
1445.044, 61.45996
1446.090, 43.49512
1447.135, 165.0771
1448.181, 45.18555
1449.226, 218.1777
1450.271, 148.2021
1451.316, 256.3154
1452.361, 48.44922
1453.405, 97.56152
1454.450, 65.74902
1455.494, 77.89648
1456.538, 71.04199
1457.582, 88.18750
1458.626, 206.3281
1459.670, 116.4688
1460.713, 160.6035
1461.757, 111.7275
1462.800, 103.2285
1463.843, 115.9805
1464.886, 81.11816
1465.928, 48.25488
1466.971, 8.383789
1468.013, 36.50488
1469.055, 135.6260
1470.097, 289.7432
1471.139, 42.85840
1472.181, 25.02930
1473.222, 124.0811
1474.263, 193.1934
1475.305, 139.3291
1476.346, 36.46582
1477.386, 29.60449
1478.427, 132.7236
1479.468, 138.8311
1480.508, 164.9346
1481.548, 223.0391
1482.588, 82.14355
1483.628, 140.2480
1484.668, 14.64648
1485.707, 91.45996
1486.747, 258.5967
1487.786, 76.76758
1488.825, 128.9404
1489.864, 132.1426
1490.902, 1.376953
1491.941, 38.61719
1492.979, 62.77832
1494.017, 68.07129
1495.055, 13.37109
1496.093, 210.6816
1497.131, 124.9443
1498.168, 199.2744
1499.206, 116.4512
1500.243, 98.64062
1501.280, 178.4453
1502.317, 104.7041
1503.354, 117.0439
1504.390, 143.2754
1505.426, 83.24414
1506.463, 11.45703
1507.499, 18.28906
1508.535, 39.58984
1509.570, 5.169922
1510.606, 144.0898
1511.641, 119.3623
1512.676, 220.6377
1513.711, 150.9141
1514.746, 217.1914
1515.781, 91.78027
1516.816, 147.4521
1517.850, 177.2051
1518.884, 182.4404
1519.918, 89.22656
1520.952, 122.8770
1521.986, 105.8770
1523.019, 82.16211
1524.053, 133.6357
1525.086, 54.62988
1526.119, 104.9785
1527.152, 103.8447
1528.185, 126.2783
1529.217, 93.95020
1530.250, 81.01562
1531.282, 207.0498
1532.314, 216.6387
1533.346, 138.6240
1534.377, 277.7744
1535.409, 75.68750
1536.440, 104.5752
1537.472, 182.6621
1538.503, 16.73047
1539.534, 156.4736
1540.564, 168.6074
1541.595, 117.8691
1542.625, 99.59473
1543.656, 217.2715
1544.686, 131.8936
1545.716, 48.45117
1546.745, 140.9619
1547.775, 272.5039
1548.804, 91.89941
1549.834, 166.4209
1550.863, 280.9609
1551.892, 284.5312
1552.920, 490.1191
1553.949, 484.6934
1554.977, 490.2051
1556.006, 421.7734
1557.034, 385.6152
1558.062, 324.2686
1559.089, 261.6250
1560.117, 159.8691
1561.144, 106.2266
1562.172, 9.284180
1563.199, 74.36914
1564.226, 223.3926
1565.252, 205.8145
1566.279, 191.6533
1567.305, 37.42188
1568.332, 242.2578
1569.358, 5.0781000E-02
1570.384, 77.20703
1571.409, 0.0000000E+00
##END=



