##NAMES=Diopside
##RRUFFID=R050496
##IDEAL CHEMISTRY=CaMgSi_2_O_6_
##LOCALITY=New City Quarry, Riverside, Riverside County, Calfornia, USA
##OWNER=RRUFF
##SOURCE=California Institute of Technology
##DESCRIPTION=Aggregate of light green irregular grains
##STATUS=The identification of this mineral has been confirmed by X-ray diffraction and chemical analysis
##URL=rruff.info/R050496
##MEASURED CHEMISTRY=Ca(Mg_0.66_Fe_0.33_Mn_0.01_)(Si_0.95_Al_0.05_)_2_O_6_
##PIN_ID=M01827
##ORIENTATION=Laser parallel to a* (1 0 0). Fiducial mark perpendicular to laser is parallel to -b [0 -1 0]
108.1140, 5343.000
109.3490, 5459.000
110.5830, 5311.000
111.8180, 5341.000
113.0520, 5593.000
114.2860, 5772.000
115.5200, 6357.000
116.7530, 6503.000
117.9870, 6428.000
119.2200, 6427.000
120.4530, 6375.000
121.6860, 6341.000
122.9190, 6370.000
124.1520, 6599.000
125.3850, 6572.596
126.6170, 6723.000
127.8490, 6743.000
129.0810, 6967.000
130.3130, 7167.000
131.5450, 7474.000
132.7770, 7972.000
134.0080, 8437.000
135.2390, 9140.000
136.4710, 9661.000
137.7020, 9912.000
138.9320, 10041.00
140.1630, 9984.000
141.3930, 9557.000
142.6240, 9013.000
143.8540, 8231.000
145.0840, 7917.000
146.3140, 7443.000
147.5440, 7116.000
148.7730, 6817.000
150.0020, 6628.000
151.2320, 6418.000
152.4610, 6454.000
153.6900, 6406.000
154.9180, 6426.000
156.1470, 6400.000
157.3750, 6302.000
158.6040, 6216.000
159.8320, 6383.000
161.0600, 6409.000
162.2870, 6317.000
163.5150, 6453.000
164.7420, 6419.000
165.9700, 6540.000
167.1970, 6539.000
168.4240, 6468.000
169.6510, 6538.000
170.8770, 6436.000
172.1040, 6588.000
173.3300, 6652.000
174.5560, 6618.000
175.7820, 6923.000
177.0080, 6869.435
178.2340, 6932.000
179.4590, 6937.000
180.6850, 6925.000
181.9100, 6942.000
183.1350, 6895.000
184.3600, 6910.000
185.5850, 6834.000
186.8090, 6877.399
188.0340, 6894.774
189.2580, 6920.000
190.4820, 6990.000
191.7060, 6960.000
192.9300, 7021.000
194.1530, 7073.000
195.3770, 7147.000
196.6000, 7116.000
197.8230, 7041.000
199.0460, 7098.000
200.2690, 7120.000
201.4910, 7157.000
202.7140, 7109.000
203.9360, 7164.000
205.1580, 7118.000
206.3800, 6801.000
207.6020, 6704.000
208.8240, 6735.000
210.0450, 6779.000
211.2670, 6831.000
212.4880, 6858.000
213.7090, 6662.000
214.9300, 6800.000
216.1510, 6796.000
217.3710, 6793.000
218.5920, 6872.000
219.8120, 6956.000
221.0320, 7058.000
222.2520, 6863.000
223.4720, 6970.000
224.6910, 6968.000
225.9110, 7140.000
227.1300, 7136.000
228.3490, 7230.000
229.5680, 7308.000
230.7870, 7448.000
232.0050, 7438.000
233.2240, 7363.000
234.4420, 7257.000
235.6600, 7107.000
236.8780, 7038.000
238.0960, 6880.000
239.3140, 6794.000
240.5310, 6645.000
241.7490, 6774.000
242.9660, 6600.000
244.1830, 6611.000
245.4000, 6531.000
246.6160, 6576.000
247.8330, 6538.000
249.0490, 6555.000
250.2660, 6541.000
251.4820, 6422.000
252.6980, 6388.000
253.9130, 6370.000
255.1290, 6400.000
256.3440, 6440.000
257.5600, 6281.000
258.7750, 6352.000
259.9900, 6440.000
261.2040, 6320.000
262.4190, 6189.000
263.6330, 6273.000
264.8480, 6252.000
266.0620, 6184.000
267.2760, 6187.000
268.4900, 6115.000
269.7030, 6110.000
270.9170, 6116.000
272.1300, 6135.000
273.3430, 6115.917
274.5560, 6079.000
275.7690, 6109.000
276.9820, 6122.000
278.1940, 6165.000
279.4070, 6112.000
280.6190, 6166.000
281.8310, 6308.000
283.0430, 6348.000
284.2550, 6322.000
285.4660, 6346.000
286.6770, 6343.000
287.8890, 6455.000
289.1000, 6476.000
290.3110, 6585.000
291.5210, 6615.000
292.7320, 6712.000
293.9420, 6773.000
295.1530, 6861.000
296.3630, 6981.000
297.5730, 7071.000
298.7830, 7173.000
299.9920, 7305.000
301.2020, 7449.000
302.4110, 7656.000
303.6200, 7825.000
304.8290, 8048.000
306.0380, 8271.000
307.2470, 8589.000
308.4550, 8824.000
309.6630, 9261.000
310.8720, 9709.000
312.0800, 10301.00
313.2880, 10812.00
314.4950, 11475.00
315.7030, 12201.00
316.9100, 13003.00
318.1170, 13679.00
319.3240, 14285.00
320.5310, 14682.00
321.7380, 14935.00
322.9450, 14941.00
324.1510, 14826.00
325.3570, 14526.00
326.5630, 13835.00
327.7690, 13068.00
328.9750, 12761.00
330.1810, 11919.00
331.3860, 11440.00
332.5910, 10884.00
333.7960, 10385.00
335.0010, 10061.00
336.2060, 9840.000
337.4110, 9398.000
338.6150, 9170.000
339.8200, 9070.000
341.0240, 8794.000
342.2280, 8718.000
343.4320, 8656.000
344.6350, 8691.000
345.8390, 8667.000
347.0420, 8579.000
348.2450, 8530.000
349.4480, 8567.000
350.6510, 8747.000
351.8540, 8820.000
353.0560, 8765.000
354.2590, 8695.000
355.4610, 8686.000
356.6630, 8638.000
357.8650, 8537.000
359.0670, 8478.000
360.2680, 8444.000
361.4700, 8353.000
362.6710, 8392.000
363.8720, 8317.000
365.0730, 8407.000
366.2740, 8515.000
367.4740, 8484.000
368.6750, 8661.000
369.8750, 8657.000
371.0750, 8853.000
372.2750, 9089.000
373.4750, 9352.000
374.6740, 9608.000
375.8740, 9975.000
377.0730, 10494.00
378.2720, 11107.00
379.4710, 11713.00
380.6700, 12534.00
381.8690, 13563.00
383.0670, 14395.00
384.2660, 15329.00
385.4640, 16376.00
386.6620, 17119.00
387.8600, 17276.00
389.0570, 17151.00
390.2550, 16464.00
391.4520, 15691.00
392.6490, 14645.00
393.8460, 13428.00
395.0430, 12258.00
396.2400, 11221.00
397.4370, 10235.00
398.6330, 9450.000
399.8290, 8859.000
401.0250, 8385.000
402.2210, 7915.000
403.4170, 7540.000
404.6130, 7298.000
405.8080, 7138.000
407.0030, 6938.000
408.1980, 6730.000
409.3930, 6679.000
410.5880, 6768.000
411.7830, 6640.000
412.9770, 6581.000
414.1720, 6640.000
415.3660, 6493.000
416.5600, 6350.000
417.7530, 6537.000
418.9470, 6439.000
420.1410, 6430.000
421.3340, 6347.000
422.5270, 6336.714
423.7200, 6412.000
424.9130, 6345.000
426.1060, 6315.000
427.2980, 6370.000
428.4900, 6316.000
429.6830, 6234.000
430.8750, 6236.000
432.0670, 6264.000
433.2580, 6289.000
434.4500, 6165.000
435.6410, 6215.000
436.8320, 6204.000
438.0240, 6134.000
439.2140, 6273.000
440.4050, 6100.000
441.5960, 6183.000
442.7860, 6134.000
443.9760, 6166.000
445.1670, 6198.000
446.3560, 6167.000
447.5460, 6249.000
448.7360, 6223.000
449.9250, 6249.000
451.1150, 6214.000
452.3040, 6205.000
453.4930, 6294.000
454.6810, 6264.000
455.8700, 6316.000
457.0590, 6244.000
458.2470, 6360.000
459.4350, 6349.000
460.6230, 6264.000
461.8110, 6381.000
462.9980, 6328.000
464.1860, 6258.000
465.3730, 6319.000
466.5600, 6320.000
467.7470, 6289.000
468.9340, 6329.000
470.1210, 6155.000
471.3080, 6320.000
472.4940, 6344.000
473.6800, 6226.000
474.8660, 6316.000
476.0520, 6304.000
477.2380, 6268.000
478.4230, 6395.000
479.6090, 6369.000
480.7940, 6322.000
481.9790, 6370.000
483.1640, 6325.000
484.3490, 6318.000
485.5330, 6355.000
486.7180, 6477.000
487.9020, 6502.000
489.0860, 6389.000
490.2700, 6424.000
491.4540, 6374.000
492.6370, 6474.000
493.8210, 6593.000
495.0040, 6544.000
496.1870, 6649.000
497.3700, 6608.000
498.5530, 6739.000
499.7360, 6820.000
500.9180, 6800.000
502.1000, 6916.000
503.2830, 7024.000
504.4650, 7117.000
505.6460, 7227.000
506.8280, 7285.000
508.0100, 7287.000
509.1910, 7362.440
510.3720, 7344.000
511.5530, 7420.000
512.7340, 7383.000
513.9150, 7359.000
515.0950, 7384.000
516.2760, 7403.000
517.4560, 7433.350
518.6360, 7523.000
519.8160, 7558.000
520.9950, 7545.000
522.1750, 7676.000
523.3540, 7811.000
524.5340, 7835.000
525.7130, 7827.000
526.8920, 7854.000
528.0700, 7954.000
529.2490, 8038.000
530.4270, 7917.000
531.6060, 7964.000
532.7840, 7780.000
533.9620, 7684.000
535.1390, 7519.000
536.3170, 7498.000
537.4940, 7507.000
538.6720, 7341.000
539.8490, 7263.000
541.0260, 7325.000
542.2030, 7316.000
543.3790, 7285.000
544.5560, 7197.000
545.7320, 7286.000
546.9080, 7292.000
548.0840, 7180.000
549.2600, 7287.000
550.4360, 7192.000
551.6110, 7142.000
552.7860, 7139.000
553.9620, 7215.000
555.1370, 7140.000
556.3110, 7176.000
557.4860, 7193.000
558.6610, 7150.000
559.8350, 7161.000
561.0090, 7213.000
562.1830, 7092.000
563.3570, 7092.000
564.5310, 7052.000
565.7040, 7079.000
566.8780, 6971.000
568.0510, 7067.000
569.2240, 6995.000
570.3970, 7058.000
571.5700, 7120.000
572.7420, 6977.000
573.9150, 6935.000
575.0870, 6806.000
576.2590, 6796.000
577.4310, 6831.000
578.6030, 6683.000
579.7740, 6630.000
580.9460, 6465.000
582.1170, 6527.000
583.2880, 6479.000
584.4590, 6472.000
585.6300, 6361.000
586.8010, 6328.000
587.9710, 6231.000
589.1410, 6133.000
590.3110, 6138.000
591.4810, 6057.000
592.6510, 6050.000
593.8210, 6007.000
594.9900, 6062.000
596.1600, 5955.000
597.3290, 6016.000
598.4980, 5895.000
599.6670, 5951.000
600.8350, 6032.000
602.0040, 6006.000
603.1720, 6032.000
604.3400, 5991.000
605.5080, 6031.000
606.6760, 5999.000
607.8440, 5974.000
609.0120, 6069.000
610.1790, 6070.000
611.3460, 6180.000
612.5130, 6151.000
613.6800, 6064.000
614.8470, 6102.000
616.0130, 6178.000
617.1800, 6038.000
618.3460, 6099.000
619.5120, 6192.000
620.6780, 6265.000
621.8440, 6293.117
623.0090, 6292.000
624.1750, 6327.000
625.3400, 6359.000
626.5050, 6350.000
627.6700, 6368.000
628.8350, 6457.000
629.9990, 6517.000
631.1640, 6573.000
632.3280, 6610.000
633.4920, 6660.000
634.6560, 6569.000
635.8200, 6708.000
636.9840, 6752.000
638.1470, 6767.000
639.3100, 6964.000
640.4730, 7035.000
641.6360, 7136.000
642.7990, 7251.000
643.9620, 7353.000
645.1240, 7540.000
646.2870, 7631.000
647.4490, 7934.000
648.6110, 8156.000
649.7730, 8551.000
650.9340, 8834.000
652.0960, 9131.000
653.2570, 9704.000
654.4180, 10219.00
655.5790, 10996.00
656.7400, 11679.00
657.9010, 12848.00
659.0620, 14144.00
660.2220, 15388.00
661.3820, 17069.00
662.5420, 18438.00
663.7020, 19603.00
664.8620, 20093.00
666.0210, 20136.00
667.1810, 19579.00
668.3400, 18623.00
669.4990, 17179.00
670.6580, 15778.00
671.8170, 14360.00
672.9750, 13231.00
674.1340, 12126.00
675.2920, 11222.00
676.4500, 10426.00
677.6080, 9911.000
678.7660, 9301.000
679.9230, 8914.000
681.0810, 8678.000
682.2380, 8368.000
683.3950, 7985.000
684.5520, 7766.000
685.7090, 7682.000
686.8660, 7636.000
688.0220, 7389.000
689.1780, 7395.000
690.3340, 7249.000
691.4900, 7091.000
692.6460, 7009.000
693.8020, 7089.000
694.9570, 6942.000
696.1130, 6971.000
697.2680, 6828.000
698.4230, 6888.000
699.5780, 6740.000
700.7320, 6842.000
701.8870, 6756.000
703.0410, 6865.000
704.1950, 6700.000
705.3490, 6767.000
706.5030, 6650.000
707.6570, 6755.000
708.8110, 6691.000
709.9640, 6569.000
711.1170, 6635.000
712.2700, 6572.000
713.4230, 6615.000
714.5760, 6482.000
715.7280, 6485.000
716.8810, 6480.000
718.0330, 6468.000
719.1850, 6500.000
720.3370, 6371.000
721.4890, 6451.000
722.6400, 6407.000
723.7920, 6450.000
724.9430, 6394.000
726.0940, 6358.000
727.2450, 6379.000
728.3960, 6318.000
729.5460, 6345.974
730.6970, 6380.000
731.8470, 6377.000
732.9970, 6419.000
734.1470, 6428.000
735.2970, 6345.000
736.4460, 6385.000
737.5960, 6395.000
738.7450, 6438.000
739.8940, 6498.000
741.0430, 6475.000
742.1920, 6419.000
743.3410, 6407.000
744.4890, 6508.000
745.6370, 6494.000
746.7850, 6517.000
747.9330, 6469.000
749.0810, 6432.000
750.2290, 6504.000
751.3760, 6419.000
752.5240, 6595.000
753.6710, 6487.000
754.8180, 6385.000
755.9650, 6611.000
757.1110, 6578.000
758.2580, 6531.000
759.4040, 6590.000
760.5510, 6527.000
761.6970, 6718.000
762.8420, 6686.000
763.9880, 6674.000
765.1340, 6719.000
766.2790, 6615.000
767.4240, 6678.000
768.5690, 6658.000
769.7140, 6729.000
770.8590, 6693.000
772.0030, 6800.000
773.1480, 6751.000
774.2920, 6753.000
775.4360, 6718.000
776.5800, 6732.000
777.7240, 6727.000
778.8670, 6738.556
780.0110, 6790.000
781.1540, 6797.000
782.2970, 6766.000
783.4400, 6828.000
784.5830, 6809.000
785.7250, 6879.000
786.8680, 6861.000
788.0100, 6824.000
789.1520, 6839.672
790.2940, 6729.446
791.4360, 6853.000
792.5780, 6747.000
793.7190, 6845.000
794.8600, 6809.131
796.0010, 6826.000
797.1420, 6748.000
798.2830, 6773.000
799.4240, 6736.000
800.5640, 6724.000
801.7050, 6749.901
802.8450, 6762.160
803.9850, 6770.000
805.1250, 6805.000
806.2640, 6763.000
807.4040, 6708.000
808.5430, 6726.000
809.6820, 6759.000
810.8210, 6822.000
811.9600, 6831.000
813.0990, 6825.000
814.2370, 6879.000
815.3760, 6887.000
816.5140, 6943.000
817.6520, 6992.000
818.7900, 7007.533
819.9270, 7041.000
821.0650, 7038.000
822.2020, 7045.927
823.3390, 7031.439
824.4760, 7034.000
825.6130, 6989.000
826.7500, 6966.000
827.8870, 6957.000
829.0230, 6977.000
830.1590, 6966.000
831.2950, 6952.000
832.4310, 6949.000
833.5670, 6839.000
834.7030, 6942.000
835.8380, 6972.000
836.9730, 6970.000
838.1080, 6871.000
839.2430, 6972.000
840.3780, 6900.000
841.5130, 6998.000
842.6470, 6908.000
843.7810, 6938.000
844.9150, 6976.000
846.0490, 7026.000
847.1830, 7094.000
848.3170, 7254.000
849.4500, 7256.000
850.5830, 7308.000
851.7160, 7494.000
852.8490, 7555.000
853.9820, 7610.000
855.1150, 7733.000
856.2470, 7723.000
857.3800, 7721.000
858.5120, 7717.000
859.6440, 7629.000
860.7760, 7662.000
861.9070, 7602.000
863.0390, 7580.000
864.1700, 7410.000
865.3010, 7376.000
866.4320, 7386.000
867.5630, 7349.000
868.6940, 7411.000
869.8240, 7310.000
870.9540, 7371.000
872.0850, 7203.000
873.2150, 7232.000
874.3450, 7261.000
875.4740, 7390.000
876.6040, 7209.000
877.7330, 7377.000
878.8620, 7234.000
879.9910, 7390.000
881.1200, 7300.000
882.2490, 7290.000
883.3770, 7285.000
884.5060, 7239.000
885.6340, 7308.000
886.7620, 7296.000
887.8900, 7287.000
889.0180, 7309.000
890.1450, 7297.241
891.2730, 7303.000
892.4000, 7270.000
893.5270, 7324.000
894.6540, 7255.000
895.7810, 7459.000
896.9070, 7435.000
898.0340, 7377.000
899.1600, 7432.000
900.2860, 7272.000
901.4120, 7361.000
902.5380, 7436.000
903.6630, 7416.000
904.7890, 7352.000
905.9140, 7426.000
907.0390, 7320.000
908.1640, 7439.000
909.2890, 7440.000
910.4130, 7509.000
911.5380, 7451.000
912.6620, 7545.000
913.7860, 7513.000
914.9100, 7525.000
916.0340, 7541.000
917.1580, 7529.885
918.2810, 7520.000
919.4040, 7548.000
920.5280, 7576.000
921.6510, 7617.000
922.7730, 7665.000
923.8960, 7683.000
925.0180, 7557.000
926.1410, 7551.000
927.2630, 7620.000
928.3850, 7673.000
929.5070, 7695.000
930.6280, 7724.690
931.7500, 7743.000
932.8710, 7706.000
933.9920, 7644.000
935.1130, 7546.000
936.2340, 7589.000
937.3550, 7534.599
938.4760, 7537.187
939.5960, 7545.000
940.7160, 7563.000
941.8360, 7630.000
942.9560, 7667.000
944.0760, 7651.000
945.1950, 7584.000
946.3150, 7660.000
947.4340, 7612.000
948.5530, 7644.000
949.6720, 7730.000
950.7900, 7847.000
951.9090, 7726.000
953.0270, 7732.000
954.1460, 7849.000
955.2640, 7908.000
956.3820, 7946.000
957.4990, 7955.000
958.6170, 7997.000
959.7340, 8032.593
960.8520, 8057.000
961.9690, 8114.000
963.0860, 8105.000
964.2020, 8138.000
965.3190, 8098.000
966.4350, 8217.000
967.5520, 8182.000
968.6680, 8243.000
969.7840, 8270.000
970.8990, 8278.802
972.0150, 8305.363
973.1310, 8323.000
974.2460, 8319.000
975.3610, 8341.000
976.4760, 8342.000
977.5910, 8407.000
978.7050, 8441.000
979.8200, 8514.000
980.9340, 8510.000
982.0480, 8570.000
983.1620, 8773.000
984.2760, 8708.000
985.3900, 8911.000
986.5030, 8952.000
987.6160, 9024.000
988.7300, 9186.000
989.8430, 9462.000
990.9550, 9518.000
992.0680, 9856.000
993.1810, 9959.000
994.2930, 10316.00
995.4050, 10704.00
996.5170, 11094.00
997.6290, 11698.00
998.7410, 12205.00
999.8520, 13132.00
1000.964, 13907.00
1002.075, 14991.00
1003.186, 16328.00
1004.297, 18023.00
1005.407, 19677.00
1006.518, 21413.00
1007.628, 23670.00
1008.738, 26314.00
1009.848, 28690.00
1010.958, 30623.00
1012.068, 31454.00
1013.178, 31234.00
1014.287, 29397.00
1015.396, 27027.00
1016.505, 24076.00
1017.614, 21637.00
1018.723, 18397.00
1019.831, 16333.00
1020.940, 14800.00
1022.048, 13494.00
1023.156, 12602.00
1024.264, 11944.00
1025.372, 11370.00
1026.479, 11086.00
1027.587, 10598.00
1028.694, 10365.00
1029.801, 10373.00
1030.908, 10309.00
1032.015, 10178.00
1033.121, 9991.000
1034.228, 9952.000
1035.334, 10021.00
1036.440, 9949.000
1037.546, 10024.00
1038.652, 9973.000
1039.758, 9954.000
1040.863, 10010.00
1041.968, 9820.000
1043.074, 9788.000
1044.178, 9854.000
1045.283, 9698.000
1046.388, 9467.000
1047.492, 9353.000
1048.597, 9168.000
1049.701, 9074.183
1050.805, 9013.000
1051.909, 8909.000
1053.012, 8842.000
1054.116, 8743.000
1055.219, 8803.000
1056.322, 8602.000
1057.425, 8582.000
1058.528, 8423.000
1059.631, 8444.000
1060.733, 8346.000
1061.836, 8300.000
1062.938, 8188.000
1064.040, 8101.000
1065.142, 8072.363
1066.243, 8086.000
1067.345, 8056.000
1068.446, 8051.000
1069.547, 8142.000
1070.648, 8117.000
1071.749, 8126.000
1072.850, 8111.000
1073.951, 8108.000
1075.051, 7979.000
1076.151, 8074.000
1077.251, 7935.000
1078.351, 8007.000
1079.451, 8038.000
1080.550, 8012.000
1081.650, 8060.000
1082.749, 8062.000
1083.848, 7952.000
1084.947, 7947.000
1086.046, 7934.000
1087.144, 7940.000
1088.243, 7819.000
1089.341, 7896.000
1090.439, 7850.942
1091.537, 7916.000
1092.635, 7872.000
1093.732, 7904.000
1094.830, 7982.000
1095.927, 7860.000
1097.024, 7896.000
1098.121, 7896.000
1099.218, 7817.000
1100.314, 7789.000
1101.411, 7795.000
1102.507, 7917.000
1103.603, 7868.000
1104.699, 7903.000
1105.795, 7890.000
1106.890, 7766.000
1107.986, 7860.000
1109.081, 7872.000
1110.176, 7650.000
1111.271, 7935.000
1112.366, 7814.000
1113.461, 7813.000
1114.555, 7707.000
1115.649, 7884.000
1116.744, 7810.000
1117.838, 7819.000
1118.931, 7770.000
1120.025, 7836.000
1121.119, 7802.949
1122.212, 7810.746
1123.305, 7836.000
1124.398, 7784.000
1125.491, 7901.000
1126.584, 7831.000
1127.676, 7826.049
1128.768, 7752.000
1129.861, 7750.000
1130.953, 7758.000
1132.044, 7703.000
1133.136, 7688.000
1134.228, 7685.000
1135.319, 7683.000
1136.410, 7701.000
1137.501, 7613.000
1138.592, 7615.000
1139.683, 7736.000
1140.773, 7656.000
1141.864, 7587.000
1142.954, 7647.000
1144.044, 7596.000
1145.134, 7600.538
1146.224, 7608.000
1147.313, 7593.000
1148.402, 7587.000
1149.492, 7569.000
1150.581, 7570.265
1151.670, 7546.903
1152.758, 7557.000
1153.847, 7525.000
1154.935, 7484.000
1156.024, 7514.000
1157.112, 7579.000
1158.200, 7420.000
1159.287, 7570.000
1160.375, 7422.000
1161.462, 7459.000
1162.550, 7612.000
1163.637, 7454.000
1164.724, 7423.000
1165.810, 7494.000
1166.897, 7558.000
1167.983, 7498.000
1169.070, 7595.000
1170.156, 7530.000
1171.242, 7549.000
1172.327, 7491.000
1173.413, 7508.000
1174.499, 7461.000
1175.584, 7454.000
1176.669, 7569.000
1177.754, 7519.000
1178.839, 7508.000
1179.923, 7619.000
1181.008, 7580.000
1182.092, 7512.000
1183.176, 7659.000
1184.260, 7540.000
1185.344, 7607.000
1186.428, 7556.000
1187.511, 7479.000
1188.595, 7478.000
1189.678, 7659.000
1190.761, 7501.000
1191.843, 7547.000
1192.926, 7505.000
1194.009, 7429.000
1195.091, 7571.000
1196.173, 7614.000
1197.255, 7503.000
1198.337, 7513.000
1199.419, 7542.000
1200.500, 7535.000
1201.582, 7553.345
1202.663, 7547.000
1203.744, 7574.000
1204.825, 7590.741
1205.905, 7603.000
1206.986, 7586.000
1208.066, 7591.000
1209.146, 7506.000
1210.226, 7670.000
1211.306, 7524.000
1212.386, 7544.441
1213.466, 7646.567
1214.545, 7703.216
1215.624, 7716.830
1216.703, 7558.513
1217.782, 7622.208
1218.861, 7596.932
1219.939, 7568.008
1221.018, 7662.952
1222.096, 7529.643
1223.174, 7622.624
1224.252, 7625.274
1225.330, 7669.266
1226.407, 7623.737
1227.485, 7605.858
1228.562, 7677.531
1229.639, 7699.619
1230.716, 7643.785
1231.793, 7690.407
1232.869, 7553.975
1233.946, 7578.175
1235.022, 7671.683
1236.098, 7620.352
1237.174, 7668.612
1238.250, 7678.942
1239.325, 7735.000
1240.401, 7650.000
1241.476, 7700.000
1242.551, 7710.000
1243.626, 7744.000
1244.701, 7693.000
1245.776, 7651.000
1246.850, 7651.000
1247.924, 7692.000
1248.999, 7701.000
1250.073, 7718.982
1251.146, 7741.000
1252.220, 7715.000
1253.293, 7695.000
1254.367, 7609.000
1255.440, 7641.000
1256.513, 7765.000
1257.586, 7687.000
1258.658, 7748.000
1259.731, 7642.000
1260.803, 7767.000
1261.875, 7728.000
1262.947, 7662.000
1264.019, 7796.000
1265.091, 7766.000
1266.162, 7766.000
1267.234, 7690.000
1268.305, 7827.000
1269.376, 7784.000
1270.447, 7780.000
1271.517, 7818.000
1272.588, 7802.000
1273.658, 7672.000
1274.729, 7854.000
1275.799, 7789.000
1276.868, 7775.000
1277.938, 7855.000
1279.008, 7836.000
1280.077, 7818.032
1281.146, 7922.000
1282.215, 7755.000
1283.284, 7740.000
1284.353, 7728.000
1285.421, 7696.679
1286.490, 7711.013
1287.558, 7734.000
1288.626, 7731.000
1289.694, 7749.000
1290.762, 7753.000
1291.829, 7754.000
1292.897, 7756.479
1293.964, 7731.000
1295.031, 7730.000
1296.098, 7774.000
1297.165, 7723.000
1298.231, 7785.000
1299.298, 7781.000
1300.364, 7750.000
1301.430, 7831.000
1302.496, 7859.000
1303.562, 7790.000
1304.627, 7860.000
1305.693, 7931.000
1306.758, 7827.000
1307.823, 7985.000
1308.888, 7917.034
1309.953, 7878.690
1311.018, 7859.000
1312.082, 7836.000
1313.146, 7789.000
1314.210, 7819.353
1315.274, 7818.475
1316.338, 7880.000
1317.402, 7895.000
1318.465, 7938.000
1319.529, 8032.000
1320.592, 7921.000
1321.655, 7914.000
1322.718, 7979.000
1323.780, 8008.000
1324.843, 7988.691
1325.905, 7935.000
1326.967, 7922.000
1328.029, 7968.000
1329.091, 7880.000
1330.153, 8016.000
1331.214, 7976.000
1332.275, 7999.000
1333.337, 7969.000
1334.398, 7998.000
1335.458, 7966.000
1336.519, 7889.000
1337.580, 7872.000
1338.640, 7917.000
1339.700, 7986.000
1340.760, 7994.000
1341.820, 7947.000
1342.880, 7892.000
1343.939, 7934.000
1344.999, 7940.000
1346.058, 7917.000
1347.117, 7948.986
1348.176, 7953.281
1349.235, 7970.000
1350.293, 8009.000
1351.351, 8013.000
1352.410, 8080.000
1353.468, 7975.000
1354.526, 8035.000
1355.583, 7986.000
1356.641, 8064.000
1357.698, 8005.000
1358.756, 8009.000
1359.813, 7914.000
1360.869, 8087.000
1361.926, 8076.000
1362.983, 8091.000
1364.039, 8148.000
1365.095, 8062.000
1366.152, 8100.000
1367.207, 8019.000
1368.263, 8118.000
1369.319, 8126.000
1370.374, 8051.000
1371.430, 8071.000
1372.485, 8109.000
1373.540, 8058.000
1374.594, 8124.000
1375.649, 8102.000
1376.703, 8117.200
1377.758, 8189.000
1378.812, 8151.000
1379.866, 8129.000
1380.920, 8150.000
1381.973, 8071.000
1383.027, 8134.000
1384.080, 8106.000
1385.133, 8157.000
1386.186, 8160.000
1387.239, 8157.000
1388.291, 8071.000
1389.344, 8077.000
1390.396, 8150.000
1391.448, 8011.000
1392.500, 8218.000
1393.552, 8124.000
1394.604, 8198.000
1395.655, 8137.000
1396.707, 8183.000
1397.758, 8095.000
1398.809, 8115.000
1399.860, 8118.000
1400.910, 8185.000
1401.961, 8161.324
1403.011, 8252.000
1404.061, 8125.000
1405.111, 8202.000
1406.161, 8152.000
1407.211, 8135.000
1408.260, 8033.000
1409.310, 8166.000
1410.359, 8196.000
1411.408, 8186.000
1412.457, 8124.000
1413.506, 8119.000
1414.554, 8047.000
1415.603, 8100.000
1416.651, 8137.000
1417.699, 7985.000
1418.747, 8130.000
1419.794, 8113.000
1420.842, 8160.000
1421.889, 8138.000
1422.937, 8213.000
1423.984, 8147.000
1425.031, 8263.000
1426.077, 8116.000
1427.124, 8173.000
1428.170, 7981.000
1429.217, 8120.000
1430.263, 8175.000
1431.309, 8137.000
1432.354, 8197.000
1433.400, 8249.000
1434.445, 8136.000
1435.491, 8147.000
1436.536, 8201.000
1437.581, 8106.000
1438.625, 8187.000
1439.670, 8281.000
1440.714, 8261.000
1441.759, 8233.000
1442.803, 8114.000
1443.847, 8202.000
1444.890, 8280.000
1445.934, 8113.000
1446.978, 8169.000
1448.021, 8173.000
1449.064, 8046.000
1450.107, 8300.000
1451.150, 8203.000
1452.192, 8215.000
1453.235, 8258.000
1454.277, 8286.000
1455.319, 8250.000
1456.361, 8255.000
1457.403, 8272.000
1458.445, 8316.000
1459.486, 8196.000
1460.528, 8292.000
1461.569, 8245.000
1462.610, 8233.000
1463.651, 8239.000
1464.691, 8199.000
1465.732, 8240.000
1466.772, 8209.000
1467.812, 8227.000
1468.852, 8298.000
1469.892, 8293.000
1470.932, 8313.000
1471.971, 8332.000
1473.011, 8312.000
1474.050, 8354.000
1475.089, 8337.000
1476.128, 8225.000
1477.166, 8225.000
1478.205, 8301.000
1479.243, 8342.000
1480.282, 8423.000
1481.320, 8286.000
1482.357, 8237.000
1483.395, 8334.000
1484.433, 8378.000
1485.470, 8316.000
1486.507, 8329.000
1487.544, 8337.000
1488.581, 8291.824
1489.618, 8404.000
1490.655, 8280.000
1491.691, 8267.000
1492.727, 8363.000
1493.763, 8348.000
1494.799, 8362.000
1495.835, 8277.000
1496.871, 8337.000
1497.906, 8318.000
1498.941, 8268.000
1499.976, 8281.000
1501.011, 8290.000
1502.046, 8413.000
1503.081, 8417.000
1504.115, 8378.000
1505.149, 8453.000
1506.183, 8423.498
1507.217, 8366.000
1508.251, 8424.000
1509.285, 8409.000
1510.318, 8411.000
1511.352, 8314.000
1512.385, 8429.000
1513.418, 8370.000
1514.450, 8441.000
1515.483, 8307.000
1516.516, 8412.000
1517.548, 8385.000
1518.580, 8279.000
1519.612, 8345.000
1520.644, 8353.000
1521.675, 8380.000
1522.707, 8348.000
1523.738, 8409.000
1524.769, 8418.000
1525.800, 8366.000
1526.831, 8555.000
1527.862, 8461.000
1528.892, 8451.000
1529.923, 8543.000
1530.953, 8437.000
1531.983, 8381.000
1533.013, 8453.000
1534.042, 8440.000
1535.072, 8356.000
1536.101, 8390.000
1537.131, 8519.000
1538.160, 8394.000
1539.188, 8566.000
1540.217, 8411.000
1541.246, 8477.000
1542.274, 8351.000
1543.302, 8453.000
1544.330, 8450.000
1545.358, 8407.000
1546.386, 8378.000
1547.413, 8397.069
1548.441, 8396.488
1549.468, 8459.000
1550.495, 8464.000
1551.522, 8546.000
1552.549, 8620.000
1553.575, 8566.000
1554.602, 8636.000
1555.628, 8736.000
1556.654, 8594.453
1557.680, 8489.000
1558.706, 8372.000
1559.731, 8532.000
1560.757, 8464.000
1561.782, 8475.000
1562.807, 8433.000
1563.832, 8357.000
1564.857, 8570.000
1565.881, 8505.000
1566.906, 8497.000
1567.930, 8418.000
1568.954, 8538.000
1569.978, 8508.000
1571.002, 8504.000
1572.025, 8391.000
1573.049, 8512.000
1574.072, 8486.000
1575.095, 8483.000
1576.118, 8480.000
1577.141, 8534.000
1578.164, 8680.000
##END=



