##NAMES=Enstatite
##RRUFFID=R050644
##IDEAL CHEMISTRY=MgSiO_3_
##LOCALITY=Morogoro, Tanzania
##OWNER=RRUFF
##SOURCE=Jibamitra Ganguly
##DESCRIPTION=Light brown crystal fragment
##STATUS=The identification of this mineral has been confirmed by X-ray diffraction and chemical analysis
##URL=rruff.info/R050644
##MEASURED CHEMISTRY=(Mg_0.90_Fe_0.10_)SiO_3_
##PIN_ID=L01052
##ORIENTATION=Laser parallel to b* (0 1 0). Fiducial mark perpendicular to laser is parallel to c [0 0 1]
113.2080, 0.0000000E+00
114.4400, 8.935547
115.6710, 74.90527
116.9030, 217.8604
118.1340, 530.4932
119.3650, 1418.441
120.5960, 2192.354
121.8270, 3218.049
123.0580, 4031.203
124.2880, 4550.480
125.5190, 5525.106
126.7490, 6652.810
127.9790, 7147.258
129.2090, 6965.554
130.4390, 6621.701
131.6680, 6283.113
132.8980, 6036.313
134.1270, 5490.384
135.3560, 4677.237
136.5850, 3616.459
137.8140, 2641.440
139.0430, 2003.863
140.2710, 1631.211
141.5000, 1266.941
142.7280, 1285.463
143.9560, 1272.268
145.1840, 1354.105
146.4120, 1269.151
147.6390, 1324.598
148.8670, 1165.239
150.0940, 1094.781
151.3210, 1063.973
152.5490, 855.5312
153.7750, 809.4932
155.0020, 574.7070
156.2290, 577.3027
157.4550, 490.2188
158.6810, 304.4375
159.9080, 333.9404
161.1340, 224.7100
162.3590, 188.7324
163.5850, 149.3428
164.8110, 12.72266
166.0360, 86.90820
167.2610, 89.30176
168.4860, 70.63184
169.7110, 128.7061
170.9360, 190.0801
172.1610, 123.7217
173.3850, 70.20801
174.6100, 91.53320
175.8340, 57.68457
177.0580, 106.6582
178.2820, 27.45312
179.5050, 132.0752
180.7290, 150.5312
181.9520, 26.83008
183.1760, 29.97461
184.3990, 113.0273
185.6220, 107.1729
186.8450, 99.46484
188.0670, 252.9316
189.2900, 259.5996
190.5120, 369.4707
191.7340, 422.0283
192.9560, 348.7842
194.1780, 511.2041
195.4000, 512.7783
196.6220, 540.4893
197.8430, 722.3252
199.0640, 692.2764
200.2860, 683.3262
201.5070, 685.4609
202.7270, 547.6514
203.9480, 423.8828
205.1690, 515.1455
206.3890, 317.4414
207.6090, 324.7725
208.8290, 224.1396
210.0490, 167.5439
211.2690, 108.9775
212.4890, 133.4014
213.7080, 68.75195
214.9280, 165.0645
216.1470, 51.16309
217.3660, 154.1016
218.5850, 253.9121
219.8030, 241.6162
221.0220, 482.1670
222.2400, 687.7197
223.4590, 1082.338
224.6770, 1476.038
225.8950, 1927.823
227.1120, 2357.963
228.3300, 2961.658
229.5480, 3259.824
230.7650, 3730.242
231.9820, 4160.807
233.1990, 4276.537
234.4160, 4255.467
235.6330, 4208.640
236.8490, 3920.051
238.0660, 3984.693
239.2820, 3453.511
240.4980, 2741.499
241.7140, 1764.548
242.9300, 1330.628
244.1460, 741.7344
245.3610, 440.8730
246.5770, 195.0400
247.7920, 280.2363
249.0070, 188.4609
250.2220, 271.7158
251.4370, 239.9961
252.6510, 187.3057
253.8660, 306.6416
255.0800, 286.0039
256.2940, 244.3936
257.5080, 503.8076
258.7220, 609.2490
259.9360, 486.4707
261.1490, 219.4443
262.3630, 544.3301
263.5760, 373.4766
264.7890, 458.7676
266.0020, 477.1348
267.2150, 532.5244
268.4270, 660.8887
269.6400, 769.1953
270.8520, 804.4316
272.0640, 769.5957
273.2760, 836.6621
274.4880, 665.6055
275.7000, 750.3848
276.9120, 608.9854
278.1230, 539.4219
279.3340, 576.7246
280.5450, 281.9141
281.7560, 272.0068
282.9670, 93.01562
284.1780, 164.9326
285.3880, 190.6377
286.5980, 173.0400
287.8090, 465.3740
289.0190, 505.1309
290.2290, 625.5654
291.4380, 639.7119
292.6480, 767.6152
293.8570, 935.2871
295.0670, 976.9414
296.2760, 1083.909
297.4850, 1131.575
298.6930, 1175.206
299.9020, 1130.069
301.1110, 1078.983
302.3190, 1045.238
303.5270, 859.9609
304.7350, 926.8799
305.9430, 849.9863
307.1510, 810.7344
308.3580, 968.3691
309.5660, 1097.782
310.7730, 1339.629
311.9800, 1341.555
313.1870, 1714.137
314.3940, 1831.094
315.6010, 2263.836
316.8070, 2470.987
318.0130, 2878.312
319.2200, 3047.357
320.4260, 3415.302
321.6310, 3857.602
322.8370, 4446.053
324.0430, 4823.690
325.2480, 5739.973
326.4540, 6652.306
327.6590, 7950.602
328.8640, 9412.896
330.0680, 11145.41
331.2730, 13450.95
332.4780, 15244.51
333.6820, 17348.45
334.8860, 18899.12
336.0900, 20191.27
337.2940, 20802.39
338.4980, 21101.55
339.7010, 20915.81
340.9050, 20215.18
342.1080, 19054.05
343.3110, 17524.82
344.5140, 15529.35
345.7170, 13097.64
346.9200, 10885.39
348.1220, 8777.780
349.3240, 7300.903
350.5270, 6109.475
351.7290, 5108.569
352.9310, 4401.717
354.1320, 3771.937
355.3340, 3326.929
356.5350, 2852.107
357.7370, 2644.871
358.9380, 2337.396
360.1390, 2189.065
361.3400, 1882.948
362.5400, 1839.707
363.7410, 1603.227
364.9410, 1499.667
366.1410, 1430.678
367.3410, 1412.559
368.5410, 1244.241
369.7410, 1309.780
370.9400, 1573.337
372.1400, 1581.911
373.3390, 1606.502
374.5380, 1701.109
375.7370, 1833.730
376.9360, 1715.366
378.1350, 1866.015
379.3330, 1748.675
380.5310, 1836.347
381.7300, 1844.028
382.9280, 1630.720
384.1260, 1681.418
385.3230, 1726.123
386.5210, 1896.837
387.7180, 1898.556
388.9160, 2097.283
390.1130, 2194.016
391.3100, 2406.757
392.5060, 2554.502
393.7030, 2938.254
394.9000, 3084.011
396.0960, 3169.775
397.2920, 3270.543
398.4880, 3305.318
399.6840, 3275.098
400.8800, 3324.882
402.0750, 2963.672
403.2710, 3006.465
404.4660, 3151.258
405.6610, 2840.053
406.8560, 3022.842
408.0510, 2836.625
409.2450, 2992.400
410.4400, 2947.170
411.6340, 2921.931
412.8280, 2857.685
414.0220, 2733.432
415.2160, 2882.170
416.4100, 2552.902
417.6030, 2503.626
418.7970, 2199.344
419.9900, 1879.057
421.1830, 1710.766
422.3760, 1470.469
423.5690, 1360.168
424.7610, 1093.864
425.9540, 1032.558
427.1460, 876.2480
428.3380, 972.9355
429.5300, 911.6211
430.7220, 1033.307
431.9140, 1177.994
433.1050, 1537.682
434.2970, 1747.375
435.4880, 1806.071
436.6790, 1973.774
437.8700, 2034.484
439.0610, 2022.201
440.2510, 2039.925
441.4420, 1948.654
442.6320, 1644.392
443.8220, 1609.134
445.0120, 1424.882
446.2020, 997.6348
447.3910, 898.3926
448.5810, 701.1553
449.7700, 725.9238
450.9600, 456.6973
452.1490, 531.4746
453.3370, 365.2617
454.5260, 350.0762
455.7150, 305.8994
456.9030, 401.7695
458.0910, 329.6484
459.2800, 326.5322
460.4670, 371.4844
461.6550, 333.4873
462.8430, 393.5254
464.0300, 402.6035
465.2180, 521.7100
466.4050, 341.8584
467.5920, 420.0273
468.7790, 259.2422
469.9650, 183.5078
471.1520, 198.7900
472.3380, 222.0889
473.5250, 251.3887
474.7110, 98.68945
475.8970, 109.9893
477.0820, 23.71094
478.2680, 39.62402
479.4540, 55.95605
480.6390, 51.31055
481.8240, 35.68945
483.0090, 8.973633
484.1940, 70.63379
485.3780, 48.34277
486.5630, 139.0889
487.7470, 165.9072
488.9320, 28.80762
490.1160, 69.73828
491.3000, 16.71875
492.4830, 54.72363
493.6670, 125.7715
494.8500, 77.85449
496.0340, 93.99512
497.2170, 153.2031
498.4000, 107.5098
499.5820, 147.8447
500.7650, 129.2627
501.9480, 144.7393
503.1300, 102.2676
504.3120, 96.87012
505.4940, 44.47949
506.6760, 122.1152
507.8580, 50.81641
509.0390, 22.43359
510.2210, 67.69336
511.4020, 198.9668
512.5830, 251.2334
513.7640, 148.5254
514.9450, 445.8105
516.1250, 242.0908
517.3060, 415.3652
518.4860, 407.6338
519.6660, 412.8965
520.8460, 326.1523
522.0260, 513.4082
523.2060, 550.6670
524.3850, 559.9219
525.5650, 719.1895
526.7440, 782.4580
527.9230, 895.7324
529.1020, 927.9990
530.2810, 1014.257
531.4590, 1077.507
532.6380, 1125.747
533.8160, 1436.980
534.9940, 1395.219
536.1720, 1509.447
537.3500, 1400.666
538.5270, 1302.877
539.7050, 1307.078
540.8820, 1394.271
542.0590, 1149.452
543.2360, 1144.629
544.4130, 972.7949
545.5900, 833.9512
546.7660, 966.0977
547.9430, 766.2344
549.1190, 694.3613
550.2950, 805.4824
551.4710, 702.5938
552.6470, 659.6953
553.8220, 575.7871
554.9980, 576.8701
556.1730, 520.2412
557.3480, 503.5625
558.5230, 432.0547
559.6980, 437.0967
560.8730, 359.1270
562.0470, 341.3584
563.2220, 329.8682
564.3960, 307.1572
565.5700, 335.1465
566.7440, 360.1260
567.9170, 413.0938
569.0910, 369.0498
570.2640, 431.9961
571.4380, 421.9316
572.6110, 501.8555
573.7840, 490.7490
574.9570, 499.6699
576.1290, 503.5605
577.3020, 410.4395
578.4740, 446.3066
579.6460, 514.1631
580.8180, 451.0078
581.9900, 513.8408
583.1620, 481.3926
584.3330, 431.4717
585.5040, 471.2686
586.6760, 444.0547
587.8470, 526.8271
589.0180, 496.5879
590.1880, 364.3359
591.3590, 457.0723
592.5290, 495.7939
593.7000, 520.5049
594.8700, 596.2041
596.0400, 308.8877
597.2090, 368.5596
598.3790, 405.2178
599.5490, 286.8623
600.7180, 416.4941
601.8870, 312.1123
603.0560, 430.7158
604.2250, 491.3057
605.3940, 223.8799
606.5620, 537.4404
607.7300, 401.9844
608.8990, 470.5508
610.0670, 405.0645
611.2350, 472.5625
612.4020, 489.0449
613.5700, 524.5117
614.7370, 672.9609
615.9050, 631.4111
617.0720, 672.8291
618.2390, 805.6250
619.4060, 744.8438
620.5720, 912.1807
621.7390, 960.4854
622.9050, 1154.786
624.0710, 1254.045
625.2370, 1343.361
626.4030, 1432.010
627.5690, 1436.957
628.7340, 1346.404
629.9000, 1544.080
631.0650, 1562.286
632.2300, 1461.598
633.3950, 1528.463
634.5600, 1470.968
635.7240, 1779.334
636.8890, 1754.562
638.0530, 2044.019
639.2170, 2236.647
640.3810, 2451.558
641.5450, 2770.704
642.7080, 3172.375
643.8720, 3641.787
645.0350, 4283.213
646.1980, 4650.374
647.3610, 5589.525
648.5240, 6472.997
649.6870, 7596.316
650.8490, 9121.567
652.0120, 10532.52
653.1740, 12887.74
654.3360, 14702.66
655.4980, 16755.80
656.6600, 18834.70
657.8210, 20267.58
658.9830, 21371.66
660.1440, 21958.52
661.3050, 22036.77
662.4660, 21127.00
663.6270, 20370.16
664.7870, 19023.06
665.9480, 17842.08
667.1080, 16449.53
668.2680, 15693.29
669.4280, 15077.02
670.5880, 15162.75
671.7480, 15828.46
672.9070, 17213.26
674.0670, 19132.49
675.2260, 21267.15
676.3850, 23989.79
677.5440, 26406.43
678.7030, 28640.05
679.8610, 30073.65
681.0200, 31265.24
682.1780, 30979.06
683.3360, 30491.62
684.4940, 28792.16
685.6520, 26518.69
686.8090, 23402.20
687.9670, 20532.70
689.1240, 17446.75
690.2810, 14202.34
691.4380, 11596.79
692.5950, 9287.283
693.7520, 7702.704
694.9080, 6452.113
696.0650, 5357.506
697.2210, 4614.885
698.3770, 3733.250
699.5330, 3379.600
700.6880, 2935.935
701.8440, 2517.256
702.9990, 2200.562
704.1550, 1965.854
705.3100, 1813.133
706.4650, 1624.396
707.6190, 1496.646
708.7740, 1255.880
709.9290, 1244.102
711.0830, 1208.309
712.2370, 1069.502
713.3910, 885.6816
714.5450, 797.8477
715.6980, 774.9990
716.8520, 812.1377
718.0050, 666.2627
719.1580, 736.3740
720.3110, 606.4717
721.4640, 651.5557
722.6170, 502.6270
723.7700, 475.6855
724.9220, 486.7305
726.0740, 372.7607
727.2260, 398.7803
728.3780, 388.7871
729.5300, 381.7803
730.6810, 330.7607
731.8330, 332.4785
732.9840, 257.6836
734.1350, 325.6260
735.2860, 285.5566
736.4370, 318.4736
737.5880, 305.6709
738.7380, 303.8545
739.8880, 271.1562
741.0390, 306.0254
742.1890, 297.8848
743.3380, 297.7324
744.4880, 371.5684
745.6380, 179.3926
746.7870, 58.20605
747.9360, 132.0068
749.0850, 217.7979
750.2340, 289.5771
751.3830, 84.34473
752.5310, 153.1025
753.6800, 55.85059
754.8280, 228.5869
755.9760, 180.6875
757.1240, 94.92578
758.2720, 62.47266
759.4190, 2.072266
760.5670, 31.58984
761.7140, 92.09668
762.8610, 175.5996
764.0080, 73.11719
765.1550, 25.35547
766.3020, 45.82520
767.4480, 76.70508
768.5950, 25.24023
769.7410, 173.7871
770.8870, 45.33594
772.0330, 157.8438
773.1780, 25.85156
774.3240, 126.0234
775.4690, 147.1582
776.6140, 147.4775
777.7590, 34.36523
778.9040, 84.67480
780.0490, 141.7188
781.1940, 28.73047
782.3380, 220.0732
783.4820, 53.30859
784.6260, 52.50000
785.7700, 24.25391
786.9140, 63.42676
788.0580, 59.79492
789.2010, 27.46973
790.3450, 106.2715
791.4880, 33.91797
792.6310, 6.101563
793.7730, 13.27344
794.9160, 39.44043
796.0590, 4.360352
797.2010, 10.66211
798.3430, 18.10156
799.4850, 34.97559
800.6270, 0.8769530
801.7690, 63.78809
802.9100, 34.74219
804.0520, 42.72070
805.1930, 87.27148
806.3340, 39.25977
807.4750, 27.24707
808.6160, 136.2305
809.7560, 0.2109380
810.8970, 45.81348
812.0370, 96.13574
813.1770, 134.0840
814.3170, 44.03027
815.4570, 125.9746
816.5960, 93.91895
817.7360, 129.8623
818.8750, 7.196289
820.0140, 124.7422
821.1530, 104.6807
822.2920, 169.6182
823.4310, 220.5576
824.5690, 150.4961
825.7070, 18.56445
826.8460, 4.630859
827.9840, 175.2998
829.1220, 0.7666020
830.2590, 190.1670
831.3970, 17.10059
832.5340, 63.03613
833.6710, 271.9746
834.8080, 201.9150
835.9450, 307.8584
837.0820, 337.8027
838.2190, 354.7510
839.3550, 333.7012
840.4910, 312.6543
841.6270, 534.6113
842.7630, 462.5713
843.8990, 674.5342
845.0350, 691.5010
846.1700, 833.4717
847.3060, 923.4453
848.4410, 1387.425
849.5760, 1587.407
850.7100, 1781.394
851.8450, 1818.386
852.9800, 1938.383
854.1140, 2080.384
855.2480, 2125.390
856.3820, 2106.402
857.5160, 2028.418
858.6500, 1853.440
859.7830, 1860.469
860.9170, 1609.503
862.0500, 1512.542
863.1830, 1258.588
864.3160, 1184.640
865.4480, 1078.699
866.5810, 894.7666
867.7130, 824.8389
868.8460, 731.9180
869.9780, 708.0059
871.1100, 618.4385
872.2410, 619.2002
873.3730, 508.3076
874.5050, 494.4258
875.6360, 513.5664
876.7670, 295.7168
877.8980, 341.8730
879.0290, 437.0391
880.1590, 356.2119
881.2900, 136.3936
882.4200, 76.58496
883.5500, 312.7510
884.6800, 129.9629
885.8100, 288.1826
886.9400, 131.4150
888.0690, 237.6553
889.1990, 359.9053
890.3280, 230.1504
891.4570, 319.4189
892.5860, 311.5879
893.7140, 314.8789
894.8430, 381.5586
895.9710, 383.6133
897.1000, 326.5273
898.2280, 432.8779
899.3560, 318.2539
900.4830, 314.6426
901.6110, 340.9795
902.7380, 299.0781
903.8660, 155.5039
904.9930, 93.77930
906.1200, 98.77637
907.2460, 68.40820
908.3730, 157.0049
909.5000, 186.4219
910.6260, 289.9248
911.7520, 304.5625
912.8780, 121.6162
914.0040, 374.9395
915.1290, 355.1582
916.2550, 492.8486
917.3800, 666.4326
918.5050, 502.3145
919.6300, 524.7227
920.7550, 707.2383
921.8800, 607.8838
923.0040, 1016.831
924.1290, 863.0674
925.2530, 1243.761
926.3770, 1527.242
927.5010, 1604.007
928.6250, 1824.616
929.7480, 2065.476
930.8720, 2179.401
931.9950, 2588.143
933.1180, 2660.107
934.2410, 2649.711
935.3640, 2826.355
936.4860, 2682.074
937.6090, 2652.067
938.7310, 2458.959
939.8530, 2331.438
940.9750, 2169.625
942.0970, 1953.872
943.2180, 1751.141
944.3400, 1563.447
945.4610, 1310.666
946.5820, 1293.505
947.7030, 959.9102
948.8240, 1112.346
949.9450, 853.8467
951.0650, 898.3896
952.1860, 817.9707
953.3060, 739.5732
954.4260, 715.9463
955.5460, 652.2832
956.6650, 660.2812
957.7850, 583.9795
958.9040, 573.6982
960.0230, 570.4482
961.1420, 663.6523
962.2610, 577.3223
963.3800, 678.1338
964.4990, 468.9395
965.6170, 610.8174
966.7350, 529.7188
967.8530, 482.6621
968.9710, 589.6260
970.0890, 594.6104
971.2070, 546.6152
972.3240, 775.6396
973.4410, 730.6836
974.5580, 689.7480
975.6750, 898.8311
976.7920, 880.9346
977.9090, 1155.057
979.0250, 1174.198
980.1410, 1045.359
981.2580, 1254.542
982.3740, 1404.745
983.4890, 1497.968
984.6050, 1649.210
985.7200, 1980.471
986.8360, 2281.753
987.9510, 2421.053
989.0660, 2982.375
990.1810, 3214.721
991.2950, 3922.085
992.4100, 4553.469
993.5240, 5439.871
994.6390, 6208.294
995.7530, 7526.738
996.8660, 8858.200
997.9800, 10661.68
999.0940, 13305.26
1000.207, 16107.78
1001.320, 19456.32
1002.433, 23622.88
1003.546, 28426.46
1004.659, 33080.05
1005.772, 37397.66
1006.884, 40657.29
1007.996, 43053.27
1009.108, 44196.18
1010.220, 43497.87
1011.332, 41341.59
1012.444, 37653.30
1013.555, 33448.05
1014.666, 29034.81
1015.777, 24695.59
1016.888, 21340.90
1017.999, 18893.71
1019.110, 16634.55
1020.220, 15746.69
1021.331, 14917.56
1022.441, 14134.45
1023.551, 13829.35
1024.661, 13423.27
1025.770, 13012.28
1026.880, 12691.43
1027.989, 12219.92
1029.098, 11797.72
1030.207, 11257.84
1031.316, 10696.95
1032.425, 10057.05
1033.533, 9123.196
1034.642, 8394.359
1035.750, 7373.549
1036.858, 6705.775
1037.966, 5623.020
1039.073, 4934.281
1040.181, 4367.555
1041.288, 4008.848
1042.396, 3484.426
1043.503, 2951.434
1044.610, 2696.820
1045.716, 2496.221
1046.823, 1983.682
1047.929, 1846.189
1049.036, 1671.723
1050.142, 1640.470
1051.248, 1327.191
1052.353, 1232.162
1053.459, 972.8789
1054.564, 1021.628
1055.670, 1078.391
1056.775, 811.1895
1057.880, 674.1855
1058.985, 712.7969
1060.089, 579.6875
1061.194, 432.6748
1062.298, 444.5518
1063.402, 462.6982
1064.506, 453.5137
1065.610, 375.6494
1066.713, 375.4932
1067.817, 382.8311
1068.920, 348.9473
1070.023, 352.5830
1071.126, 325.9072
1072.229, 286.0820
1073.332, 262.2061
1074.435, 288.3574
1075.537, 445.4023
1076.639, 291.8574
1077.741, 396.2969
1078.843, 308.7217
1079.945, 310.5439
1081.046, 276.2959
1082.148, 276.8838
1083.249, 435.2480
1084.350, 326.7852
1085.451, 408.1484
1086.551, 492.5635
1087.652, 169.2852
1088.752, 226.6299
1089.853, 225.0527
1090.953, 278.3076
1092.053, 328.5078
1093.152, 228.7012
1094.252, 272.1582
1095.351, 75.35938
1096.451, 134.6553
1097.550, 128.0645
1098.649, 185.8643
1099.748, 183.3447
1100.846, 254.5645
1101.945, 66.91016
1103.043, 241.2373
1104.141, 396.4404
1105.239, 206.6436
1106.337, 195.8457
1107.434, 207.0449
1108.532, 303.2441
1109.629, 156.4404
1110.726, 123.6357
1111.823, 121.8525
1112.920, 122.3174
1114.017, 248.6309
1115.113, 205.8633
1116.210, 300.0469
1117.306, 177.2266
1118.402, 259.4033
1119.498, 258.5762
1120.593, 280.9238
1121.689, 267.5732
1122.784, 356.4414
1123.879, 208.6006
1124.974, 166.7549
1126.069, 159.9033
1127.164, 219.3809
1128.259, 58.52051
1129.353, 227.6562
1130.447, 6.214844
1131.541, 129.9609
1132.635, 111.0781
1133.729, 87.19824
1134.822, 154.3105
1135.916, 191.4180
1137.009, 210.5186
1138.102, 113.6133
1139.195, 15.29883
1140.288, 73.21680
1141.380, 65.82812
1142.473, 143.8652
1143.565, 175.8955
1144.657, 207.9189
1145.749, 25.93359
1146.841, 40.94141
1147.932, 17.05957
1149.024, 20.92578
1150.115, 56.90039
1151.206, 7.941406
1152.297, 40.35254
1153.388, 31.19727
1154.479, 53.70410
1155.569, 36.63184
1156.659, 18.55371
1157.750, 4.463867
1158.839, 110.3838
1159.929, 54.70898
1161.019, 41.16016
1162.108, 131.0166
1163.198, 48.13672
1164.287, 51.67090
1165.376, 81.46777
1166.465, 169.2529
1167.553, 168.7666
1168.642, 182.4385
1169.730, 179.5391
1170.818, 111.2764
1171.906, 161.0020
1172.994, 16.71484
1174.082, 1.586914
1175.170, 81.08984
1176.257, 195.7539
1177.344, 222.4053
1178.431, 77.04297
1179.518, 86.66504
1180.605, 48.27441
1181.691, 59.86816
1182.778, 22.44531
1183.864, 146.0049
1184.950, 116.5498
1186.036, 116.0781
1187.122, 176.5928
1188.207, 61.08984
1189.292, 118.4297
1190.378, 181.9570
1191.463, 153.6709
1192.548, 23.41211
1193.632, 154.1953
1194.717, 12.90625
1195.801, 69.98242
1196.886, 66.95996
1197.970, 41.97168
1199.054, 15.96094
1200.137, 16.13477
1201.221, 9.727539
1202.305, 19.44336
1203.388, 17.65918
1204.471, 112.9219
1205.554, 20.71875
1206.637, 36.66797
1207.719, 55.88867
1208.802, 98.57617
1209.884, 32.86719
1210.966, 6.714844
1212.048, 134.3408
1213.130, 43.84277
1214.212, 33.49707
1215.293, 90.64648
1216.374, 80.32812
1217.456, 19.01758
1218.536, 101.0322
1219.617, 84.05957
1220.698, 125.6748
1221.778, 8.948242
1222.859, 158.5078
1223.939, 87.42578
1225.019, 186.3223
1226.099, 48.80176
1227.178, 50.00586
1228.258, 51.96191
1229.337, 41.28320
1230.417, 150.4053
1231.496, 121.0742
1232.574, 125.7197
1233.653, 170.3457
1234.732, 213.9512
1235.810, 217.7246
1236.888, 238.3994
1237.966, 243.6426
1239.044, 214.1660
1240.122, 229.6680
1241.199, 155.1484
1242.277, 95.61133
1243.354, 132.0488
1244.431, 151.4648
1245.508, 220.8594
1246.585, 225.7832
1247.661, 203.5859
1248.738, 251.9199
1249.814, 71.23047
1250.890, 55.51562
1251.966, 126.7754
1253.042, 345.0117
1254.117, 219.2285
1255.193, 205.4219
1256.268, 90.59766
1257.343, 191.7480
1258.418, 260.8770
1259.493, 201.9844
1260.567, 156.9941
1261.642, 336.0605
1262.716, 374.7031
1263.790, 304.7266
1264.864, 397.7305
1265.938, 293.7129
1267.011, 289.6777
1268.085, 261.6191
1269.158, 377.4336
1270.231, 454.0820
1271.304, 397.9609
1272.377, 489.8203
1273.450, 368.6582
1274.522, 469.4785
1275.594, 428.2754
1276.666, 447.0527
1277.738, 478.2930
1278.810, 484.0273
1279.882, 297.7461
1280.953, 303.1484
1282.025, 457.8242
1283.096, 356.4805
1284.167, 444.1172
1285.238, 362.5273
1286.308, 230.0566
1287.379, 519.9355
1288.449, 403.5000
1289.519, 346.8477
1290.589, 449.3535
1291.659, 243.8613
1292.729, 505.3828
1293.798, 407.8477
1294.868, 462.2949
1295.937, 462.7246
1297.006, 387.1367
1298.075, 403.5273
1299.143, 357.9023
1300.212, 389.2578
1301.280, 263.5938
1302.348, 210.6895
1303.416, 378.3535
1304.484, 292.6367
1305.552, 485.9023
1306.620, 418.1484
1307.687, 408.3613
1308.754, 462.5742
1309.821, 397.6113
1310.888, 505.6719
1311.955, 395.5449
1313.021, 543.6855
1314.088, 520.8086
1315.154, 543.9180
1316.220, 513.0117
1317.286, 703.9238
1318.352, 603.2207
1319.417, 467.2676
1320.483, 668.2109
1321.548, 558.2617
1322.613, 550.0352
1323.678, 516.1367
1324.743, 387.9121
1325.807, 383.9707
1326.872, 265.5391
1327.936, 295.5332
1329.000, 322.6055
1330.064, 263.2012
1331.128, 328.9512
1332.191, 301.7598
1333.255, 231.5332
1334.318, 270.0469
1335.381, 226.8164
1336.444, 236.3223
1337.507, 201.7871
1338.569, 109.8633
1339.632, 105.0059
1340.694, 27.08984
1341.756, 43.27734
1342.818, 96.15234
1343.880, 128.6543
1344.941, 46.09961
1346.003, 143.2363
1347.064, 108.7402
1348.125, 178.1602
1349.186, 289.7402
1350.247, 37.62891
1351.308, 345.0000
1352.368, 96.36328
1353.428, 100.9766
1354.489, 145.8965
1355.549, 15.87695
1356.608, 127.8594
1357.668, 71.15820
1358.727, 279.7070
1359.787, 153.1172
1360.846, 88.53320
1361.905, 227.0703
1362.964, 162.5977
1364.022, 183.1191
1365.081, 148.6328
1366.139, 250.1426
1367.197, 69.64062
1368.255, 58.10156
1369.313, 233.5332
1370.371, 447.7070
1371.428, 192.0273
1372.486, 243.4160
1373.543, 165.8477
1374.600, 161.2734
1375.657, 65.69336
1376.713, 176.1074
1377.770, 192.0410
1378.826, 368.7246
1379.882, 254.9609
1380.938, 291.3574
1381.994, 261.7500
1383.050, 304.1367
1384.106, 304.7891
1385.161, 319.5703
1386.216, 310.9453
1387.271, 337.3184
1388.326, 314.2656
1389.381, 35.99609
1390.435, 193.3613
1391.490, 91.75781
1392.544, 47.11133
1393.598, 136.4590
1394.652, 239.8086
1395.705, 30.84570
1396.759, 185.4961
1397.812, 82.85352
1398.866, 55.20898
1399.919, 85.56250
1400.972, 181.9160
1402.024, 188.2715
1403.077, 211.6230
1404.129, 199.9766
1405.181, 100.3340
1406.233, 129.6914
1407.285, 235.0508
1408.337, 301.4141
1409.389, 56.78125
1410.440, 106.1484
1411.491, 24.47852
1412.542, 224.8809
1413.593, 85.74219
1414.644, 298.6230
1415.695, 651.9902
1416.745, 548.9082
1417.795, 1156.771
1418.845, 756.1738
1419.895, 625.6367
1420.945, 920.0645
1421.995, 973.5000
1423.044, 595.9434
1424.093, 824.3984
1425.142, 249.8652
1426.191, 135.3379
1427.240, 334.9551
1428.289, 274.4531
1429.337, 176.9648
1430.385, 257.4316
1431.433, 444.2266
1432.481, 300.7148
1433.529, 311.2188
1434.577, 421.7324
1435.624, 329.2578
1436.672, 375.7949
1437.719, 581.3398
1438.766, 697.8965
1439.812, 926.4512
1440.859, 861.7266
1441.905, 996.3145
1442.952, 872.9375
1443.998, 962.4473
1445.044, 1097.996
1446.090, 984.1719
1447.135, 1028.039
1448.181, 1183.143
1449.226, 1041.293
1450.271, 1045.500
1451.316, 1087.734
1452.361, 1225.000
1453.405, 1211.336
1454.450, 1004.732
1455.494, 1319.182
1456.538, 1053.684
1457.582, 1203.902
1458.626, 1043.598
1459.670, 1053.184
1460.713, 1024.914
1461.757, 874.8105
1462.800, 756.5469
1463.843, 806.3145
1464.886, 724.9180
1465.928, 610.7852
1466.971, 643.6562
1468.013, 673.5352
1469.055, 554.4180
1470.097, 618.3047
1471.139, 615.1992
1472.181, 575.4570
1473.222, 549.0195
1474.263, 553.9434
1475.305, 578.8789
1476.346, 596.8340
1477.386, 351.8008
1478.427, 386.7812
1479.468, 442.7754
1480.508, 495.7793
1481.548, 551.5938
1482.588, 464.5977
1483.628, 416.6152
1484.668, 557.9141
1485.707, 245.9375
1486.747, 442.9766
1487.786, 397.0293
1488.825, 316.0957
1489.864, 259.1758
1490.902, 211.0332
1491.941, 309.1484
1492.979, 187.2109
1494.017, 186.2188
1495.055, 349.2402
1496.093, 228.2754
1497.131, 213.3223
1498.168, 258.3848
1499.206, 134.4590
1500.243, 151.5430
1501.280, 164.6406
1502.317, 130.0195
1503.354, 126.8711
1504.390, 170.0059
1505.426, 260.1543
1506.463, 354.3086
1507.499, 154.4707
1508.535, 252.6309
1509.570, 159.8184
1510.606, 153.0391
1511.641, 337.2930
1512.676, 130.5762
1513.711, 276.8867
1514.746, 92.22461
1515.781, 2.414063
1516.816, 150.9980
1517.850, 58.45703
1518.884, 161.9453
1519.918, 211.4473
1520.952, 140.9707
1521.986, 216.6914
1523.019, 56.07227
1524.053, 240.6543
1525.086, 194.2559
1526.119, 180.8750
1527.152, 267.5762
1528.185, 158.3184
1529.217, 194.1152
1530.250, 257.9395
1531.282, 314.7949
1532.314, 353.9238
1533.346, 141.9746
1534.377, 319.1895
1535.409, 239.4609
1536.440, 46.21094
1537.472, 271.1797
1538.503, 420.6367
1539.534, 198.1660
1540.564, 106.7715
1541.595, 202.4629
1542.625, 265.2383
1543.656, 22.90820
1544.686, 102.8633
1545.716, 50.91797
1546.745, 134.0820
1547.775, 354.3652
1548.804, 90.78125
1549.834, 233.3359
1550.863, 19.04297
1551.892, 251.9121
1552.920, 144.9414
1553.949, 216.7578
1554.977, 3.783203
1556.006, 227.7539
1557.034, 224.3535
1558.062, 100.6035
1559.089, 119.2695
1560.117, 150.9141
1561.144, 186.8164
1562.172, 94.96875
1563.199, 78.70312
1564.226, 3.097656
1565.252, 129.1328
1566.279, 83.49219
1567.305, 0.7929690
1568.332, 199.4473
1569.358, 178.2480
1570.384, 0.0000000E+00
##END=



