##NAMES=Enstatite
##RRUFFID=R040093
##IDEAL CHEMISTRY=MgSiO_3_
##LOCALITY=Castle Rock, Pennsylvania, USA
##OWNER=RRUFF
##SOURCE=University of Arizona Mineral Museum
##DESCRIPTION=Dark green massive
##STATUS=The identification of this mineral has been confirmed by X-ray diffraction and chemical analysis
##URL=rruff.info/R040093
##MEASURED CHEMISTRY=(Mg_0.84_Fe_0.15_Al_0.01_)Si_1.00_O_3_
##PIN_ID=L00094
##ORIENTATION=Laser parallel to -b* (0 -1 0). Fiducial mark perpendicular to laser is parallel to c [0 0 1]
103.0850, 0.0000000E+00
104.3220, 845.9102
105.5590, 1769.517
106.7950, 1957.584
108.0320, 1717.176
109.2680, 1502.980
110.5040, 1094.512
111.7400, 1089.776
112.9760, 679.5762
114.2120, 562.4814
115.4470, 1106.442
116.6820, 930.0400
117.9170, 787.9033
119.1520, 1148.560
120.3870, 1884.204
121.6220, 2605.838
122.8560, 2599.038
124.0900, 2755.190
125.3240, 3224.588
126.5580, 4151.340
127.7920, 5475.336
129.0260, 6579.809
130.2590, 7840.781
131.4920, 8857.520
132.7250, 9500.090
133.9580, 7891.209
135.1910, 6789.420
136.4230, 5680.288
137.6560, 4427.846
138.8880, 3811.350
140.1200, 3341.359
141.3520, 2820.456
142.5830, 2736.578
143.8150, 2652.594
145.0460, 2617.573
146.2770, 2682.500
147.5080, 2411.428
148.7390, 2244.032
149.9700, 2056.932
151.2000, 1586.646
152.4310, 1466.463
153.6610, 1012.962
154.8910, 744.4424
156.1210, 565.4111
157.3500, 309.9346
158.5800, 185.9326
159.8090, 75.73145
161.0380, 68.03027
162.2670, 6.203125
163.4960, 22.51465
164.7240, 32.43945
165.9530, 54.88086
167.1810, 120.0527
168.4090, 139.2783
169.6370, 332.5488
170.8650, 354.8623
172.0920, 210.2178
173.3200, 321.6104
174.5470, 243.0420
175.7740, 152.5439
177.0010, 191.1934
178.2280, 194.5664
179.4540, 218.2139
180.6810, 202.6484
181.9070, 244.0537
183.1330, 385.3545
184.3590, 517.9707
185.5850, 803.7012
186.8100, 1001.579
188.0350, 1123.432
189.2610, 954.0342
190.4860, 1161.268
191.7110, 1222.540
192.9350, 1083.539
194.1600, 1307.883
195.3840, 1196.477
196.6080, 1121.878
197.8320, 911.2930
199.0560, 686.7168
200.2800, 408.1504
201.5030, 376.5928
202.7270, 311.0420
203.9500, 310.4893
205.1730, 203.9053
206.3950, 4.241211
207.6180, 131.4170
208.8410, 9.372070
210.0630, 187.9463
211.2850, 91.97559
212.5070, 223.5352
213.7290, 238.8555
214.9500, 233.1914
216.1720, 390.5459
217.3930, 483.9268
218.6140, 724.3301
219.8350, 894.7559
221.0560, 1195.238
222.2770, 1530.760
223.4970, 1833.362
224.7170, 2002.077
225.9370, 2385.854
227.1570, 2587.863
228.3770, 3012.104
229.5970, 3493.454
230.8160, 4100.817
232.0350, 4447.246
233.2540, 5043.739
234.4730, 5411.275
235.6920, 5628.812
236.9110, 5557.341
238.1290, 5121.855
239.3470, 4476.357
240.5650, 3513.850
241.7830, 2524.330
243.0010, 1583.801
244.2180, 873.2588
245.4360, 575.7061
246.6530, 284.1406
247.8700, 123.5635
249.0870, 31.03223
250.3040, 172.3057
251.5200, 47.35059
252.7370, 8.020508
253.9530, 318.2646
255.1690, 836.8457
256.3850, 1069.604
257.6000, 1076.440
258.8160, 581.2686
260.0310, 184.0117
261.2460, 91.37793
262.4610, 10.96387
263.6760, 142.7344
264.8910, 112.7432
266.1050, 28.02539
267.3200, 89.36133
268.5340, 146.3867
269.7480, 203.0820
270.9620, 311.4873
272.1750, 520.6299
273.3890, 511.5371
274.6020, 346.2314
275.8150, 441.7236
277.0280, 302.0146
278.2410, 310.0537
279.4540, 59.76367
280.6660, 21.02539
281.8790, 29.72949
283.0910, 42.41699
284.3030, 19.52734
285.5140, 132.6455
286.7260, 105.4922
287.9380, 571.2939
289.1490, 741.0654
290.3600, 943.8184
291.5710, 1144.459
292.7820, 1238.620
293.9920, 1303.946
295.2030, 1446.609
296.4130, 1364.244
297.6230, 1510.854
298.8330, 1707.432
300.0430, 1542.972
301.2520, 1533.404
302.4620, 1514.735
303.6710, 1443.684
304.8800, 1588.012
306.0890, 1679.063
307.2980, 1526.996
308.5070, 1505.442
309.7150, 1608.175
310.9230, 1728.372
312.1310, 1933.248
313.3390, 2019.119
314.5470, 2126.867
315.7550, 2467.568
316.9620, 2613.949
318.1690, 3072.486
319.3760, 3246.113
320.5830, 3699.748
321.7900, 3939.127
322.9960, 4245.176
324.2030, 4678.180
325.4090, 5249.186
326.6150, 5977.884
327.8210, 6797.523
329.0270, 7869.102
330.2320, 9125.516
331.4380, 10471.85
332.6430, 12386.18
333.8480, 14178.49
335.0530, 16585.11
336.2580, 18609.33
337.4620, 20750.61
338.6670, 22328.76
339.8710, 23641.97
341.0750, 23768.12
342.2790, 23615.10
343.4820, 22348.48
344.6860, 20303.10
345.8890, 17845.75
347.0920, 14866.30
348.2960, 12331.83
349.4980, 10564.58
350.7010, 8858.066
351.9040, 7763.363
353.1060, 6880.688
354.3080, 6179.792
355.5100, 5483.293
356.7120, 5043.448
357.9140, 4791.759
359.1150, 4333.693
360.3170, 4267.570
361.5180, 3685.546
362.7190, 3464.253
363.9200, 3265.809
365.1200, 3134.150
366.3210, 2962.084
367.5210, 2958.889
368.7210, 2957.688
369.9210, 2858.479
371.1210, 3042.262
372.3210, 2976.039
373.5200, 3417.805
374.7200, 3506.562
375.9190, 3639.309
377.1180, 3751.045
378.3170, 3856.771
379.5150, 3884.877
380.7140, 3943.191
381.9120, 3851.887
383.1110, 3710.570
384.3090, 3575.244
385.5060, 3264.907
386.7040, 3207.560
387.9020, 3278.203
389.0990, 3471.836
390.2960, 3368.458
391.4930, 3624.710
392.6900, 3918.195
393.8860, 4212.535
395.0830, 4372.986
396.2790, 4748.635
397.4750, 4898.190
398.6710, 4964.370
399.8670, 4852.754
401.0630, 4923.090
402.2580, 4861.662
403.4540, 4741.608
404.6490, 4725.877
405.8440, 4582.049
407.0390, 4415.102
408.2330, 4646.719
409.4280, 4358.059
410.6220, 4359.562
411.8160, 4477.512
413.0100, 4413.969
414.2040, 4463.809
415.3980, 4432.047
416.5910, 4112.793
417.7850, 3595.502
418.9780, 3304.736
420.1710, 2912.322
421.3640, 2491.279
422.5560, 2310.224
423.7490, 2000.847
424.9410, 1769.976
426.1330, 1624.447
427.3250, 1408.569
428.5170, 1479.490
429.7090, 1554.145
430.9000, 1461.452
432.0910, 1551.846
433.2820, 1920.226
434.4730, 2149.592
435.6640, 2309.944
436.8550, 2342.281
438.0450, 2549.605
439.2360, 2639.915
440.4260, 2658.211
441.6160, 2708.492
442.8060, 2313.760
443.9950, 2012.016
445.1850, 1601.257
446.3740, 1364.486
447.5630, 961.7041
448.7520, 1140.913
449.9410, 701.1201
451.1300, 599.3262
452.3180, 770.5430
453.5060, 605.7773
454.6950, 541.0312
455.8830, 647.3105
457.0700, 548.6230
458.2580, 741.0010
459.4450, 551.4678
460.6330, 711.0361
461.8200, 759.9541
463.0070, 862.7275
464.1940, 730.9385
465.3800, 697.7842
466.5670, 550.6230
467.7530, 532.5664
468.9390, 478.7021
470.1250, 452.5166
471.3110, 332.3213
472.4970, 300.5576
473.6820, 297.9014
474.8680, 176.6768
476.0530, 176.4434
477.2380, 102.1982
478.4230, 2.056641
479.6070, 40.33594
480.7920, 194.3477
481.9760, 6.979492
483.1600, 13.67188
484.3440, 141.6914
485.5280, 61.14844
486.7120, 20.34473
487.8950, 20.17578
489.0780, 84.72363
490.2620, 200.3330
491.4450, 204.0625
492.6270, 207.8750
493.8100, 206.8398
494.9920, 103.8662
496.1750, 117.9570
497.3570, 3.926758
498.5390, 45.20117
499.7210, 11.26953
500.9020, 181.4072
502.0840, 0.4609380
503.2650, 44.62402
504.4460, 38.74023
505.6270, 3.107422
506.8080, 33.71973
507.9890, 128.8027
509.1690, 175.6943
510.3500, 244.5918
511.5300, 345.4922
512.7100, 407.4023
513.8900, 557.3145
515.0690, 733.2188
516.2490, 804.1211
517.4280, 840.0195
518.6070, 977.9326
519.7860, 996.8594
520.9650, 1017.804
522.1440, 1180.772
523.3220, 1383.750
524.5010, 1056.720
525.6790, 1265.682
526.8570, 1158.669
528.0350, 1211.658
529.2130, 1243.652
530.3900, 1295.638
531.5670, 1368.614
532.7450, 1396.580
533.9220, 1655.539
535.0980, 1836.521
536.2750, 1984.516
537.4520, 2291.565
538.6280, 2403.613
539.8040, 2218.678
540.9800, 2188.776
542.1560, 1926.904
543.3320, 1784.045
544.5070, 1724.198
545.6830, 1596.349
546.8580, 1415.494
548.0330, 1504.677
549.2080, 1265.875
550.3830, 1194.125
551.5570, 1169.421
552.7310, 976.7373
553.9060, 834.0605
555.0800, 654.3887
556.2540, 763.7129
557.4270, 802.0322
558.6010, 756.3438
559.7740, 601.6475
560.9470, 661.9482
562.1210, 621.2402
563.2930, 606.5391
564.4660, 617.8330
565.6390, 574.1338
566.8110, 723.4482
567.9830, 795.7744
569.1550, 814.6816
570.3270, 902.0830
571.4990, 857.8760
572.6710, 957.2500
573.8420, 912.6182
575.0130, 862.9775
576.1840, 839.3320
577.3550, 889.6777
578.5260, 852.0166
579.6970, 802.3486
580.8670, 751.3027
582.0370, 674.1299
583.2070, 578.3008
584.3770, 500.6035
585.5470, 414.8994
586.7170, 321.1865
587.8860, 354.4678
589.0550, 268.7402
590.2240, 376.0068
591.3930, 368.2646
592.5620, 272.5156
593.7310, 404.7578
594.8990, 415.9932
596.0670, 240.2178
597.2350, 233.4355
598.4030, 345.6445
599.5710, 198.8438
600.7390, 243.0342
601.9060, 56.21484
603.0740, 113.3818
604.2410, 25.53711
605.4080, 186.6787
606.5740, 205.8076
607.7410, 96.92578
608.9080, 49.03125
610.0740, 220.1211
611.2400, 313.1992
612.4060, 240.2666
613.5720, 210.3213
614.7370, 197.3643
615.9030, 170.3730
617.0680, 247.3506
618.2330, 364.0488
619.3980, 413.0840
620.5630, 468.0020
621.7280, 525.9727
622.8920, 576.7695
624.0570, 611.0273
625.2210, 668.5156
626.3850, 871.0449
627.5490, 805.3818
628.7120, 999.5645
629.8760, 913.5791
631.0390, 1079.494
632.2020, 1283.994
633.3650, 1199.647
634.5280, 1398.128
635.6910, 1473.104
636.8530, 1553.155
638.0160, 1906.430
639.1780, 1907.498
640.3400, 2232.310
641.5020, 2827.926
642.6640, 3036.373
643.8250, 3560.182
644.9870, 3909.146
646.1480, 4557.782
647.3090, 5233.109
648.4700, 5917.837
649.6300, 7080.445
650.7910, 8335.589
651.9510, 9758.224
653.1120, 11478.14
654.2720, 13531.91
655.4320, 15806.76
656.5910, 17948.47
657.7510, 20592.65
658.9100, 22814.51
660.0690, 24866.23
661.2290, 26533.01
662.3880, 27001.46
663.5460, 27194.23
664.7050, 25875.79
665.8630, 24526.24
667.0220, 23038.10
668.1800, 21919.28
669.3380, 21178.82
670.4950, 21026.31
671.6530, 21481.79
672.8100, 22421.26
673.9680, 23749.33
675.1250, 25399.76
676.2820, 27608.17
677.4390, 29639.57
678.5950, 31848.29
679.7520, 34463.77
680.9080, 36345.89
682.0640, 37954.48
683.2200, 38341.84
684.3760, 37190.77
685.5320, 35456.05
686.6870, 31668.32
687.8420, 27946.56
688.9980, 23541.88
690.1530, 19763.08
691.3070, 16156.27
692.4620, 13235.64
693.6170, 11067.42
694.7710, 9204.555
695.9250, 7557.663
697.0790, 6623.754
698.2330, 5591.828
699.3870, 5046.881
700.5400, 4337.913
701.6940, 3880.925
702.8470, 3385.919
704.0000, 2761.896
705.1530, 2618.852
706.3050, 2273.789
707.4580, 2151.706
708.6100, 1950.604
709.7630, 1791.482
710.9150, 1669.343
712.0660, 1520.241
713.2180, 1384.001
714.3700, 1292.521
715.5210, 1180.581
716.6720, 1094.341
717.8240, 1037.082
718.9740, 939.6523
720.1250, 823.5049
721.2760, 800.1885
722.4260, 795.8516
723.5770, 774.4951
724.7270, 682.1201
725.8770, 685.3555
727.0260, 662.3105
728.1760, 637.8770
729.3250, 651.4248
730.4750, 638.9531
731.6240, 605.7227
732.7730, 458.9531
733.9220, 507.4238
735.0700, 487.8770
736.2190, 384.3105
737.3670, 443.7363
738.5150, 407.1523
739.6630, 482.5000
740.8110, 414.5732
741.9590, 442.7676
743.1060, 446.7773
744.2540, 538.0801
745.4010, 562.3662
746.5480, 560.5205
747.6950, 415.4570
748.8410, 505.6885
749.9880, 636.9023
751.1340, 487.0996
752.2800, 716.2783
753.4260, 574.4385
754.5720, 391.5820
755.7180, 472.7100
756.8640, 283.8203
758.0090, 338.9199
759.1540, 194.0166
760.2990, 233.0977
761.4440, 176.1689
762.5890, 263.2256
763.7340, 166.3076
764.8780, 91.39453
766.0220, 79.46582
767.1660, 105.5312
768.3100, 64.60645
769.4540, 246.7207
770.5980, 148.1221
771.7410, 63.97949
772.8840, 55.12305
774.0280, 81.71875
775.1700, 52.39551
776.3130, 121.5010
777.4560, 149.4834
778.5980, 219.5723
779.7410, 192.7568
780.8830, 1.923828
782.0250, 49.59180
783.1670, 13.74414
784.3080, 54.11328
785.4500, 150.5449
786.5910, 20.08594
787.7320, 13.66992
788.8730, 38.29102
790.0140, 11.96289
791.1550, 56.32812
792.2950, 3.474609
793.4360, 5.007813
794.5760, 51.91797
795.7160, 63.75000
796.8560, 78.64062
797.9960, 96.59766
799.1350, 44.63281
800.2750, 20.28516
801.4140, 100.1895
802.5530, 111.9199
803.6920, 24.10742
804.8310, 30.33203
805.9690, 40.41016
807.1080, 81.13867
808.2460, 52.85742
809.3840, 38.56836
810.5220, 82.73242
811.6600, 155.9102
812.7970, 196.5410
813.9350, 78.16406
815.0720, 34.22266
816.2090, 143.6406
817.3460, 139.3672
818.4830, 68.74023
819.6200, 82.37891
820.7560, 9.070313
821.8930, 51.21875
823.0290, 8.503906
824.1650, 72.71094
825.3010, 1.052734
826.4360, 96.31445
827.5720, 14.57031
828.7070, 27.17969
829.8420, 16.94727
830.9770, 16.26953
832.1120, 28.48242
833.2470, 32.82227
834.3820, 15.89453
835.5160, 9.093750
836.6500, 14.28906
837.7840, 50.51562
838.9180, 332.6504
840.0520, 119.8184
841.1860, 263.9805
842.3190, 272.1406
843.4520, 242.3008
844.5850, 395.4570
845.7180, 277.6133
846.8510, 413.7695
847.9840, 614.9219
849.1160, 889.0762
850.2490, 931.2285
851.3810, 1292.381
852.5130, 1552.531
853.6450, 1786.686
854.7760, 1935.838
855.9080, 2326.992
857.0390, 2620.146
858.1700, 2642.301
859.3010, 2771.459
860.4320, 2515.619
861.5630, 2562.779
862.6930, 2255.943
863.8240, 2081.109
864.9540, 1867.277
866.0840, 1799.447
867.2140, 1649.621
868.3440, 1225.799
869.4730, 1301.980
870.6030, 1090.164
871.7320, 867.3516
872.8610, 806.5449
873.9900, 673.7402
875.1190, 637.9434
876.2470, 542.1484
877.3760, 325.3633
878.5040, 402.5801
879.6320, 301.8066
880.7600, 388.0371
881.8880, 280.2734
883.0150, 351.5176
884.1430, 376.7676
885.2700, 426.0254
886.3970, 343.2891
887.5240, 496.5625
888.6510, 458.8418
889.7780, 362.1270
890.9040, 423.4199
892.0310, 451.7246
893.1570, 343.0410
894.2830, 623.3691
895.4090, 594.0938
896.5350, 464.0488
897.6600, 715.4004
898.7860, 588.7617
899.9110, 553.1328
901.0360, 543.4355
902.1610, 418.7051
903.2860, 452.1094
904.4100, 431.3594
905.5350, 371.8105
906.6590, 488.9043
907.7830, 570.2461
908.9070, 594.5645
910.0310, 515.9375
911.1540, 551.2949
912.2780, 505.2715
913.4010, 549.9434
914.5240, 516.4531
915.6470, 694.1035
916.7700, 750.0547
917.8930, 918.5547
919.0150, 1089.631
920.1380, 984.2266
921.2600, 1197.830
922.3820, 1355.682
923.5040, 1596.000
924.6260, 1878.838
925.7470, 1971.396
926.8690, 2287.117
927.9900, 2705.793
929.1110, 2737.623
930.2320, 2997.049
931.3530, 3313.965
932.4730, 3573.830
933.5940, 3779.830
934.7140, 3777.150
935.8340, 4051.770
936.9540, 4170.133
938.0740, 4136.502
939.1930, 4037.051
940.3130, 3868.088
941.4320, 3678.408
942.5510, 3362.787
943.6700, 3217.199
944.7890, 2924.654
945.9080, 2791.527
947.0260, 2526.053
948.1450, 2256.600
949.2630, 2231.170
950.3810, 2086.447
951.4990, 1758.988
952.6170, 1702.918
953.7340, 1509.865
954.8520, 1499.094
955.9690, 1288.285
957.0860, 1338.135
958.2030, 1343.014
959.3200, 1315.934
960.4360, 1351.787
961.5530, 1366.756
962.6690, 1232.754
963.7850, 1191.576
964.9010, 1125.988
966.0170, 1136.064
967.1330, 1139.172
968.2480, 1040.322
969.3630, 1041.506
970.4790, 1183.727
971.5940, 1067.002
972.7080, 1200.311
973.8230, 1125.682
974.9380, 1209.104
976.0520, 1289.559
977.1660, 1252.043
978.2800, 1407.564
979.3940, 1615.113
980.5080, 1636.699
981.6220, 1946.316
982.7350, 1993.973
983.8480, 2307.654
984.9610, 2525.369
986.0740, 2965.111
987.1870, 3144.883
988.3000, 3498.682
989.4120, 4073.512
990.5250, 4672.367
991.6370, 5530.252
992.7490, 6544.160
993.8610, 7623.484
994.9720, 8954.824
996.0840, 10543.10
997.1950, 12362.13
998.3060, 14762.20
999.4170, 17642.29
1000.528, 20906.41
1001.639, 24638.56
1002.750, 29601.72
1003.860, 34269.92
1004.970, 39706.15
1006.080, 45364.41
1007.190, 50286.68
1008.300, 53895.99
1009.410, 55760.33
1010.519, 54586.68
1011.628, 50647.07
1012.738, 45401.49
1013.846, 39667.94
1014.955, 34083.42
1016.064, 29724.91
1017.172, 26497.45
1018.281, 23925.00
1019.389, 22044.58
1020.497, 20402.18
1021.605, 18698.80
1022.713, 17840.45
1023.820, 16752.12
1024.928, 15702.81
1026.035, 15030.34
1027.142, 14350.08
1028.249, 13432.98
1029.356, 12879.76
1030.462, 12280.67
1031.569, 11815.50
1032.675, 10976.35
1033.781, 9977.227
1034.887, 9403.121
1035.993, 8489.162
1037.098, 7870.105
1038.204, 7179.238
1039.309, 6491.273
1040.415, 6063.484
1041.520, 5523.553
1042.624, 4915.641
1043.729, 4613.258
1044.834, 4238.709
1045.938, 3879.439
1047.042, 3603.398
1048.146, 3440.771
1049.250, 3185.457
1050.354, 3098.174
1051.458, 2988.881
1052.561, 2691.406
1053.664, 2696.174
1054.767, 2536.012
1055.870, 2406.230
1056.973, 2440.418
1058.076, 2266.707
1059.178, 2126.898
1060.281, 1988.098
1061.383, 1864.201
1062.485, 1793.850
1063.587, 1755.137
1064.688, 1637.488
1065.790, 1554.049
1066.891, 1349.012
1067.993, 1345.576
1069.094, 1092.990
1070.195, 1014.523
1071.295, 910.9336
1072.396, 961.8535
1073.496, 765.6309
1074.597, 749.3281
1075.697, 577.6523
1076.797, 804.6973
1077.897, 650.4707
1078.996, 634.9492
1080.096, 708.6191
1081.195, 521.8066
1082.294, 618.2480
1083.393, 537.9180
1084.492, 723.6426
1085.591, 512.9082
1086.689, 514.9629
1087.788, 674.9395
1088.886, 484.9883
1089.984, 576.4453
1091.082, 612.0664
1092.180, 719.6523
1093.277, 488.2480
1094.375, 728.9512
1095.472, 605.6348
1096.569, 606.5957
1097.666, 685.7969
1098.763, 554.4551
1099.860, 683.7109
1100.956, 459.0898
1102.053, 390.2559
1103.149, 380.9668
1104.245, 308.6367
1105.341, 422.8047
1106.436, 347.2422
1107.532, 393.1602
1108.627, 205.0918
1109.723, 355.8242
1110.818, 292.7988
1111.913, 418.9551
1113.007, 281.3730
1114.102, 341.4590
1115.197, 358.5039
1116.291, 321.5586
1117.385, 271.8535
1118.479, 235.1680
1119.573, 250.7949
1120.666, 360.8633
1121.760, 332.2129
1122.853, 437.7246
1123.947, 400.7070
1125.040, 233.0371
1126.132, 300.2520
1127.225, 259.4551
1128.318, 132.8496
1129.410, 371.6699
1130.502, 342.4082
1131.595, 154.6738
1132.687, 319.4629
1133.778, 120.1172
1134.870, 215.8281
1135.961, 287.4824
1137.053, 260.0234
1138.144, 309.4551
1139.235, 157.8184
1140.326, 70.28711
1141.416, 79.30469
1142.507, 188.6816
1143.597, 110.6680
1144.688, 243.6387
1145.778, 166.3770
1146.868, 298.1406
1147.957, 256.9785
1149.047, 78.70117
1150.136, 204.5801
1151.226, 156.5918
1152.315, 144.4316
1153.404, 229.2520
1154.493, 80.05078
1155.581, 135.3984
1156.670, 52.47852
1157.758, 74.24023
1158.846, 25.95117
1159.934, 147.8223
1161.022, 41.47461
1162.110, 148.4238
1163.198, 158.0312
1164.285, 131.8691
1165.372, 215.4316
1166.459, 64.02930
1167.546, 83.49609
1168.633, 77.96875
1169.720, 122.5898
1170.806, 56.13281
1171.892, 157.7676
1172.979, 186.4668
1174.065, 76.16602
1175.150, 37.36719
1176.236, 5.8594000E-02
1177.322, 43.47461
1178.407, 122.7988
1179.492, 97.67383
1180.577, 65.16992
1181.662, 75.28125
1182.747, 155.0605
1183.832, 83.18555
1184.916, 84.92773
1186.000, 5.916016
1187.084, 20.67188
1188.168, 10.39062
1189.252, 40.07617
1190.336, 120.2754
1191.419, 5.730469
1192.503, 172.2344
1193.586, 50.13086
1194.669, 132.2539
1195.752, 156.9082
1196.835, 19.81445
1197.917, 114.7871
1199.000, 63.33984
1200.082, 48.49609
1201.164, 3.296875
1202.246, 19.48828
1203.328, 47.79883
1204.409, 43.81250
1205.491, 6.615234
1206.572, 112.6777
1207.653, 43.72461
1208.734, 11.08594
1209.815, 72.39844
1210.896, 198.6738
1211.976, 50.09180
1213.057, 10.93945
1214.137, 61.84961
1215.217, 29.15039
1216.297, 46.10352
1217.377, 115.9883
1218.456, 53.80078
1219.536, 26.45508
1220.615, 144.2129
1221.694, 154.8418
1222.773, 154.4297
1223.852, 130.9805
1224.931, 136.1191
1226.009, 76.95312
1227.088, 53.37500
1228.166, 149.7480
1229.244, 32.91797
1230.322, 45.33398
1231.400, 1.535156
1232.477, 70.32617
1233.555, 151.7090
1234.632, 108.2988
1235.709, 32.43164
1236.786, 8.353516
1237.863, 93.07422
1238.939, 12.74805
1240.016, 88.35938
1241.092, 5.927734
1242.168, 52.42969
1243.245, 7.880859
1244.320, 80.26562
1245.396, 79.60352
1246.472, 60.89648
1247.547, 60.13867
1248.622, 89.33203
1249.697, 129.6914
1250.772, 58.58203
1251.847, 178.6348
1252.922, 133.6445
1253.996, 14.38867
1255.071, 263.4980
1256.145, 284.3457
1257.219, 57.14844
1258.293, 101.9043
1259.366, 110.6309
1260.440, 63.31250
1261.513, 102.9434
1262.587, 121.5293
1263.660, 110.0684
1264.733, 115.5645
1265.805, 140.0117
1266.878, 163.4160
1267.951, 175.7754
1269.023, 147.0938
1270.095, 275.3652
1271.167, 9.400391
1272.239, 288.7520
1273.311, 319.8652
1274.382, 92.93555
1275.454, 41.96094
1276.525, 192.9277
1277.596, 134.8535
1278.667, 338.7344
1279.738, 217.5762
1280.808, 436.3730
1281.879, 310.1543
1282.949, 348.8965
1284.019, 121.5977
1285.089, 167.2520
1286.159, 322.0527
1287.229, 250.6250
1288.298, 207.0176
1289.368, 371.5098
1290.437, 177.8613
1291.506, 413.2695
1292.575, 193.6426
1293.644, 345.9746
1294.712, 338.2637
1295.781, 241.3926
1296.849, 233.5977
1297.917, 402.5996
1298.985, 502.6758
1300.053, 419.6133
1301.121, 255.6699
1302.188, 418.6914
1303.255, 216.1992
1304.323, 323.8535
1305.390, 304.2539
1306.457, 441.4551
1307.523, 349.2891
1308.590, 427.8555
1309.656, 142.3770
1310.723, 265.8926
1311.789, 214.5762
1312.855, 257.0273
1313.921, 179.4375
1314.986, 326.4570
1316.052, 434.5020
1317.117, 423.4434
1318.182, 358.4746
1319.248, 308.4785
1320.312, 333.5684
1321.377, 238.1016
1322.442, 135.9941
1323.506, 163.8262
1324.571, 183.0078
1325.635, 277.6992
1326.699, 54.33398
1327.762, 278.0996
1328.826, 210.7305
1329.890, 56.49805
1330.953, 242.7441
1332.016, 342.1191
1333.079, 267.5508
1334.142, 57.33203
1335.205, 420.3691
1336.268, 197.6562
1337.330, 177.2383
1338.392, 245.6055
1339.454, 244.4316
1340.516, 256.1523
1341.578, 245.9102
1342.640, 265.5664
1343.701, 284.3125
1344.763, 273.3047
1345.824, 307.5762
1346.885, 299.9570
1347.946, 327.7422
1349.007, 333.0625
1350.067, 326.8750
1351.128, 327.6934
1352.188, 296.8613
1353.248, 324.0254
1354.308, 280.8945
1355.368, 317.8184
1356.428, 359.6387
1357.487, 330.1484
1358.547, 292.5078
1359.606, 191.0586
1360.665, 242.0391
1361.724, 372.0391
1362.783, 333.5234
1363.841, 259.7168
1364.900, 416.4023
1365.958, 228.0508
1367.016, 351.8730
1368.074, 145.4277
1369.132, 320.7773
1370.190, 303.8379
1371.247, 219.2090
1372.304, 440.5918
1373.362, 279.0312
1374.419, 483.1133
1375.476, 178.1543
1376.532, 313.5156
1377.589, 162.0859
1378.645, 160.0137
1379.702, 360.7520
1380.758, 274.2832
1381.814, 240.8633
1382.870, 327.8203
1383.925, 155.7637
1384.981, 264.4902
1386.036, 189.3750
1387.092, 308.7031
1388.147, 291.4824
1389.202, 211.7129
1390.256, 304.0508
1391.311, 409.3047
1392.365, 213.5898
1393.420, 254.9629
1394.474, 303.4219
1395.528, 381.9199
1396.582, 298.2871
1397.636, 304.0781
1398.689, 222.4844
1399.742, 254.2578
1400.796, 193.0234
1401.849, 215.9941
1402.902, 211.9141
1403.955, 334.4062
1405.007, 171.6465
1406.060, 295.3770
1407.112, 220.9512
1408.164, 345.8984
1409.216, 383.6133
1410.268, 397.3223
1411.320, 201.4629
1412.371, 307.8008
1413.423, 74.50977
1414.474, 278.2031
1415.525, 279.7129
1416.576, 310.4141
1417.627, 236.7988
1418.678, 112.5000
1419.728, 148.9492
1420.778, 159.6504
1421.829, 382.2773
1422.879, 397.8809
1423.928, 317.4512
1424.978, 295.1152
1426.028, 111.8086
1427.077, 38.50586
1428.126, 50.20508
1429.176, 51.69531
1430.225, 97.95508
1431.273, 192.2734
1432.322, 211.8906
1433.371, 239.5195
1434.419, 214.1484
1435.467, 94.80273
1436.515, 326.0977
1437.563, 287.7500
1438.611, 68.34961
1439.658, 229.0020
1440.706, 233.4609
1441.753, 227.1211
1442.800, 316.7812
1443.847, 317.4453
1444.894, 246.1211
1445.941, 178.9902
1446.987, 187.1094
1448.034, 387.9219
1449.080, 130.4746
1450.126, 375.2461
1451.172, 426.2031
1452.218, 243.1562
1453.263, 351.6348
1454.309, 293.6875
1455.354, 351.8262
1456.399, 253.8242
1457.444, 431.3203
1458.489, 171.4160
1459.534, 111.9707
1460.579, 210.5098
1461.623, 206.0840
1462.667, 456.7148
1463.711, 289.3789
1464.755, 321.0918
1465.799, 416.8125
1466.843, 235.5195
1467.886, 69.21875
1468.930, 271.9121
1469.973, 419.6484
1471.016, 332.4414
1472.059, 104.3105
1473.101, 332.2852
1474.144, 106.2812
1475.186, 85.30859
1476.229, 289.3770
1477.271, 222.4648
1478.313, 73.57227
1479.355, 296.6914
1480.396, 288.8301
1481.438, 248.9980
1482.479, 114.1953
1483.520, 191.3848
1484.561, 138.8418
1485.602, 130.7773
1486.643, 208.0020
1487.684, 149.2441
1488.724, 306.5039
1489.765, 260.7988
1490.805, 208.1289
1491.845, 163.4941
1492.885, 316.8906
1493.924, 352.3027
1494.964, 290.6641
1496.003, 133.0469
1497.042, 307.4492
1498.082, 8.132813
1499.120, 202.3047
1500.159, 403.7656
1501.198, 138.2422
1502.236, 152.7422
1503.275, 114.2656
1504.313, 97.10547
1505.351, 132.3672
1506.389, 202.9473
1507.427, 92.55273
1508.464, 133.1875
1509.502, 113.8516
1510.539, 95.45898
1511.576, 138.2617
1512.613, 273.0098
1513.650, 88.77930
1514.687, 336.5742
1515.723, 103.3965
1516.759, 86.24414
1517.796, 46.11523
1518.832, 245.0352
1519.868, 131.0078
1520.903, 141.0254
1521.939, 156.0898
1522.975, 76.20117
1524.010, 238.3594
1525.045, 5.570313
1526.080, 93.82812
1527.115, 379.1348
1528.150, 164.4902
1529.184, 136.8867
1530.219, 134.3320
1531.253, 193.8301
1532.287, 93.62305
1533.321, 241.9746
1534.355, 214.6309
1535.388, 380.3418
1536.422, 51.10938
1537.455, 147.9375
1538.488, 56.82812
1539.522, 131.5137
1540.554, 291.5332
1541.587, 111.6250
1542.620, 200.7988
1543.652, 49.84961
1544.685, 229.2676
1545.717, 314.7617
1546.749, 343.8320
1547.781, 81.66406
1548.812, 195.7148
1549.844, 159.0938
1550.875, 116.3477
1551.906, 283.5293
1552.938, 64.07812
1553.968, 228.0527
1554.999, 239.0645
1556.030, 292.4141
1557.060, 220.6230
1558.091, 195.6230
1559.121, 322.2480
1560.151, 364.7637
1561.181, 275.1035
1562.211, 220.4707
1563.240, 98.08984
1564.270, 97.59570
1565.299, 305.9414
1566.328, 304.0625
1567.357, 68.87305
1568.386, 118.0293
1569.415, 3.523438
1570.443, 7.646484
1571.472, 155.8398
1572.500, 192.0430
1573.528, 143.4707
1574.556, 105.3125
1575.584, 259.7285
1576.611, 242.0156
1577.639, 186.7695
1578.666, 0.0000000E+00
##END=



