##NAMES=Epidote
##RRUFFID=R050303
##IDEAL CHEMISTRY=Ca_2_Fe^3+^Al_2_(Si_2_O_7_)(SiO_4_)O(OH)
##LOCALITY=San Martin mine, Zacatecas, Mexico
##OWNER=RRUFF
##SOURCE=Eugene Schlepp
##DESCRIPTION=Green elongated prismatic crystals
##STATUS=The identification of this mineral has been confirmed by X-ray diffraction and chemical analysis
##URL=rruff.info/R050303
##MEASURED CHEMISTRY=Ca_2.00_Al_2.00_(Fe^3+^_0.97_Al_0.03_)(SiO_4_)(Si_2_O_7_)O(OH)
##PIN_ID=L00691
##ORIENTATION=Laser parallel to -b* (0 -1 0). Fiducial mark perpendicular to laser is parallel to -c [0 0 -1]
53.91000, 0.0000000E+00
55.14900, 2652.560
56.38700, 3725.539
57.62600, 2843.359
58.86400, 2468.521
60.10300, 644.7358
61.34100, 409.8431
62.57900, 187.0259
63.81700, 35.14465
65.05400, 55.48657
66.29200, 133.6079
67.52900, 141.9104
68.76700, 37.98071
70.00400, 168.5017
71.24100, 236.1467
72.47700, 384.4624
73.71400, 711.0305
74.95100, 1243.444
76.18700, 1827.325
77.42300, 2505.383
78.65900, 3519.376
79.89500, 4844.077
81.13100, 6685.278
82.36700, 9028.787
83.60200, 11929.42
84.83700, 14821.01
86.07200, 17840.41
87.30800, 20525.46
88.54200, 22368.04
89.77700, 22434.04
91.01200, 21054.33
92.24600, 18560.76
93.48000, 15557.14
94.71400, 12798.31
95.94800, 10277.14
97.18200, 8282.562
98.41600, 6929.650
99.64900, 5881.492
100.8830, 4919.062
102.1160, 4013.265
103.3490, 3553.012
104.5820, 3443.245
105.8150, 3569.930
107.0470, 4296.007
108.2800, 5092.416
109.5120, 3894.098
110.7440, 2705.002
111.9760, 2367.085
113.2080, 2254.301
114.4400, 2502.612
115.6710, 2691.984
116.9030, 2535.384
118.1340, 2656.779
119.3650, 2747.143
120.5960, 3174.447
121.8270, 4023.669
123.0580, 4969.783
124.2880, 5894.770
125.5190, 7404.608
126.7490, 9233.277
127.9790, 11822.60
129.2090, 13977.09
130.4390, 15500.71
131.6680, 14640.41
132.8980, 12743.17
134.1270, 10578.91
135.3560, 8544.747
136.5850, 7124.867
137.8140, 6058.299
139.0430, 5356.490
140.2710, 5016.216
141.5000, 4885.976
142.7280, 5206.878
143.9560, 5173.567
145.1840, 5165.584
146.4120, 5086.204
147.6390, 4328.070
148.8670, 4154.198
150.0940, 4110.601
151.3210, 4299.287
152.5490, 4642.266
153.7750, 5317.831
155.0020, 6171.159
156.2290, 7260.125
157.4550, 8594.462
158.6810, 10256.09
159.9080, 11982.02
161.1340, 14230.26
162.3590, 16460.80
163.5850, 18250.65
164.8110, 19046.81
166.0360, 18937.28
167.2610, 17991.07
168.4860, 16209.18
169.7110, 14573.60
170.9360, 12887.35
172.1610, 10936.41
173.3850, 9090.802
174.6100, 7402.507
175.8340, 6119.535
177.0580, 5087.884
178.2820, 4122.554
179.5050, 3397.543
180.7290, 2802.771
181.9520, 2356.479
183.1760, 2084.424
184.3990, 1886.686
185.6220, 1880.265
186.8450, 1933.159
188.0670, 1930.369
189.2900, 2086.893
190.5120, 2230.730
191.7340, 2488.881
192.9560, 3088.343
194.1780, 3494.116
195.4000, 4237.199
196.6220, 4910.594
197.8430, 5343.295
199.0640, 6108.305
200.2860, 6619.621
201.5070, 6439.975
202.7270, 6180.045
203.9480, 5749.662
205.1690, 5325.779
206.3890, 4964.338
207.6090, 4636.189
208.8290, 4686.855
210.0490, 4692.935
211.2690, 5007.842
212.4890, 5369.696
213.7080, 5919.259
214.9280, 6584.869
216.1470, 7420.264
217.3660, 8488.380
218.5850, 9461.182
219.8030, 10709.65
221.0220, 12090.75
222.2400, 13408.70
223.4590, 14167.46
224.6770, 14837.10
225.8950, 15516.01
227.1120, 15182.53
228.3300, 14845.33
229.5480, 14168.35
230.7650, 13656.93
231.9820, 13608.25
233.1990, 14140.33
234.4160, 15064.60
235.6330, 16436.19
236.8490, 17861.41
238.0660, 19228.54
239.2820, 20126.07
240.4980, 20505.98
241.7140, 19139.28
242.9300, 16984.96
244.1460, 14796.00
245.3610, 12414.41
246.5770, 9962.169
247.7920, 8014.276
249.0070, 6204.724
250.2220, 4954.506
251.4370, 3620.203
252.6510, 2970.823
253.8660, 2262.182
255.0800, 1871.822
256.2940, 1570.469
257.5080, 1765.064
258.7220, 1563.472
259.9360, 2011.815
261.1490, 1857.330
262.3630, 2152.125
263.5760, 2824.192
264.7890, 3639.531
266.0020, 4640.139
267.2150, 5871.005
268.4270, 7662.135
269.6400, 9269.521
270.8520, 11150.16
272.0640, 12284.04
273.2760, 12620.18
274.4880, 11691.55
275.7000, 10194.18
276.9120, 8699.041
278.1230, 7635.154
279.3340, 6575.510
280.5450, 6204.112
281.7560, 5981.959
282.9670, 6598.056
284.1780, 7107.396
285.3880, 8420.979
286.5980, 9716.800
287.8090, 11031.85
289.0190, 12337.12
290.2290, 13254.61
291.4380, 13483.29
292.6480, 13219.19
293.8570, 12085.30
295.0670, 11176.61
296.2760, 10039.13
297.4850, 8722.851
298.6930, 7520.779
299.9020, 6245.910
301.1110, 5413.244
302.3190, 4457.777
303.5270, 3738.508
304.7350, 3071.437
305.9430, 2497.563
307.1510, 2057.338
308.3580, 1694.219
309.5660, 1439.128
310.7730, 1291.042
311.9800, 1216.152
313.1870, 1262.458
314.3940, 1716.957
315.6010, 1955.650
316.8070, 2510.538
318.0130, 3146.618
319.2200, 3794.892
320.4260, 4495.357
321.6310, 5014.014
322.8370, 5294.863
324.0430, 5138.900
325.2480, 4803.129
326.4540, 4267.547
327.6590, 4012.151
328.8640, 3651.945
330.0680, 3589.927
331.2730, 3775.093
332.4780, 3957.447
333.6820, 4634.985
334.8860, 5381.707
336.0900, 6579.613
337.2940, 7882.703
338.4980, 9902.976
339.7010, 11715.43
340.9050, 13954.06
342.1080, 16372.87
343.3110, 18678.86
344.5140, 20652.03
345.7170, 21798.38
346.9200, 22659.98
348.1220, 21641.84
349.3240, 20558.96
350.5270, 18145.35
351.7290, 15588.99
352.9310, 13130.91
354.1320, 10950.10
355.3340, 8590.560
356.5350, 6593.295
357.7370, 4948.316
358.9380, 3801.628
360.1390, 2670.210
361.3400, 1824.038
362.5400, 1118.109
363.7410, 452.4219
364.9410, 118.9717
366.1410, 285.2383
367.3410, 504.3467
368.5410, 870.4424
369.7410, 997.6602
370.9400, 1189.062
372.1400, 1291.750
373.3390, 1265.779
374.5380, 1246.144
375.7370, 1064.836
376.9360, 869.7754
378.1350, 803.8809
379.3330, 561.1270
380.5310, 178.4121
381.7300, 347.4131
382.9280, 779.4473
384.1260, 1179.688
385.3230, 1662.133
386.5210, 1755.782
387.7180, 2113.635
388.9160, 1598.688
390.1130, 1127.942
391.3100, 744.3965
392.5060, 444.0479
393.7030, 177.8955
394.9000, 235.0615
396.0960, 268.9502
397.2920, 320.7832
398.4880, 384.5840
399.6840, 225.3770
400.8800, 32.10254
402.0750, 29.31055
403.2710, 301.8818
404.4660, 642.6406
405.6610, 1082.585
406.8560, 1738.715
408.0510, 2334.030
409.2450, 3276.528
410.4400, 4314.209
411.6340, 5714.070
412.8280, 7752.112
414.0220, 9853.337
415.2160, 12160.74
416.4100, 15003.32
417.6030, 18336.08
418.7970, 21640.01
419.9900, 24610.12
421.1830, 26918.40
422.3760, 27846.86
423.5690, 27734.51
424.7610, 26848.35
425.9540, 25778.38
427.1460, 24884.62
428.3380, 24217.07
429.5300, 24010.75
430.7220, 23880.64
431.9140, 24081.79
433.1050, 23604.17
434.2970, 23680.81
435.4880, 23237.70
436.6790, 23555.83
437.8700, 24301.21
439.0610, 25853.84
440.2510, 27974.71
441.4420, 30961.83
442.6320, 34593.20
443.8220, 39086.82
445.0120, 43586.71
446.2020, 47704.84
447.3910, 50726.25
448.5810, 51193.93
449.7700, 51256.86
450.9600, 50041.01
452.1490, 47743.40
453.3370, 45378.00
454.5260, 41942.82
455.7150, 37591.85
456.9030, 33901.13
458.0910, 29322.66
459.2800, 25049.43
460.4670, 21305.43
461.6550, 17595.66
462.8430, 14724.11
464.0300, 12025.78
465.2180, 10487.66
466.4050, 8903.760
467.5920, 7439.046
468.7790, 6134.547
469.9650, 5448.246
471.1520, 4762.132
472.3380, 4209.211
473.5250, 4095.475
474.7110, 3788.923
475.8970, 3685.549
477.0820, 3714.346
478.2680, 3658.296
479.4540, 4034.404
480.6390, 4060.669
481.8240, 4605.079
483.0090, 5067.639
484.1940, 5730.344
485.3780, 6503.192
486.5630, 7606.184
487.7470, 8754.315
488.9320, 9855.590
490.1160, 11477.00
491.3000, 13083.55
492.4830, 14384.23
493.6670, 15968.05
494.8500, 17190.00
496.0340, 18334.07
497.2170, 18421.26
498.4000, 18211.58
499.5820, 17800.01
500.7650, 16883.57
501.9480, 16316.26
503.1300, 15626.06
504.3120, 15390.96
505.4940, 15163.98
506.6760, 14757.10
507.8580, 14151.44
509.0390, 13238.56
510.2210, 12648.55
511.4020, 11782.51
512.5830, 11382.59
513.7640, 11229.16
514.9450, 11606.71
516.1250, 12090.64
517.3060, 12697.61
518.4860, 12828.41
519.6660, 12969.04
520.8460, 12478.00
522.0260, 11206.20
523.2060, 9626.298
524.3850, 8001.010
525.5650, 6410.829
526.7440, 5002.758
527.9230, 3709.795
529.1020, 2917.938
530.2810, 2095.187
531.4590, 1563.538
532.6380, 1127.992
533.8160, 762.6074
534.9940, 664.2021
536.1720, 493.9561
537.3500, 349.2197
538.5270, 538.9766
539.7050, 452.4062
540.8820, 566.9600
542.0590, 679.9043
543.2360, 915.2939
544.4130, 1408.147
545.5900, 1680.667
546.7660, 2160.278
547.9430, 2804.982
549.1190, 3683.776
550.2950, 4746.659
551.4710, 6237.627
552.6470, 8133.684
553.8220, 10772.82
554.9980, 13841.52
556.1730, 17264.35
557.3480, 21724.74
558.5230, 26716.21
559.6980, 32119.75
560.8730, 36759.37
562.0470, 38030.06
563.2220, 36933.85
564.3960, 32672.90
565.5700, 26971.37
566.7440, 21713.83
567.9170, 17102.80
569.0910, 13484.22
570.2640, 11180.04
571.4380, 9315.530
572.6110, 8430.600
573.7840, 7932.998
574.9570, 8058.021
576.1290, 8339.646
577.3020, 8813.145
578.4740, 9700.657
579.6460, 10671.62
580.8180, 11722.37
581.9900, 12738.75
583.1620, 13673.05
584.3330, 14689.86
585.5040, 15487.20
586.6760, 16460.64
587.8470, 17251.89
589.0180, 18820.27
590.1880, 20281.99
591.3590, 22363.64
592.5290, 23987.66
593.7000, 25537.13
594.8700, 26132.83
596.0400, 26478.56
597.2090, 25739.42
598.3790, 24313.41
599.5490, 22598.28
600.7180, 20887.17
601.8870, 18878.68
603.0560, 17386.74
604.2250, 15767.16
605.3940, 14432.76
606.5620, 13443.69
607.7300, 12727.48
608.8990, 11941.01
610.0670, 11332.36
611.2350, 10739.95
612.4020, 9721.965
613.5700, 8978.907
614.7370, 8085.113
615.9050, 6884.772
617.0720, 6206.704
618.2390, 5457.293
619.4060, 4493.813
620.5720, 3885.806
621.7390, 3317.239
622.9050, 2881.280
624.0710, 2425.883
625.2370, 2059.561
626.4030, 1771.217
627.5690, 1500.955
628.7340, 1310.318
629.9000, 1110.435
631.0650, 949.1348
632.2300, 822.2236
633.3950, 672.1802
634.5600, 715.9868
635.7240, 454.3965
636.8890, 408.1382
638.0530, 377.1279
639.2170, 199.4160
640.3810, 227.9092
641.5450, 194.4824
642.7080, 206.7046
643.8720, 135.4321
645.0350, 183.2017
646.1980, 140.1831
647.3610, 23.81982
648.5240, 49.13965
649.6870, 74.47559
650.8490, 60.56348
652.0120, 33.14453
653.1740, 14.79199
654.3360, 88.72852
655.4980, 176.9497
656.6600, 78.30713
657.8210, 145.8657
658.9830, 296.5850
660.1440, 182.4209
661.3050, 219.3594
662.4660, 334.3481
663.6270, 339.3110
664.7870, 318.1968
665.9480, 486.0044
667.1080, 463.7334
668.2680, 508.3823
669.4280, 507.9502
670.5880, 558.4351
671.7480, 803.8374
672.9070, 856.1562
674.0670, 957.3896
675.2260, 1103.537
676.3850, 1166.598
677.5440, 1358.634
678.7030, 1546.649
679.8610, 1669.655
681.0200, 1866.663
682.1780, 2036.639
683.3360, 2303.549
684.4940, 2243.381
685.6520, 2419.117
686.8090, 2164.758
687.9670, 2122.303
689.1240, 1989.752
690.2810, 1845.102
691.4380, 1651.354
692.5950, 1321.506
693.7520, 1120.557
694.9080, 909.5083
696.0650, 669.3564
697.2210, 601.1006
698.3770, 503.7422
699.5330, 410.2793
700.6880, 352.7114
701.8440, 269.0361
702.9990, 98.25195
704.1550, 85.33838
705.3100, 3.570313
706.4650, 8.063477
707.6190, 43.33398
708.7740, 109.9321
709.9290, 5.768066
711.0830, 202.7886
712.2370, 141.0996
713.3910, 211.6704
714.5450, 154.5386
715.6980, 165.6772
716.8520, 179.0938
718.0050, 167.7959
719.1580, 177.7793
720.3110, 185.6675
721.4640, 181.6172
722.6170, 220.4751
723.7700, 210.6479
724.9220, 258.2983
726.0740, 237.5093
727.2260, 286.0942
728.3780, 194.5928
729.5300, 144.3965
730.6810, 101.4805
731.8330, 75.76855
732.9840, 126.4087
734.1350, 94.26758
735.2860, 159.3828
736.4370, 240.7876
737.5880, 174.5269
738.7380, 190.5645
739.8880, 136.9097
741.0390, 113.5347
742.1890, 119.4268
743.3380, 90.59033
744.4880, 144.0088
745.6380, 14.71094
746.7870, 122.6284
747.9360, 56.81738
749.0850, 29.24316
750.2340, 52.89111
751.3830, 20.77246
752.5310, 25.87158
753.6800, 18.18896
754.8280, 25.27881
755.9760, 95.55469
757.1240, 58.66406
758.2720, 75.59814
759.4190, 143.3608
760.5670, 111.9673
761.7140, 130.4121
762.8610, 151.6987
764.0080, 147.8320
765.1550, 115.8105
766.3020, 130.6304
767.4480, 178.2939
768.5950, 126.8086
769.7410, 196.1675
770.8870, 101.3804
772.0330, 266.4341
773.1780, 234.3521
774.3240, 203.1304
775.4690, 181.7666
776.6140, 229.2578
777.7590, 142.6099
778.9040, 195.8125
780.0490, 297.8740
781.1940, 251.8057
782.3380, 242.6035
783.4820, 303.2661
784.6260, 330.8013
785.7700, 362.1064
786.9140, 359.3936
788.0580, 408.5596
789.2010, 357.3413
790.3450, 424.4517
791.4880, 496.8936
792.6310, 437.5859
793.7730, 608.1606
794.9160, 509.6191
796.0590, 626.9604
797.2010, 619.1841
798.3430, 700.2891
799.4850, 736.2754
800.6270, 726.1431
801.7690, 767.8931
802.9100, 807.5249
804.0520, 947.0386
805.1930, 930.4360
806.3340, 1016.717
807.4750, 1024.882
808.6160, 1315.932
809.7560, 1299.866
810.8970, 1443.686
812.0370, 1441.394
813.1770, 1714.986
814.3170, 1766.467
815.4570, 1962.835
816.5960, 2142.092
817.7360, 2445.236
818.8750, 2643.693
820.0140, 2789.189
821.1530, 3150.000
822.2920, 3444.699
823.4310, 3754.290
824.5690, 3936.770
825.7070, 4062.142
826.8460, 4223.407
827.9840, 4281.563
829.1220, 4259.614
830.2590, 4266.558
831.3970, 4104.398
832.5340, 3873.133
833.6710, 3802.764
834.8080, 3620.293
835.9450, 3542.719
837.0820, 3341.043
838.2190, 3280.267
839.3550, 3257.367
840.4910, 3221.191
841.6270, 3336.560
842.7630, 3343.908
843.8990, 3404.728
845.0350, 3468.065
846.1700, 3722.974
847.3060, 3914.175
848.4410, 4060.771
849.5760, 4176.006
850.7100, 4531.587
851.8450, 4631.536
852.9800, 4939.576
854.1140, 5377.571
855.2480, 5640.081
856.3820, 6064.776
857.5160, 6605.796
858.6500, 6822.898
859.7830, 7420.396
860.9170, 7832.355
862.0500, 8561.177
863.1830, 9055.163
864.3160, 9665.971
865.4480, 10204.40
866.5810, 10863.87
867.7130, 11391.92
868.8460, 11995.50
869.9780, 12517.80
871.1100, 12922.03
872.2410, 13173.10
873.3730, 13446.99
874.5050, 13018.98
875.6360, 13152.94
876.7670, 12693.21
877.8980, 12103.91
879.0290, 11489.23
880.1590, 11064.33
881.2900, 10565.08
882.4200, 9948.938
883.5500, 9609.022
884.6800, 9055.244
885.8100, 8713.214
886.9400, 8651.727
888.0690, 8466.268
889.1990, 8441.523
890.3280, 8420.276
891.4570, 8649.736
892.5860, 8882.521
893.7140, 9531.340
894.8430, 10189.67
895.9710, 10560.53
897.1000, 11292.75
898.2280, 12496.40
899.3560, 13639.45
900.4830, 14742.45
901.6110, 16174.86
902.7380, 17923.59
903.8660, 19564.14
904.9930, 21774.85
906.1200, 23788.73
907.2460, 26003.98
908.3730, 28329.82
909.5000, 30586.29
910.6260, 32488.36
911.7520, 33292.14
912.8780, 33922.59
914.0040, 33445.80
915.1290, 32367.87
916.2550, 30013.28
917.3800, 27162.14
918.5050, 24534.91
919.6300, 21437.45
920.7550, 18720.24
921.8800, 16491.31
923.0040, 14067.40
924.1290, 12560.91
925.2530, 10852.08
926.3770, 9409.879
927.5010, 8237.871
928.6250, 7133.619
929.7480, 6354.834
930.8720, 5556.877
931.9950, 5048.938
933.1180, 4653.018
934.2410, 4199.122
935.3640, 3811.248
936.4860, 3284.394
937.6090, 3219.561
938.7310, 2701.752
939.8530, 2781.966
940.9750, 2587.204
942.0970, 2362.467
943.2180, 2095.756
944.3400, 2091.070
945.4610, 2028.415
946.5820, 2019.788
947.7030, 1890.190
948.8240, 1955.623
949.9450, 1911.089
951.0650, 1805.586
952.1860, 1907.116
953.3060, 1865.678
954.4260, 1891.277
955.5460, 1915.910
956.6650, 1907.578
957.7850, 1876.290
958.9040, 2018.038
960.0230, 2163.829
961.1420, 2047.656
962.2610, 2059.523
963.3800, 2281.429
964.4990, 2396.386
965.6170, 2642.385
966.7350, 2833.428
967.8530, 3253.510
968.9710, 3672.644
970.0890, 4306.828
971.2070, 4961.065
972.3240, 5617.356
973.4410, 6485.701
974.5580, 7139.095
975.6750, 7785.547
976.7920, 8287.060
977.9090, 8395.651
979.0250, 8134.322
980.1410, 7343.100
981.2580, 6705.992
982.3740, 5758.972
983.4890, 5033.102
984.6050, 4175.355
985.7200, 3487.752
986.8360, 2947.286
987.9510, 2404.962
989.0660, 1980.781
990.1810, 1647.441
991.2950, 1423.835
992.4100, 1195.080
993.5240, 986.4663
994.6390, 926.0059
995.7530, 733.6987
996.8660, 487.5625
997.9800, 530.5864
999.0940, 331.7930
1000.207, 365.1548
1001.320, 227.6582
1002.433, 139.3086
1003.546, 71.20557
1004.659, 28.25195
1005.772, 102.9629
1006.884, 19.33496
1007.996, 147.6782
1009.108, 7.420898
1010.220, 30.16064
1011.332, 163.4346
1012.444, 174.1768
1013.555, 293.2363
1014.666, 319.1045
1015.777, 471.7012
1016.888, 440.8247
1017.999, 527.3130
1019.110, 732.4932
1020.220, 680.2227
1021.331, 824.3462
1022.441, 860.8350
1023.551, 1168.992
1024.661, 1321.761
1025.770, 1616.002
1026.880, 1797.392
1027.989, 2266.418
1029.098, 2549.408
1030.207, 3025.968
1031.316, 3343.318
1032.425, 3934.972
1033.533, 4427.448
1034.642, 4768.795
1035.750, 5212.882
1036.858, 5526.123
1037.966, 5694.661
1039.073, 5977.202
1040.181, 5605.768
1041.288, 5433.581
1042.396, 5200.863
1043.503, 4982.692
1044.610, 4640.373
1045.716, 4328.327
1046.823, 4002.167
1047.929, 3763.180
1049.036, 3553.389
1050.142, 3524.413
1051.248, 3482.546
1052.353, 3467.905
1053.459, 3664.263
1054.564, 3927.596
1055.670, 4179.244
1056.775, 4449.178
1057.880, 4627.692
1058.985, 4628.267
1060.089, 4723.896
1061.194, 4670.579
1062.298, 4536.330
1063.402, 4392.137
1064.506, 4266.626
1065.610, 4226.036
1066.713, 4259.886
1067.817, 4271.104
1068.920, 4551.185
1070.023, 4835.321
1071.126, 5233.516
1072.229, 5955.760
1073.332, 6692.057
1074.435, 7719.406
1075.537, 8837.803
1076.639, 10010.25
1077.741, 11820.22
1078.843, 13513.92
1079.945, 15465.52
1081.046, 17147.18
1082.148, 18701.66
1083.249, 19116.51
1084.350, 18694.31
1085.451, 16991.15
1086.551, 14645.97
1087.652, 12189.91
1088.752, 9916.891
1089.853, 7975.696
1090.953, 6335.774
1092.053, 5016.130
1093.152, 3988.300
1094.252, 3094.739
1095.351, 2628.998
1096.451, 2271.793
1097.550, 1852.405
1098.649, 1689.207
1099.748, 1482.639
1100.846, 1081.773
1101.945, 1131.054
1103.043, 1110.622
1104.141, 913.1938
1105.239, 846.9131
1106.337, 686.9160
1107.434, 597.6357
1108.532, 626.6558
1109.629, 514.4541
1110.726, 397.2900
1111.823, 403.1621
1112.920, 328.3970
1114.017, 312.3442
1115.113, 376.9390
1116.210, 305.9565
1117.306, 403.0088
1118.402, 350.5186
1119.498, 323.6836
1120.593, 300.8594
1121.689, 263.4878
1122.784, 284.6968
1123.879, 333.9590
1124.974, 168.2246
1126.069, 162.5166
1127.164, 256.1748
1128.259, 177.8828
1129.353, 173.2520
1130.447, 196.8066
1131.541, 51.36182
1132.635, 15.68066
1133.729, 66.06299
1134.822, 5.412598
1135.916, 5.919922
1137.009, 30.82861
1138.102, 8.310059
1139.195, 80.60303
1140.288, 77.29932
1141.380, 122.0308
1142.473, 52.94238
1143.565, 112.4287
1144.657, 43.06348
1145.749, 128.8823
1146.841, 117.8643
1147.932, 22.39111
1149.024, 83.00342
1150.115, 95.23145
1151.206, 125.4004
1152.297, 1.248047
1153.388, 90.10254
1154.479, 147.6689
1155.569, 119.7847
1156.659, 167.1348
1157.750, 48.82520
1158.839, 125.4922
1159.929, 101.0156
1161.019, 129.5068
1162.108, 142.0254
1163.198, 13.46289
1164.287, 31.86230
1165.376, 132.3105
1166.465, 55.37256
1167.553, 41.06592
1168.642, 5.533691
1169.730, 18.35938
1170.818, 120.5913
1171.906, 41.75293
1172.994, 27.38330
1174.082, 12.83496
1175.170, 7.364746
1176.257, 54.76367
1177.344, 5.309082
1178.431, 49.79004
1179.518, 89.34277
1180.605, 44.54834
1181.691, 79.83545
1182.778, 45.98682
1183.864, 27.34912
1184.950, 54.74902
1186.036, 24.06689
1187.122, 6.788574
1188.207, 44.08057
1189.292, 65.76660
1190.378, 71.59570
1191.463, 75.60889
1192.548, 67.03125
1193.632, 62.98145
1194.717, 39.45166
1195.801, 54.86768
1196.886, 12.52441
1197.970, 98.47852
1199.054, 55.34473
1200.137, 166.7163
1201.221, 55.93848
1202.305, 144.7422
1203.388, 142.3882
1204.471, 89.94922
1205.554, 119.1562
1206.637, 133.8677
1207.719, 42.05762
1208.802, 56.97168
1209.884, 124.1260
1210.966, 106.3687
1212.048, 38.57324
1213.130, 65.64355
1214.212, 83.75391
1215.293, 112.6885
1216.374, 40.66650
1217.456, 117.7832
1218.536, 155.6357
1219.617, 26.46338
1220.698, 144.2676
1221.778, 41.02734
1222.859, 108.7480
1223.939, 75.44238
1225.019, 139.1069
1226.099, 22.74463
1227.178, 78.33057
1228.258, 73.88672
1229.337, 120.4092
1230.417, 45.90283
1231.496, 45.35156
1232.574, 41.66016
1233.653, 44.10791
1234.732, 43.41406
1235.810, 89.66992
1236.888, 131.8916
1237.966, 96.08154
1239.044, 142.2373
1240.122, 135.3613
1241.199, 54.45361
1242.277, 72.49463
1243.354, 154.4907
1244.431, 45.45410
1245.508, 139.3608
1246.585, 205.2344
1247.661, 78.07422
1248.738, 63.86670
1249.814, 92.60645
1250.890, 113.3013
1251.966, 201.9570
1253.042, 97.57715
1254.117, 168.1523
1255.193, 151.6919
1256.268, 127.1958
1257.343, 93.65918
1258.418, 160.0742
1259.493, 74.49609
1260.567, 104.8174
1261.642, 115.1616
1262.716, 19.39014
1263.790, 162.5391
1264.864, 251.5244
1265.938, 132.4849
1267.011, 187.8857
1268.085, 143.8394
1269.158, 101.7915
1270.231, 128.4443
1271.304, 133.2104
1272.377, 216.5386
1273.450, 242.6265
1274.522, 133.4707
1275.594, 64.80762
1276.666, 175.1777
1277.738, 111.6294
1278.810, 137.4790
1279.882, 130.5029
1280.953, 110.1885
1282.025, 81.41113
1283.096, 117.3306
1284.167, 93.64844
1285.238, 128.9619
1286.308, 156.7676
1287.379, 147.0146
1288.449, 121.6709
1289.519, 113.4097
1290.589, 107.3862
1291.659, 93.65967
1292.729, 91.59766
1293.798, 92.74561
1294.868, 78.37012
1295.937, 85.00488
1297.006, 80.97998
1298.075, 59.46387
1299.143, 71.97754
1300.212, 28.54639
1301.280, 81.04150
1302.348, 87.95361
1303.416, 25.50537
1304.484, 30.07080
1305.552, 6.553223
1306.620, 27.95801
1307.687, 64.21631
1308.754, 42.51465
1309.821, 56.24121
1310.888, 67.20410
1311.955, 54.25146
1313.021, 15.38818
1314.088, 21.60400
1315.154, 53.59570
1316.220, 76.23145
1317.286, 94.39648
1318.352, 95.59668
1319.417, 104.6221
1320.483, 17.51758
1321.548, 68.27832
1322.613, 41.03516
1323.678, 42.63086
1324.743, 90.29883
1325.807, 63.96826
1326.872, 68.55176
1327.936, 41.09521
1329.000, 47.59912
1330.064, 70.12451
1331.128, 81.54834
1332.191, 87.93555
1333.255, 145.3120
1334.318, 72.62939
1335.381, 141.0005
1336.444, 56.77637
1337.507, 137.9253
1338.569, 112.1655
1339.632, 116.3071
1340.694, 140.6348
1341.756, 125.6060
1342.818, 184.9487
1343.880, 146.9570
1344.941, 108.0098
1346.003, 168.9512
1347.064, 199.0669
1348.125, 157.1729
1349.186, 178.0161
1350.247, 252.5952
1351.308, 245.3745
1352.368, 242.8960
1353.428, 179.6108
1354.489, 210.8013
1355.549, 250.1860
1356.608, 275.3936
1357.668, 234.9824
1358.727, 280.8916
1359.787, 275.6533
1360.846, 217.1377
1361.905, 207.6294
1362.964, 286.9829
1364.022, 237.0610
1365.081, 270.4277
1366.139, 222.5024
1367.197, 202.8086
1368.255, 256.0850
1369.313, 308.3354
1370.371, 164.2295
1371.428, 153.4194
1372.486, 153.9678
1373.543, 206.1001
1374.600, 220.2041
1375.657, 187.8545
1376.713, 229.8525
1377.770, 227.8423
1378.826, 178.3809
1379.882, 163.3413
1380.938, 178.2480
1381.994, 177.1538
1383.050, 151.0308
1384.106, 207.5400
1385.161, 231.9951
1386.216, 122.7891
1387.271, 203.3945
1388.326, 112.9976
1389.381, 192.8335
1390.435, 149.6021
1391.490, 133.2246
1392.544, 115.8730
1393.598, 109.8926
1394.652, 83.51953
1395.705, 119.7217
1396.759, 134.7285
1397.812, 149.5176
1398.866, 138.4854
1399.919, 84.01025
1400.972, 88.53076
1402.024, 47.18994
1403.077, 126.4277
1404.129, 21.89307
1405.181, 59.42725
1406.233, 141.5508
1407.285, 74.58594
1408.337, 108.2637
1409.389, 124.1069
1410.440, 116.9458
1411.491, 163.1685
1412.542, 166.9951
1413.593, 177.2480
1414.644, 184.9590
1415.695, 150.1001
1416.745, 118.1729
1417.795, 105.6777
1418.845, 104.1626
1419.895, 78.03418
1420.945, 83.93066
1421.995, 110.9033
1423.044, 105.2339
1424.093, 109.2339
1425.142, 111.4658
1426.191, 81.01367
1427.240, 45.44629
1428.289, 78.31934
1429.337, 40.33936
1430.385, 76.71631
1431.433, 35.29102
1432.481, 100.9805
1433.529, 165.5835
1434.577, 32.22754
1435.624, 39.48584
1436.672, 116.2686
1437.719, 72.09814
1438.766, 55.74023
1439.812, 45.30420
1440.859, 25.97217
1441.905, 46.72412
1442.952, 25.02344
1443.998, 16.22607
1445.044, 42.13818
1446.090, 83.58740
1447.135, 100.3911
1448.181, 129.9785
1449.226, 75.60205
1450.271, 105.7295
1451.316, 39.96729
1452.361, 76.27490
1453.405, 76.60889
1454.450, 93.51318
1455.494, 46.14307
1456.538, 98.44580
1457.582, 106.2612
1458.626, 53.20996
1459.670, 62.30273
1460.713, 36.17578
1461.757, 121.2588
1462.800, 36.34131
1463.843, 40.39551
1464.886, 150.4277
1465.928, 76.44434
1466.971, 121.4365
1468.013, 3.564941
1469.055, 100.4443
1470.097, 79.43799
1471.139, 101.4048
1472.181, 2.351563
1473.222, 87.29443
1474.263, 106.2378
1475.305, 101.1611
1476.346, 143.0957
1477.386, 147.0166
1478.427, 95.92432
1479.468, 76.80957
1480.508, 76.63379
1481.548, 69.43115
1482.588, 51.34570
1483.628, 38.23193
1484.668, 58.85645
1485.707, 93.75928
1486.747, 136.6719
1487.786, 133.7964
1488.825, 177.6323
1489.864, 129.4165
1490.902, 116.0864
1491.941, 105.9751
1492.979, 101.8755
1494.017, 109.7720
1495.055, 142.6567
1496.093, 175.5342
1497.131, 164.4634
1498.168, 111.0479
1499.206, 137.9199
1500.243, 151.7183
1501.280, 118.2075
1502.317, 169.6709
1503.354, 175.2397
1504.390, 179.8516
1505.426, 182.9473
1506.463, 103.2930
1507.499, 171.6821
1508.535, 129.0923
1509.570, 152.2979
1510.606, 53.28320
1511.641, 158.3110
1512.676, 90.14893
1513.711, 69.24805
1514.746, 203.2207
1515.781, 138.3486
1516.816, 80.42432
1517.850, 71.35547
1518.884, 152.1504
1519.918, 114.2749
1520.952, 99.68701
1521.986, 56.80225
1523.019, 120.4092
1524.053, 62.52100
1525.086, 104.6372
1526.119, 79.75977
1527.152, 97.89014
1528.185, 120.0317
1529.217, 156.1514
1530.250, 101.3154
1531.282, 78.50391
1532.314, 76.74121
1533.346, 55.59814
1534.377, 36.26367
1535.409, 40.55225
1536.440, 23.81689
1537.472, 27.20557
1538.503, 17.59180
1539.534, 31.02051
1540.564, 46.49365
1541.595, 63.03467
1542.625, 20.61914
1543.656, 55.24268
1544.686, 46.90137
1545.716, 44.59912
1546.745, 64.35059
1547.775, 95.17529
1548.804, 79.07422
1549.834, 160.0332
1550.863, 151.0586
1551.892, 215.1597
1552.920, 177.3418
1553.949, 288.6104
1554.977, 254.9756
1556.006, 172.3794
1557.034, 82.96240
1558.062, 63.66260
1559.089, 67.50488
1560.117, 3.500977
1561.144, 51.66797
1562.172, 43.02539
1563.199, 91.59961
1564.226, 44.42188
1565.252, 121.5405
1566.279, 5.999023
1567.305, 92.73779
1568.332, 2.604492
1569.358, 28.14258
1570.384, 83.06738
1571.409, 18.68848
1572.435, 0.0000000E+00
##END=



