##NAMES=Fluorapatite
##RRUFFID=R050340
##IDEAL CHEMISTRY=Ca_5_(PO_4_)_3_F
##LOCALITY=Buckingham, Quebec, Canada
##OWNER=RRUFF
##SOURCE=California Institute of Technology
##DESCRIPTION=Blue fragment
##STATUS=The identification of this mineral has been confirmed by X-ray diffraction and chemical analysis
##URL=rruff.info/R050340
##MEASURED CHEMISTRY=Ca_5.00_((P_0.98_Si_0.02_)O_4_)_3_F_1.00_
##PIN_ID=L00565
##ORIENTATION=Laser parallel to -a* (-1 0 0). Fiducial mark perpendicular to laser is parallel to -c [0 0 -1]
108.2800, 0.0000000E+00
109.5120, 2.267578
110.7440, 72.60010
111.9760, 2.648682
113.2080, 3.305176
114.4400, 4.502441
115.6710, 61.21484
116.9030, 25.95508
118.1340, 90.35767
119.3650, 15.15479
120.5960, 76.13623
121.8270, 6.133789
123.0580, 22.01196
124.2880, 119.6611
125.5190, 123.9956
126.7490, 145.9490
127.9790, 315.4614
129.2090, 296.4761
130.4390, 488.9436
131.6680, 421.8191
132.8980, 607.0640
134.1270, 660.6445
135.3560, 837.5312
136.5850, 926.6982
137.8140, 977.1233
139.0430, 1066.790
140.2710, 1141.694
141.5000, 1021.831
142.7280, 981.2012
143.9560, 821.7915
145.1840, 783.5837
146.4120, 604.5549
147.6390, 629.6851
148.8670, 553.9585
150.0940, 414.3623
151.3210, 440.8865
152.5490, 481.5212
153.7750, 489.2595
155.0020, 466.0947
156.2290, 507.0205
157.4550, 588.0312
158.6810, 491.1230
159.9080, 567.2910
161.1340, 481.5315
162.3590, 492.8406
163.5850, 457.2148
164.8110, 441.6521
166.0360, 448.1487
167.2610, 447.7019
168.4860, 516.3813
169.7110, 447.1309
170.9360, 428.0381
172.1610, 466.1455
173.3850, 400.2832
174.6100, 435.6799
175.8340, 425.1951
177.0580, 426.8564
178.2820, 462.5244
179.5050, 469.2178
180.7290, 367.9136
181.9520, 410.6008
183.1760, 414.2476
184.3990, 343.8608
185.6220, 373.4521
186.8450, 318.0293
188.0670, 330.5979
189.2900, 278.1619
190.5120, 309.7249
191.7340, 348.2893
192.9560, 279.8574
194.1780, 269.4312
195.4000, 379.0117
196.6220, 343.6006
197.8430, 353.1992
199.0640, 480.8071
200.2860, 506.4258
201.5070, 591.0554
202.7270, 612.6968
203.9480, 711.3494
205.1690, 693.0137
206.3890, 824.6899
207.6090, 918.3779
208.8290, 971.0781
210.0490, 881.7900
211.2690, 881.5137
212.4890, 904.2490
213.7080, 804.9956
214.9280, 867.7534
216.1470, 703.5227
217.3660, 676.3025
218.5850, 595.0933
219.8030, 562.8931
221.0220, 520.7036
222.2400, 554.5234
223.4590, 443.3525
224.6770, 497.1904
225.8950, 534.0376
227.1120, 622.2188
228.3300, 674.0527
229.5480, 611.2192
230.7650, 646.1177
231.9820, 599.1201
233.1990, 674.2065
234.4160, 608.7095
235.6330, 496.4902
236.8490, 512.3130
238.0660, 512.1748
239.2820, 538.1841
240.4980, 472.9116
241.7140, 356.2227
242.9300, 413.6123
244.1460, 342.9683
245.3610, 330.6763
246.5770, 335.4302
247.7920, 267.1704
249.0070, 251.9238
250.2220, 343.6411
251.4370, 273.3613
252.6510, 323.0840
253.8660, 310.8159
255.0800, 324.3276
256.2940, 402.9150
257.5080, 453.6123
258.7220, 489.2437
259.9360, 532.1807
261.1490, 593.1519
262.3630, 614.2744
263.5760, 635.4746
264.7890, 714.7441
266.0020, 846.0771
267.2150, 757.4668
268.4270, 778.9082
269.6400, 736.3979
270.8520, 675.9316
272.0640, 722.5059
273.2760, 682.1182
274.4880, 680.9185
275.7000, 617.4458
276.9120, 677.1558
278.1230, 621.8950
279.3340, 623.6606
280.5450, 700.4512
281.7560, 637.2661
282.9670, 749.1025
284.1780, 710.9609
285.3880, 670.8389
286.5980, 652.7354
287.8090, 708.6499
289.0190, 647.5811
290.2290, 655.2285
291.4380, 706.4878
292.6480, 631.4619
293.8570, 657.4492
295.0670, 671.4482
296.2760, 677.4595
297.4850, 685.4810
298.6930, 737.5127
299.9020, 783.5552
301.1110, 656.6064
302.3190, 760.6670
303.5270, 677.7354
304.7350, 793.8115
305.9430, 779.8960
307.1510, 727.9883
308.3580, 611.0864
309.5660, 657.1914
310.7730, 639.3032
311.9800, 575.4209
313.1870, 592.5439
314.3940, 529.6719
315.6010, 440.8052
316.8070, 421.9424
318.0130, 362.0825
319.2200, 305.2251
320.4260, 277.2593
321.6310, 210.5156
322.8370, 213.6616
324.0430, 175.8081
325.2480, 163.9546
326.4540, 178.1016
327.6590, 160.2485
328.8640, 164.3955
330.0680, 82.54346
331.2730, 108.6914
332.4780, 59.83984
333.6820, 127.9897
334.8860, 137.1396
336.0900, 142.2900
337.2940, 80.44141
338.4980, 96.59326
339.7010, 126.7461
340.9050, 21.89893
342.1080, 2.051758
343.3110, 29.20508
344.5140, 53.64160
345.7170, 22.85986
346.9200, 73.00098
348.1220, 17.14209
349.3240, 5.716797
350.5270, 8.970215
351.7290, 7.834961
352.9310, 28.65576
354.1320, 5.345215
355.3340, 36.94482
356.5350, 76.88184
357.7370, 13.21973
358.9380, 82.98975
360.1390, 28.08789
361.3400, 18.33789
362.5400, 3.335938
363.7410, 24.53809
364.9410, 22.76172
366.1410, 31.63525
367.3410, 63.28271
368.5410, 65.33301
369.7410, 64.72559
370.9400, 83.24854
372.1400, 3.263184
373.3390, 42.71777
374.5380, 7.879395
375.7370, 49.15186
376.9360, 23.78857
378.1350, 79.29688
379.3330, 45.50391
380.5310, 42.52686
381.7300, 10.43848
382.9280, 122.2979
384.1260, 12.11523
385.3230, 12.98926
386.5210, 14.77295
387.7180, 8.904297
388.9160, 32.27197
390.1130, 25.00244
391.3100, 40.73096
392.5060, 85.53223
393.7030, 71.30176
394.9000, 74.01807
396.0960, 80.06055
397.2920, 101.6987
398.4880, 138.4146
399.6840, 107.1440
400.8800, 203.1621
402.0750, 142.9419
403.2710, 98.10498
404.4660, 148.0088
405.6610, 201.7568
406.8560, 237.5996
408.0510, 239.4473
409.2450, 323.3130
410.4400, 288.1606
411.6340, 292.9268
412.8280, 366.6782
414.0220, 390.4282
415.2160, 420.1792
416.4100, 578.9312
417.6030, 721.6846
418.7970, 797.4360
419.9900, 987.1860
421.1830, 1289.934
422.3760, 1556.678
423.5690, 1757.419
424.7610, 2032.165
425.9540, 2326.908
427.1460, 2599.648
428.3380, 2788.391
429.5300, 2967.130
430.7220, 2886.868
431.9140, 2852.602
433.1050, 2637.330
434.2970, 2398.057
435.4880, 2242.778
436.6790, 1979.498
437.8700, 1943.213
439.0610, 1884.924
440.2510, 1941.630
441.4420, 1837.331
442.6320, 1902.029
443.8220, 1927.722
445.0120, 1934.413
446.2020, 2003.099
447.3910, 1994.780
448.5810, 1939.317
449.7700, 1846.129
450.9600, 1753.796
452.1490, 1619.460
453.3370, 1463.129
454.5260, 1291.793
455.7150, 1245.451
456.9030, 1124.104
458.0910, 1023.751
459.2800, 836.3926
460.4670, 782.0312
461.6550, 723.6641
462.8430, 669.2925
464.0300, 606.9150
465.2180, 483.5327
466.4050, 524.1431
467.5920, 381.7471
468.7790, 340.3467
469.9650, 318.9409
471.1520, 244.5396
472.3380, 276.1313
473.5250, 249.7163
474.7110, 206.3062
475.8970, 275.9038
477.0820, 149.4946
478.2680, 211.0796
479.4540, 154.6582
480.6390, 205.2314
481.8240, 236.7979
483.0090, 245.3569
484.1940, 170.9087
485.3780, 158.4531
486.5630, 152.9917
487.7470, 19.81006
488.9320, 105.3315
490.1160, 151.8462
491.3000, 104.3535
492.4830, 21.41650
493.6670, 88.60303
494.8500, 49.65625
496.0340, 26.62061
497.2170, 27.75000
498.4000, 48.18750
499.5820, 58.14014
500.7650, 6.564941
501.9480, 89.05762
503.1300, 20.46582
504.3120, 0.1347660
505.4940, 24.23193
506.6760, 67.38770
507.8580, 1.941406
509.0390, 53.25586
510.2210, 17.44580
511.4020, 42.63330
512.5830, 93.90869
513.7640, 48.80469
514.9450, 140.5630
516.1250, 9.818359
517.3060, 102.0278
518.4860, 57.95801
519.6660, 85.19629
520.8460, 10.81494
522.0260, 14.37500
523.2060, 28.82275
524.3850, 46.11816
525.5650, 109.6001
526.7440, 21.76562
527.9230, 104.9390
529.1020, 102.2300
530.2810, 58.40430
531.4590, 127.5669
532.6380, 70.73096
533.8160, 25.88330
534.9940, 32.09521
536.1720, 80.27246
537.3500, 1.310059
538.5270, 10.97607
539.7050, 58.12256
540.8820, 61.76318
542.0590, 1.948730
543.2360, 41.11377
544.4130, 17.53760
545.5900, 13.86475
546.7660, 85.99951
547.9430, 30.62744
549.1190, 29.95850
550.2950, 26.07275
551.4710, 31.04199
552.6470, 50.65381
553.8220, 77.88867
554.9980, 98.98535
556.1730, 125.6973
557.3480, 147.5376
558.5230, 81.23877
559.6980, 123.4883
560.8730, 125.7104
562.0470, 171.7593
563.2220, 241.8042
564.3960, 261.8613
565.5700, 292.7500
566.7440, 334.8203
567.9170, 349.0464
569.0910, 360.0938
570.2640, 493.4014
571.4380, 604.6895
572.6110, 849.7861
573.7840, 845.7681
574.9570, 1072.783
576.1290, 1211.854
577.3020, 1667.258
578.4740, 2038.319
579.6460, 2255.253
580.8180, 2439.186
581.9900, 2372.191
583.1620, 2493.249
584.3330, 2674.406
585.5040, 2689.577
586.6760, 3230.857
587.8470, 3673.901
589.0180, 4176.904
590.1880, 4133.747
591.3590, 3712.877
592.5290, 3207.249
593.7000, 2552.559
594.8700, 2039.357
596.0400, 1681.149
597.2090, 1527.076
598.3790, 1465.004
599.5490, 1411.887
600.7180, 1498.254
601.8870, 1625.181
603.0560, 2020.242
604.2250, 2366.229
605.3940, 2568.028
606.5620, 2433.716
607.7300, 1999.391
608.8990, 1782.648
610.0670, 1387.301
611.2350, 1151.606
612.4020, 959.2358
613.5700, 865.8535
614.7370, 820.0586
615.9050, 694.0732
617.0720, 600.7163
618.2390, 531.5742
619.4060, 473.3071
620.5720, 422.4414
621.7390, 364.5522
622.9050, 357.3442
624.0710, 291.8809
625.2370, 275.5508
626.4030, 307.0791
627.5690, 201.9058
628.7340, 235.0635
629.9000, 222.5942
631.0650, 298.0952
632.2300, 218.5933
633.3950, 196.7891
634.5600, 177.2651
635.7240, 263.6851
636.8890, 183.0396
638.0530, 206.3208
639.2170, 249.2627
640.3810, 212.8184
641.5450, 305.6392
642.7080, 320.8101
643.8720, 201.3550
645.0350, 174.4155
646.1980, 293.4268
647.3610, 253.7329
648.5240, 161.3198
649.6870, 313.6826
650.8490, 262.1631
652.0120, 203.6250
653.1740, 147.9980
654.3360, 139.6060
655.4980, 217.1953
656.6600, 137.8057
657.8210, 182.4561
658.9830, 197.3691
660.1440, 104.7358
661.3050, 35.14404
662.4660, 97.31104
663.6270, 55.82568
664.7870, 19.18652
665.9480, 126.5688
667.1080, 204.3306
668.2680, 62.92139
669.4280, 192.7642
670.5880, 143.2627
671.7480, 90.77051
672.9070, 115.3613
674.0670, 78.34082
675.2260, 86.00342
676.3850, 27.39893
677.5440, 56.02930
678.7030, 5.770020
679.8610, 28.53271
681.0200, 2.885254
682.1780, 194.4189
683.3360, 64.71338
684.4940, 48.71338
685.6520, 152.6050
686.8090, 17.06836
687.9670, 61.18359
689.1240, 158.3154
690.2810, 46.73828
691.4380, 118.2168
692.5950, 59.47900
693.7520, 117.6108
694.9080, 11.66016
696.0650, 5.602051
697.2210, 11.51025
698.3770, 71.42480
699.5330, 76.48926
700.6880, 155.4707
701.8440, 179.2378
702.9990, 114.2119
704.1550, 12.73047
705.3100, 110.6753
706.4650, 71.59521
707.6190, 0.4990230
708.7740, 48.21631
709.9290, 50.81982
711.0830, 94.64014
712.2370, 190.4780
713.3910, 110.2788
714.5450, 94.79248
715.6980, 27.31396
716.8520, 92.78809
718.0050, 167.3379
719.1580, 118.7769
720.3110, 99.19922
721.4640, 84.60303
722.6170, 57.93408
723.7700, 52.85352
724.9220, 32.70068
726.0740, 78.02686
727.2260, 85.33398
728.3780, 181.6230
729.5300, 49.89355
730.6810, 19.14502
731.8330, 22.62500
732.9840, 140.5649
734.1350, 120.7383
735.2860, 85.89453
736.4370, 83.03223
737.5880, 91.15088
738.7380, 14.25146
739.8880, 75.32910
741.0390, 40.38867
742.1890, 55.42725
743.3380, 97.64209
744.4880, 121.6436
745.6380, 136.6279
746.7870, 15.59521
747.9360, 130.5630
749.0850, 25.47119
750.2340, 141.5635
751.3830, 137.4336
752.5310, 24.50244
753.6800, 37.62305
754.8280, 108.0601
755.9760, 53.95459
757.1240, 80.80029
758.2720, 39.25537
759.4190, 190.1318
760.5670, 143.4663
761.7140, 157.1353
762.8610, 97.66309
764.0080, 128.2710
765.1550, 53.97656
766.3020, 175.3042
767.4480, 125.7925
768.5950, 135.3394
769.7410, 156.0869
770.8870, 55.59814
772.0330, 151.1387
773.1780, 132.6230
774.3240, 111.0898
775.4690, 205.5664
776.6140, 24.99854
777.7590, 102.4087
778.9040, 109.7998
780.0490, 15.17822
781.1940, 58.52979
782.3380, 23.02148
783.4820, 14.33496
784.6260, 110.6250
785.7700, 181.6113
786.9140, 135.8901
788.0580, 185.0044
789.2010, 106.5317
790.3450, 141.7651
791.4880, 130.9800
792.6310, 36.17725
793.7730, 36.35205
794.9160, 57.50684
796.0590, 24.64062
797.2010, 121.7520
798.3430, 134.8442
799.4850, 137.6987
800.6270, 68.76514
801.7690, 113.6738
802.9100, 104.4053
804.0520, 2.584961
805.1930, 47.39307
806.3340, 20.23291
807.4750, 63.16748
808.6160, 57.08203
809.7560, 37.97070
810.8970, 9.844727
812.0370, 22.63135
813.1770, 68.42480
814.3170, 71.04590
815.4570, 165.5151
816.5960, 44.71631
817.7360, 65.53271
818.8750, 23.94092
820.0140, 45.63477
821.1530, 3.000977
822.2920, 104.2734
823.4310, 19.79004
824.5690, 56.78613
825.7070, 47.05371
826.8460, 11.82812
827.9840, 9.677734
829.1220, 19.90723
830.2590, 51.24121
831.3970, 66.60059
832.5340, 86.32031
833.6710, 88.06543
834.8080, 80.37695
835.9450, 39.67285
837.0820, 54.78320
838.2190, 4.0038999E-02
839.3550, 3.728516
840.4910, 5.540039
841.6270, 3.786133
842.7630, 40.90332
843.8990, 39.83984
845.0350, 76.92969
846.1700, 98.73438
847.3060, 41.53223
848.4410, 32.49805
849.5760, 36.55273
850.7100, 121.5488
851.8450, 93.46680
852.9800, 105.0283
854.1140, 75.90723
855.2480, 138.8887
856.3820, 158.8477
857.5160, 183.7100
858.6500, 192.2100
859.7830, 184.1572
860.9170, 179.7832
862.0500, 182.2744
863.1830, 173.9785
864.3160, 306.6992
865.4480, 210.5586
866.5810, 336.1035
867.7130, 374.3848
868.8460, 347.7051
869.9780, 262.5127
871.1100, 229.3018
872.2410, 338.9355
873.3730, 290.5449
874.5050, 267.5518
875.6360, 260.2998
876.7670, 158.8389
877.8980, 103.2227
879.0290, 33.67188
880.1590, 82.28516
881.2900, 91.98730
882.4200, 81.67871
883.5500, 71.76562
884.6800, 67.43359
885.8100, 38.42480
886.9400, 119.0703
888.0690, 21.70410
889.1990, 53.72656
890.3280, 13.07422
891.4570, 30.46680
892.5860, 36.77148
893.7140, 58.82227
894.8430, 18.34375
895.9710, 26.13379
897.1000, 58.36426
898.2280, 62.14844
899.3560, 38.16699
900.4830, 58.60156
901.6110, 12.28418
902.7380, 31.87500
903.8660, 69.49023
904.9930, 37.13672
906.1200, 62.20703
907.2460, 45.22852
908.3730, 116.5547
909.5000, 170.8740
910.6260, 45.10352
911.7520, 57.40527
912.8780, 151.1406
914.0040, 159.3125
915.1290, 47.50684
916.2550, 54.04199
917.3800, 8.007813
918.5050, 127.6885
919.6300, 109.1904
920.7550, 80.64551
921.8800, 122.5469
923.0040, 10.73047
924.1290, 54.91602
925.2530, 180.0029
926.3770, 230.1855
927.5010, 259.4971
928.6250, 122.0928
929.7480, 282.8193
930.8720, 139.6719
931.9950, 119.2568
933.1180, 165.3672
934.2410, 240.5049
935.3640, 367.6377
936.4860, 422.5312
937.6090, 412.6094
938.7310, 497.6641
939.8530, 468.2354
940.9750, 620.0449
942.0970, 805.5811
943.2180, 823.4473
944.3400, 1044.286
945.4610, 1258.021
946.5820, 1504.272
947.7030, 1711.846
948.8240, 2142.719
949.9450, 2443.009
951.0650, 2784.111
952.1860, 3481.078
953.3060, 4651.810
954.4260, 6450.174
955.5460, 8717.972
956.6650, 12163.66
957.7850, 16842.71
958.9040, 22772.32
960.0230, 29888.17
961.1420, 38149.98
962.2610, 46236.46
963.3800, 52075.88
964.4990, 52525.59
965.6170, 46218.42
966.7350, 36839.32
967.8530, 27692.30
968.9710, 19972.29
970.0890, 14217.25
971.2070, 9949.053
972.3240, 7045.918
973.4410, 5013.978
974.5580, 3428.812
975.6750, 2702.545
976.7920, 1868.905
977.9090, 1357.731
979.0250, 1056.558
980.1410, 955.5479
981.2580, 687.6318
982.3740, 472.4805
983.4890, 362.2939
984.6050, 451.1279
985.7200, 230.6074
986.8360, 269.6924
987.9510, 169.8076
989.0660, 222.8301
990.1810, 117.9473
991.2950, 195.0654
992.4100, 64.18359
993.5240, 47.30371
994.6390, 43.44238
995.7530, 122.5820
996.8660, 195.7246
997.9800, 230.3594
999.0940, 240.0146
1000.207, 288.1621
1001.320, 362.3125
1002.433, 283.4648
1003.546, 569.6309
1004.659, 563.7979
1005.772, 857.3916
1006.884, 904.5703
1007.996, 1207.750
1009.108, 1004.942
1010.220, 1060.140
1011.332, 991.3965
1012.444, 884.3320
1013.555, 609.3525
1014.666, 564.9414
1015.777, 428.8320
1016.888, 328.0137
1017.999, 323.2168
1019.110, 180.4248
1020.220, 273.5371
1021.331, 297.7988
1022.441, 383.8516
1023.551, 403.7705
1024.661, 544.1738
1025.770, 640.6592
1026.880, 774.5576
1027.989, 918.1445
1029.098, 1016.294
1030.207, 1200.971
1031.316, 1250.299
1032.425, 1310.753
1033.533, 1525.023
1034.642, 1500.394
1035.750, 1600.025
1036.858, 1613.485
1037.966, 1751.870
1039.073, 1878.041
1040.181, 2047.434
1041.288, 2130.795
1042.396, 2149.195
1043.503, 2132.601
1044.610, 2135.982
1045.716, 2365.441
1046.823, 2673.860
1047.929, 3101.295
1049.036, 3675.731
1050.142, 4223.230
1051.248, 4761.523
1052.353, 4836.983
1053.459, 4714.449
1054.564, 4113.375
1055.670, 3397.850
1056.775, 3071.493
1057.880, 2631.656
1058.985, 2107.146
1060.089, 2041.639
1061.194, 1608.137
1062.298, 1493.640
1063.402, 1396.148
1064.506, 1172.664
1065.610, 1117.188
1066.713, 1127.713
1067.817, 1079.965
1068.920, 1099.113
1070.023, 1180.653
1071.126, 1327.816
1072.229, 1447.367
1073.332, 1595.928
1074.435, 1611.494
1075.537, 1913.068
1076.639, 1969.646
1077.741, 2187.230
1078.843, 2127.820
1079.945, 2173.416
1081.046, 1965.021
1082.148, 1755.631
1083.249, 1366.270
1084.350, 1284.913
1085.451, 976.5791
1086.551, 896.2725
1087.652, 748.9805
1088.752, 745.6953
1089.853, 546.4199
1090.953, 584.2432
1092.053, 468.9795
1093.152, 313.0977
1094.252, 395.8447
1095.351, 397.5977
1096.451, 190.3584
1097.550, 178.1328
1098.649, 106.9131
1099.748, 87.70215
1100.846, 78.58594
1101.945, 56.18066
1103.043, 59.10938
1104.141, 56.91504
1105.239, 12.72363
1106.337, 18.54199
1107.434, 4.369141
1108.532, 41.20898
1109.629, 37.05664
1110.726, 44.90918
1111.823, 92.05762
1112.920, 67.20996
1114.017, 169.4961
1115.113, 31.36719
1116.210, 30.24316
1117.306, 18.87598
1118.402, 136.4336
1119.498, 43.54883
1120.593, 224.6523
1121.689, 158.5459
1122.784, 270.5176
1123.879, 205.4219
1124.974, 193.3301
1126.069, 204.6455
1127.164, 84.07910
1128.259, 92.99707
1129.353, 71.97559
1130.447, 61.66992
1131.541, 72.82715
1132.635, 119.7578
1133.729, 47.69141
1134.822, 110.8242
1135.916, 27.83301
1137.009, 18.22363
1138.102, 5.297852
1139.195, 28.24316
1140.288, 34.76953
1141.380, 75.72656
1142.473, 3.321289
1143.565, 78.36523
1144.657, 100.0879
1145.749, 241.0176
1146.841, 86.94824
1147.932, 73.88184
1149.024, 91.81738
1150.115, 152.7432
1151.206, 68.68359
1152.297, 194.9092
1153.388, 30.85352
1154.479, 37.37988
1155.569, 14.55469
1156.659, 49.49512
1157.750, 153.5156
1158.839, 142.0713
1159.929, 95.03320
1161.019, 208.0303
1162.108, 163.1201
1163.198, 177.5713
1164.287, 117.0938
1165.376, 168.0596
1166.465, 146.0859
1167.553, 121.3408
1168.642, 139.3789
1169.730, 118.4180
1170.818, 140.4678
1171.906, 40.51758
1172.994, 204.5664
1174.082, 40.61719
1175.170, 15.66797
1176.257, 2.717773
1177.344, 145.8057
1178.431, 46.14160
1179.518, 92.19043
1180.605, 5.240234
1181.691, 108.5322
1182.778, 27.58008
1183.864, 108.7178
1184.950, 0.7646480
1186.036, 136.8301
1187.122, 38.10449
1188.207, 44.00293
1189.292, 134.0166
1190.378, 98.03418
1191.463, 151.0527
1192.548, 132.0693
1193.632, 117.0859
1194.717, 62.10156
1195.801, 50.11523
1196.886, 43.12793
1197.970, 96.13965
1199.054, 67.84863
1200.137, 192.1230
1201.221, 71.90625
1202.305, 131.0693
1203.388, 105.9980
1204.471, 68.92676
1205.554, 156.8545
1206.637, 137.7803
1207.719, 163.7051
1208.802, 152.6270
1209.884, 189.5498
1210.966, 162.6221
1212.048, 140.4512
1213.130, 115.7100
1214.212, 92.62500
1215.293, 69.66992
1216.374, 105.5820
1217.456, 190.4922
1218.536, 155.4072
1219.617, 223.4121
1220.698, 18.33301
1221.778, 200.2500
1222.859, 1.209961
1223.939, 92.12598
1225.019, 178.0400
1226.099, 329.9492
1227.178, 155.8584
1228.258, 155.7646
1229.337, 44.66699
1230.417, 40.60938
1231.496, 194.5059
1232.574, 127.6094
1233.653, 167.3027
1234.732, 176.1904
1235.810, 127.0742
1236.888, 166.9551
1237.966, 166.3438
1239.044, 79.21777
1240.122, 209.0889
1241.199, 134.9570
1242.277, 182.8408
1243.354, 188.7217
1244.431, 108.5977
1245.508, 82.54102
1246.585, 131.4102
1247.661, 12.09961
1248.738, 9.748047
1249.814, 10.58789
1250.890, 67.42285
1251.966, 42.31738
1253.042, 104.1426
1254.117, 206.9639
1255.193, 50.21875
1256.268, 127.5605
1257.343, 63.33594
1258.418, 49.10547
1259.493, 115.8711
1260.567, 68.63184
1261.642, 82.38965
1262.716, 81.14160
1263.790, 18.93750
1264.864, 49.75879
1265.938, 121.4980
1267.011, 11.19238
1268.085, 136.5254
1269.158, 26.76172
1270.231, 67.03906
1271.304, 178.8408
1272.377, 96.68750
1273.450, 27.37500
1274.522, 173.2695
1275.594, 69.90820
1276.666, 80.68066
1277.738, 141.3105
1278.810, 49.87305
1279.882, 166.7119
1280.953, 12.29102
1282.025, 92.86328
1283.096, 78.54297
1284.167, 140.5547
1285.238, 146.0605
1286.308, 52.56055
1287.379, 4.054688
1288.449, 122.5371
1289.519, 147.8652
1290.589, 59.33594
1291.659, 40.80176
1292.729, 26.74219
1293.798, 13.31445
1294.868, 129.0879
1295.937, 27.48633
1297.006, 87.40527
1298.075, 132.2588
1299.143, 96.63574
1300.212, 103.0068
1301.280, 118.3711
1302.348, 293.7295
1303.416, 170.0801
1304.484, 186.4258
1305.552, 75.71973
1306.620, 17.94629
1307.687, 182.3594
1308.754, 89.65820
1309.821, 27.89844
1310.888, 126.1836
1311.955, 65.46289
1313.021, 215.7354
1314.088, 137.8545
1315.154, 202.1133
1316.220, 72.08301
1317.286, 188.6582
1318.352, 172.9092
1319.417, 192.1543
1320.483, 247.3916
1321.548, 165.6221
1322.613, 207.8428
1323.678, 298.0576
1324.743, 117.2686
1325.807, 264.4746
1326.872, 89.67578
1327.936, 114.5410
1329.000, 213.7334
1330.064, 68.39648
1331.128, 156.7383
1332.191, 164.9150
1333.255, 244.2031
1334.318, 80.45703
1335.381, 198.6211
1336.444, 119.8945
1337.507, 325.0488
1338.569, 43.19824
1339.632, 24.78027
1340.694, 191.9189
1341.756, 162.0527
1342.818, 52.18066
1343.880, 190.3057
1344.941, 103.4209
1346.003, 198.1738
1347.064, 67.75879
1348.125, 124.8594
1349.186, 101.8613
1350.247, 80.80859
1351.308, 128.5098
1352.368, 162.5820
1353.428, 193.6592
1354.489, 176.7227
1355.549, 93.99414
1356.608, 149.0469
1357.668, 81.09082
1358.727, 215.1094
1359.787, 109.1484
1360.846, 89.17871
1361.905, 290.2041
1362.964, 121.2256
1364.022, 162.2412
1365.081, 11.25098
1366.139, 168.2539
1367.197, 154.2510
1368.255, 247.2441
1369.313, 226.9893
1370.371, 141.9209
1371.428, 282.8477
1372.486, 81.76953
1373.543, 194.6875
1374.600, 363.6006
1375.657, 226.0840
1376.713, 177.7607
1377.770, 247.4473
1378.826, 0.3466800
1379.882, 140.1670
1380.938, 193.0547
1381.994, 176.9395
1383.050, 120.0244
1384.106, 181.8994
1385.161, 144.1934
1386.216, 138.5859
1387.271, 163.4521
1388.326, 183.3154
1389.381, 260.1748
1390.435, 86.16016
1391.490, 79.07422
1392.544, 204.0391
1393.598, 171.2197
1394.652, 309.6680
1395.705, 197.5010
1396.759, 67.75195
1397.812, 66.55371
1398.866, 41.33203
1399.919, 116.0840
1400.972, 120.3213
1402.024, 324.0820
1403.077, 60.83496
1404.129, 99.58398
1405.181, 48.33008
1406.233, 277.0850
1407.285, 172.8223
1408.337, 238.3291
1409.389, 84.99414
1410.440, 22.83594
1411.491, 280.5000
1412.542, 119.1582
1413.593, 115.7373
1414.644, 267.7744
1415.695, 116.5801
1416.745, 154.0254
1417.795, 126.5420
1418.845, 117.9746
1419.895, 245.7842
1420.945, 97.41797
1421.995, 139.9756
1423.044, 202.3008
1424.093, 251.8477
1425.142, 276.5010
1426.191, 293.4688
1427.240, 295.3516
1428.289, 250.1309
1429.337, 304.6543
1430.385, 198.1777
1431.433, 266.6992
1432.481, 167.1826
1433.529, 220.4404
1434.577, 239.9609
1435.624, 208.4844
1436.672, 178.7666
1437.719, 115.2920
1438.766, 159.7344
1439.812, 183.2734
1440.859, 175.8242
1441.905, 101.1816
1442.952, 179.7090
1443.998, 143.7266
1445.044, 232.3682
1446.090, 169.7568
1447.135, 123.9668
1448.181, 171.2812
1449.226, 121.1641
1450.271, 332.0420
1451.316, 209.9307
1452.361, 276.8066
1453.405, 265.7422
1454.450, 150.6709
1455.494, 66.59375
1456.538, 51.33691
1457.582, 91.98340
1458.626, 62.24023
1459.670, 69.39160
1460.713, 110.4004
1461.757, 63.24023
1462.800, 133.0176
1463.843, 142.8320
1464.886, 8.639648
1465.928, 120.3916
1466.971, 172.1865
1468.013, 127.9609
1469.055, 247.7432
1470.097, 120.9014
1471.139, 18.33496
1472.181, 31.62695
1473.222, 141.9883
1474.263, 138.6846
1475.305, 21.60840
1476.346, 269.7246
1477.386, 254.4121
1478.427, 92.11621
1479.468, 142.8379
1480.508, 43.55566
1481.548, 284.2676
1482.588, 311.7998
1483.628, 141.4941
1484.668, 262.2021
1485.707, 155.5986
1486.747, 158.9971
1487.786, 322.7510
1488.825, 177.2969
1489.864, 282.7812
1490.902, 171.5791
1491.941, 152.9600
1492.979, 365.8359
1494.017, 66.27734
1495.055, 215.0244
1496.093, 175.7568
1497.131, 232.5479
1498.168, 113.3604
1499.206, 104.1777
1500.243, 144.0010
1501.280, 97.82910
1502.317, 161.6631
1503.354, 202.5234
1504.390, 165.4102
1505.426, 212.3086
1506.463, 93.21680
1507.499, 64.11816
1508.535, 304.0088
1509.570, 213.9033
1510.606, 208.8213
1511.641, 189.7520
1512.676, 222.6797
1513.711, 266.6064
1514.746, 66.99219
1515.781, 36.66211
1516.816, 54.38281
1517.850, 27.66699
1518.884, 54.08105
1519.918, 112.8242
1520.952, 104.7168
1521.986, 117.5820
1523.019, 123.2754
1524.053, 185.1035
1525.086, 207.7266
1526.119, 159.3203
1527.152, 223.3418
1528.185, 299.9297
1529.217, 302.5098
1530.250, 158.0918
1531.282, 248.6641
1532.314, 82.23242
1533.346, 221.6250
1534.377, 165.0918
1535.409, 136.5293
1536.440, 144.9414
1537.472, 105.2695
1538.503, 117.8809
1539.534, 86.94727
1540.564, 117.7031
1541.595, 150.8809
1542.625, 121.0000
1543.656, 139.4902
1544.686, 132.4512
1545.716, 123.1523
1546.745, 150.4902
1547.775, 128.3750
1548.804, 61.53711
1549.834, 81.66016
1550.863, 118.7363
1551.892, 109.7422
1552.920, 280.7188
1553.949, 302.4512
1554.977, 169.1953
1556.006, 192.9688
1557.034, 90.82422
1558.062, 162.7773
1559.089, 101.1387
1560.117, 263.8457
1561.144, 230.2070
1562.172, 168.3359
1563.199, 241.8418
1564.226, 134.7168
1565.252, 8.365234
1566.279, 131.4609
1567.305, 54.21875
1568.332, 149.8477
1569.358, 65.85938
1570.384, 7.878906
1571.409, 0.0000000E+00
##END=



