##NAMES=Legrandite
##RRUFFID=R040151
##IDEAL CHEMISTRY=Zn^2+^_2_As^5+^O_4_(OH)&#183;H_2_O
##LOCALITY=Mapimi, Durango, Mexico
##OWNER=RRUFF
##SOURCE=University of Arizona Mineral Museum
##DESCRIPTION=Yellow crystal fragments; same material used in McLean et al. (1971) study
##STATUS=The identification of this mineral has been confirmed by X-ray diffraction and chemical analysis
##URL=rruff.info/R040151
##MEASURED CHEMISTRY=Zn_1.88_Fe^2+^_0.04_As_1.03_O_4_(OH)·H_2_O
##PIN_ID=M01002
##ORIENTATION=Laser parallel to a* (1 0 0). Fiducial mark perpendicular to laser is parallel to -c [0 0 -1]
62.17000, 0.0000000E+00
63.41600, 125.5774
64.66100, 14.24194
65.90700, 14.62036
67.15200, 24.15698
68.39700, 185.4075
69.64100, 583.1780
70.88600, 1894.975
72.13000, 3329.182
73.37400, 5545.465
74.61800, 8347.503
75.86200, 10456.71
77.10600, 11015.04
78.34900, 10265.85
79.59300, 9517.245
80.83600, 9083.168
82.07900, 9438.176
83.32100, 10488.48
84.56400, 11034.37
85.80600, 10820.23
87.04800, 10013.54
88.29000, 9088.837
89.53200, 8330.723
90.77400, 7589.848
92.01500, 7157.907
93.25700, 6845.639
94.49800, 6835.913
95.73900, 6983.603
96.98000, 7559.822
98.22000, 7325.642
99.46100, 7220.317
100.7010, 7174.649
101.9410, 6669.377
103.1810, 6248.302
104.4210, 5895.263
105.6600, 5585.126
106.9000, 5288.781
108.1390, 4658.129
109.3780, 3996.087
110.6170, 3527.582
111.8550, 3021.548
113.0940, 2634.925
114.3320, 2363.660
115.5700, 2380.703
116.8080, 2387.010
118.0460, 2663.538
119.2830, 2773.248
120.5210, 2857.104
121.7580, 2692.075
122.9950, 2168.129
124.2320, 1698.734
125.4690, 1069.408
126.7050, 699.5723
127.9410, 233.2539
129.1780, 34.55371
130.4140, 101.6064
131.6490, 170.5430
132.8850, 40.67969
134.1200, 315.8447
135.3560, 641.0234
136.5910, 1003.586
137.8260, 1345.806
139.0610, 1769.860
140.2950, 2093.895
141.5290, 2314.010
142.7640, 2269.281
143.9980, 2540.766
145.2320, 2447.513
146.4650, 2425.557
147.6990, 2330.933
148.9320, 2468.661
150.1650, 2796.765
151.3980, 3232.260
152.6310, 4134.158
153.8640, 4862.472
155.0960, 5913.206
156.3280, 7121.371
157.5600, 8941.964
158.7920, 10661.00
160.0240, 13141.47
161.2560, 15378.38
162.4870, 17111.74
163.7180, 17184.54
164.9490, 16806.77
166.1800, 15128.45
167.4110, 12973.57
168.6410, 10744.12
169.8720, 8854.113
171.1020, 7368.516
172.3320, 6250.334
173.5620, 5433.579
174.7910, 4787.248
176.0210, 4151.339
177.2500, 4084.850
178.4790, 3842.775
179.7080, 4231.116
180.9370, 4511.872
182.1650, 5053.037
183.3940, 5253.611
184.6220, 5223.466
185.8500, 5550.516
187.0780, 6029.470
188.3050, 6233.236
189.5330, 6671.585
190.7600, 7080.037
191.9870, 7593.147
193.2140, 7558.123
194.4410, 7968.928
195.6680, 7919.686
196.8940, 7613.244
198.1200, 7212.785
199.3470, 6732.334
200.5720, 5938.481
201.7980, 5400.822
203.0240, 4679.571
204.2490, 4171.701
205.4740, 4034.207
206.6990, 3543.085
207.9240, 3780.330
209.1490, 3517.940
210.3740, 3818.336
211.5980, 3864.315
212.8220, 4163.713
214.0460, 4226.641
215.2700, 4193.234
216.4930, 4047.686
217.7170, 3958.595
218.9400, 4087.814
220.1630, 4013.227
221.3860, 4317.729
222.6090, 4617.244
223.8320, 5015.697
225.0540, 5526.025
226.2760, 6003.180
227.4980, 6465.107
228.7200, 6571.764
229.9420, 6501.112
231.1630, 6322.122
232.3850, 5924.758
233.6060, 5636.994
234.8270, 5245.807
236.0480, 5206.172
237.2690, 5323.068
238.4890, 5648.477
239.7090, 6015.379
240.9290, 6075.760
242.1490, 6446.602
243.3690, 6253.887
244.5890, 6175.557
245.8080, 5800.639
247.0270, 5362.125
248.2470, 4987.004
249.4650, 4772.436
250.6840, 4592.690
251.9030, 4510.896
253.1210, 4547.250
254.3390, 4662.947
255.5570, 4877.986
256.7750, 5338.356
257.9930, 5837.052
259.2100, 5993.066
260.4280, 6691.394
261.6450, 7509.029
262.8620, 8217.961
264.0790, 9188.193
265.2950, 10420.72
266.5120, 11837.53
267.7280, 13318.62
268.9440, 14386.99
270.1600, 15365.65
271.3760, 16079.56
272.5920, 16396.75
273.8070, 15779.19
275.0220, 15110.89
276.2370, 13903.83
277.4520, 12401.27
278.6670, 11158.20
279.8820, 9929.583
281.0960, 8739.103
282.3100, 7753.389
283.5240, 6676.846
284.7380, 6042.398
285.9520, 5312.207
287.1650, 4821.238
288.3780, 3923.504
289.5920, 3516.006
290.8050, 2993.740
292.0170, 2508.712
293.2300, 1793.918
294.4430, 1534.383
295.6550, 1002.089
296.8670, 894.0518
298.0790, 556.2412
299.2910, 322.6826
300.5020, 265.3564
301.7140, 103.2979
302.9250, 55.50684
304.1360, 35.03027
305.3470, 133.3643
306.5580, 313.4902
307.7680, 334.4346
308.9780, 309.1846
310.1890, 308.7637
311.3990, 256.5508
312.6090, 146.3730
313.8180, 143.3643
315.0280, 125.1074
316.2370, 94.62402
317.4460, 89.39844
318.6550, 222.0635
319.8640, 108.9912
321.0730, 171.6797
322.2810, 286.1367
323.4890, 193.4131
324.6980, 133.4512
325.9060, 315.2520
327.1130, 257.8848
328.3210, 161.3486
329.5280, 259.5889
330.7360, 89.66113
331.9430, 127.6182
333.1500, 149.4990
334.3560, 130.2607
335.5630, 199.9014
336.7690, 62.61035
337.9760, 33.28516
339.1820, 347.0674
340.3870, 684.9473
341.5930, 858.9258
342.7990, 1251.971
344.0040, 1738.157
345.2090, 2184.441
346.4140, 2877.816
347.6190, 3607.361
348.8240, 4234.068
350.0280, 4935.941
351.2330, 5831.996
352.4370, 6576.194
353.6410, 7038.546
354.8440, 7617.061
356.0480, 7736.864
357.2520, 7842.916
358.4550, 7594.225
359.6580, 7238.754
360.8610, 6349.492
362.0640, 5847.433
363.2660, 4860.564
364.4690, 4233.883
365.6710, 3554.381
366.8730, 2818.052
368.0750, 2262.893
369.2770, 1934.896
370.4780, 1752.061
371.6800, 1590.380
372.8810, 1557.851
374.0820, 1680.679
375.2830, 1870.050
376.4830, 2236.133
377.6840, 2606.172
378.8840, 3171.345
380.0840, 3774.648
381.2840, 4300.078
382.4840, 5154.634
383.6840, 5910.312
384.8830, 6555.109
386.0830, 7197.022
387.2820, 7751.049
388.4810, 8435.185
389.6800, 8477.432
390.8780, 8810.784
392.0770, 9072.241
393.2750, 8615.802
394.4730, 8169.461
395.6710, 7681.219
396.8690, 6970.070
398.0660, 6260.016
399.2640, 5436.055
400.4610, 4575.180
401.6580, 4195.391
402.8550, 3558.689
404.0520, 3090.072
405.2490, 2918.535
406.4450, 2296.077
407.6410, 2469.936
408.8370, 2258.770
410.0330, 2257.684
411.2290, 2081.130
412.4240, 2400.801
413.6200, 2639.940
414.8150, 2924.699
416.0100, 3355.664
417.2050, 3740.192
418.4000, 4168.240
419.5940, 4548.339
420.7880, 5080.961
421.9830, 5593.751
423.1770, 6364.971
424.3700, 6759.443
425.5640, 7282.304
426.7580, 7690.623
427.9510, 8181.738
429.1440, 8432.444
430.3370, 8676.759
431.5300, 8905.642
432.7220, 8726.858
433.9150, 8622.166
435.1070, 8074.237
436.2990, 7731.484
437.4910, 7283.374
438.6830, 6522.113
439.8750, 6149.925
441.0660, 5844.913
442.2570, 5346.791
443.4480, 5007.320
444.6390, 4886.258
445.8300, 4791.512
447.0210, 4755.698
448.2110, 4907.966
449.4010, 4906.645
450.5910, 5294.953
451.7810, 5534.416
452.9710, 5702.714
454.1610, 6039.559
455.3500, 6229.281
456.5390, 6554.471
457.7280, 6733.047
458.9170, 6807.793
460.1060, 6793.799
461.2940, 7074.506
462.4830, 7128.021
463.6710, 6836.934
464.8590, 7065.229
466.0470, 7049.893
467.2350, 6815.889
468.4220, 6618.090
469.6090, 6378.822
470.7970, 6075.027
471.9840, 5617.291
473.1700, 5035.275
474.3570, 4593.570
475.5440, 3956.046
476.7300, 3578.803
477.9160, 3108.802
479.1020, 2777.844
480.2880, 2340.690
481.4740, 2086.863
482.6590, 1796.639
483.8440, 1707.876
485.0300, 1580.502
486.2140, 1605.325
487.3990, 1366.934
488.5840, 1278.900
489.7680, 1338.296
490.9530, 1301.513
492.1370, 1301.580
493.3210, 1321.761
494.5040, 1434.734
495.6880, 1498.489
496.8720, 1649.625
498.0550, 1772.451
499.2380, 2099.801
500.4210, 2074.736
501.6040, 2475.877
502.7860, 2558.748
503.9690, 2689.535
505.1510, 2896.960
506.3330, 2935.305
507.5150, 2913.572
508.6970, 2481.758
509.8780, 2482.862
511.0600, 2118.885
512.2410, 2049.821
513.4220, 1666.674
514.6030, 1573.439
515.7840, 1232.117
516.9640, 1182.708
518.1440, 1146.207
519.3250, 1070.615
520.5050, 1121.932
521.6850, 852.1553
522.8640, 880.2852
524.0440, 931.3193
525.2230, 715.2578
526.4020, 708.0977
527.5820, 896.8408
528.7600, 835.4854
529.9390, 747.0303
531.1180, 889.4736
532.2960, 949.8145
533.4740, 920.0527
534.6520, 1024.188
535.8300, 917.3662
537.0080, 881.2930
538.1850, 916.1143
539.3630, 789.8467
540.5400, 781.4541
541.7170, 738.9521
542.8940, 657.8213
544.0700, 559.7803
545.2470, 529.0479
546.4230, 476.1797
547.5990, 410.1270
548.7750, 339.9609
549.9510, 351.6768
551.1270, 351.2744
552.3020, 318.7539
553.4780, 310.3291
554.6530, 287.1504
555.8280, 261.4414
557.0030, 257.0029
558.1770, 238.2295
559.3520, 260.9111
560.5260, 262.2148
561.7000, 244.5693
562.8740, 285.1201
564.0480, 227.2441
565.2220, 219.9102
566.3950, 247.0449
567.5680, 159.7236
568.7420, 137.2354
569.9150, 49.57324
571.0870, 237.7061
572.2600, 179.6875
573.4320, 137.5068
574.6050, 167.1514
575.7770, 113.6279
576.9490, 137.9229
578.1210, 8.041992
579.2920, 70.93457
580.4640, 7.370117
581.6350, 146.0898
582.8060, 7.376953
583.9770, 73.43652
585.1480, 73.70020
586.3190, 79.10645
587.4890, 30.78418
588.6590, 144.2900
589.8290, 26.20312
590.9990, 18.92383
592.1690, 62.52148
593.3390, 34.82520
594.5080, 9.984375
595.6770, 10.97363
596.8470, 82.15234
598.0160, 200.5723
599.1840, 115.2959
600.3530, 22.71973
601.5210, 52.45703
602.6900, 50.86426
603.8580, 199.4795
605.0260, 214.3975
606.1930, 101.6152
607.3610, 277.0518
608.5280, 247.8145
609.6960, 101.8965
610.8630, 91.18750
612.0300, 244.6934
613.1970, 256.5059
614.3630, 305.6133
615.5300, 160.0684
616.6960, 197.7881
617.8620, 111.7852
619.0280, 228.0146
620.1940, 225.5254
621.3590, 133.3545
622.5250, 11.55176
623.6900, 174.7344
624.8550, 51.69141
626.0200, 112.0537
627.1850, 1.049805
628.3490, 201.7637
629.5140, 53.55859
630.6780, 7.096680
631.8420, 40.82031
633.0060, 94.74707
634.1700, 20.09668
635.3330, 17.22656
636.4970, 59.73340
637.6600, 59.44238
638.8230, 157.6484
639.9860, 16.60840
641.1490, 253.4131
642.3110, 272.0986
643.4740, 268.6689
644.6360, 468.1250
645.7980, 429.4707
646.9600, 589.7070
648.1220, 746.8359
649.2840, 716.8564
650.4450, 793.7695
651.6060, 982.5801
652.7670, 1084.283
653.9280, 1224.883
655.0890, 1351.379
656.2500, 1394.774
657.4100, 1452.068
658.5700, 1475.262
659.7300, 1351.357
660.8900, 1375.354
662.0500, 1101.253
663.2100, 898.0576
664.3690, 877.7676
665.5280, 795.3828
666.6880, 571.9043
667.8460, 611.3369
669.0050, 585.6758
670.1640, 403.9268
671.3220, 434.0889
672.4810, 267.1631
673.6390, 259.1504
674.7970, 114.0527
675.9540, 245.8682
677.1120, 222.6006
678.2690, 120.2490
679.4270, 255.8145
680.5840, 144.2998
681.7410, 61.70508
682.8980, 185.0312
684.0540, 59.27734
685.2110, 56.44629
686.3670, 193.5371
687.5230, 132.5547
688.6790, 225.2588
689.8350, 86.99121
690.9900, 211.6455
692.1460, 163.7676
693.3010, 260.6680
694.4560, 98.09863
695.6110, 372.9111
696.7660, 199.5156
697.9210, 389.5557
699.0750, 282.0742
700.2290, 235.5391
701.3840, 256.4775
702.5370, 179.2480
703.6910, 370.5957
704.8450, 307.6846
705.9980, 414.3828
707.1520, 302.6172
708.3050, 293.0508
709.4580, 265.8877
710.6110, 202.1104
711.7630, 381.7598
712.9160, 327.0645
714.0680, 415.2754
715.2200, 250.7148
716.3720, 326.9707
717.5240, 233.5762
718.6760, 197.3223
719.8270, 231.9922
720.9780, 59.47461
722.1300, 318.0566
723.2810, 89.98242
724.4310, 250.4883
725.5820, 149.6719
726.7330, 184.9121
727.8830, 215.4072
729.0330, 177.0547
730.1830, 204.3418
731.3330, 170.0879
732.4830, 222.5186
733.6320, 259.3262
734.7810, 322.1260
735.9310, 259.5244
737.0800, 364.5557
738.2290, 241.0186
739.3770, 407.1885
740.5260, 366.7832
741.6740, 411.5732
742.8220, 490.1377
743.9700, 452.8770
745.1180, 532.8076
746.2660, 359.8486
747.4130, 509.8594
748.5610, 688.1650
749.7080, 564.2939
750.8550, 556.9375
752.0020, 575.9961
753.1490, 634.1387
754.2950, 598.5898
755.4420, 649.8555
756.5880, 737.7080
757.7340, 724.4629
758.8800, 694.5762
760.0250, 984.6865
761.1710, 801.1123
762.3160, 1071.070
763.4620, 1276.636
764.6070, 1249.998
765.7520, 1269.572
766.8960, 1492.782
768.0410, 1420.562
769.1850, 1623.515
770.3300, 1848.615
771.4740, 1871.598
772.6180, 2216.785
773.7610, 2645.188
774.9050, 2904.204
776.0480, 3098.527
777.1920, 3462.330
778.3350, 3772.539
779.4780, 4318.539
780.6200, 4707.818
781.7630, 5032.184
782.9060, 5349.609
784.0480, 5549.754
785.1900, 5737.633
786.3320, 5859.643
787.4740, 5996.943
788.6150, 6002.955
789.7570, 6182.254
790.8980, 6257.648
792.0390, 6306.162
793.1800, 6414.826
794.3210, 6363.593
795.4620, 6258.467
796.6020, 6355.484
797.7420, 6336.587
798.8830, 6082.784
800.0230, 6163.119
801.1620, 6301.578
802.3020, 6155.158
803.4420, 6470.879
804.5810, 6484.721
805.7200, 6700.686
806.8590, 6990.760
807.9980, 7330.949
809.1370, 7465.246
810.2750, 7968.641
811.4140, 8263.129
812.5520, 8860.565
813.6900, 9218.248
814.8280, 9765.024
815.9650, 10494.89
817.1030, 11213.87
818.2400, 12112.95
819.3780, 13457.98
820.5150, 14466.26
821.6520, 15518.55
822.7880, 16349.98
823.9250, 17269.63
825.0610, 17917.42
826.1980, 18437.31
827.3340, 18943.36
828.4700, 19492.48
829.6050, 19552.84
830.7410, 20519.30
831.8760, 21185.88
833.0120, 21748.60
834.1470, 22848.46
835.2820, 24235.44
836.4160, 25936.58
837.5510, 27512.86
838.6860, 29022.27
839.8200, 31083.82
840.9540, 32776.51
842.0880, 35147.34
843.2220, 37221.30
844.3550, 39706.45
845.4890, 43152.75
846.6220, 46940.23
847.7550, 51143.85
848.8880, 56969.61
850.0210, 63921.54
851.1540, 72541.59
852.2860, 83402.84
853.4190, 96823.27
854.5510, 112253.9
855.6830, 130482.7
856.8150, 149713.7
857.9460, 168797.7
859.0780, 185405.1
860.2090, 193979.8
861.3410, 193836.5
862.4720, 182740.4
863.6020, 165459.4
864.7330, 143674.0
865.8640, 121062.1
866.9940, 101786.8
868.1240, 85737.76
869.2540, 73934.88
870.3840, 64494.10
871.5140, 57561.93
872.6440, 52496.52
873.7730, 48768.76
874.9020, 45673.38
876.0320, 43285.77
877.1600, 41231.47
878.2890, 38833.65
879.4180, 36639.88
880.5460, 34741.88
881.6750, 32437.15
882.8030, 30578.21
883.9310, 28979.92
885.0590, 28113.21
886.1860, 27444.30
887.3140, 27639.63
888.4410, 28386.19
889.5680, 30321.99
890.6950, 32754.01
891.8220, 35964.25
892.9490, 41124.69
894.0750, 47375.34
895.2020, 55091.22
896.3280, 64427.31
897.4540, 74677.55
898.5800, 85501.00
899.7050, 95710.61
900.8310, 104185.4
901.9560, 107300.3
903.0820, 106723.4
904.2070, 101211.7
905.3320, 92658.10
906.4560, 81417.67
907.5810, 70120.42
908.7050, 60478.32
909.8300, 51421.37
910.9540, 44805.57
912.0780, 38609.71
913.2010, 33788.21
914.3250, 29674.85
915.4480, 26552.95
916.5720, 24534.00
917.6950, 22088.48
918.8180, 20625.80
919.9410, 18994.15
921.0630, 18097.22
922.1860, 17299.98
923.3080, 16721.21
924.4300, 16199.18
925.5520, 15425.11
926.6740, 15072.28
927.7960, 14493.56
928.9170, 13826.89
930.0390, 12918.72
931.1600, 12227.76
932.2810, 11378.46
933.4020, 10620.04
934.5230, 10038.86
935.6430, 9101.598
936.7640, 8534.740
937.8840, 7944.865
939.0040, 7381.236
940.1240, 6871.090
941.2440, 6344.788
942.3630, 5912.543
943.4830, 5393.741
944.6020, 5070.115
945.7210, 4575.699
946.8400, 4106.379
947.9590, 3824.621
949.0770, 3505.118
950.1960, 3260.727
951.3140, 2970.874
952.4320, 2771.996
953.5500, 2591.740
954.6680, 2306.034
955.7860, 2076.934
956.9030, 1864.665
958.0210, 1761.176
959.1380, 1587.203
960.2550, 1551.908
961.3720, 1524.053
962.4890, 1354.363
963.6050, 1312.750
964.7220, 1129.553
965.8380, 1097.637
966.9540, 900.4912
968.0700, 999.4414
969.1860, 981.6650
970.3010, 849.4814
971.4170, 686.1846
972.5320, 744.3223
973.6470, 690.4922
974.7620, 517.2998
975.8770, 525.6191
976.9910, 507.7305
978.1060, 392.7432
979.2200, 375.0938
980.3340, 448.4580
981.4480, 496.0234
982.5620, 453.8955
983.6760, 246.6260
984.7890, 427.0449
985.9030, 157.9727
987.0160, 249.2988
988.1290, 129.7959
989.2420, 77.45605
990.3550, 172.1270
991.4670, 82.58789
992.5800, 10.54883
993.6920, 21.76758
994.8040, 1.166016
995.9160, 41.36719
997.0280, 88.80664
998.1390, 30.99707
999.2510, 56.88477
1000.362, 12.32422
1001.473, 10.52539
1002.584, 18.73535
1003.695, 2.674805
1004.805, 41.25098
1005.916, 2.516602
1007.026, 38.25293
1008.136, 48.29883
1009.246, 154.7529
1010.356, 28.49316
1011.466, 44.92676
1012.576, 33.65625
1013.685, 48.34961
1014.794, 0.5566410
1015.903, 40.36328
1017.012, 53.05078
1018.121, 75.43066
1019.229, 148.1377
1020.338, 351.8037
1021.446, 419.8896
1022.554, 415.8545
1023.662, 613.2373
1024.770, 475.2881
1025.878, 586.5244
1026.985, 793.5947
1028.092, 729.9287
1029.200, 888.2334
1030.307, 865.9561
1031.413, 842.3174
1032.520, 737.7324
1033.627, 701.6045
1034.733, 620.7139
1035.839, 664.5889
1036.945, 397.2695
1038.051, 543.3438
1039.157, 276.3730
1040.262, 270.4414
1041.368, 240.0596
1042.473, 128.6768
1043.578, 136.3525
1044.683, 20.97266
1045.788, 18.94238
1046.893, 37.56836
1047.997, 89.48828
1049.101, 28.67090
1050.205, 4.701172
1051.309, 78.95117
1052.413, 119.7100
1053.517, 129.8584
1054.621, 138.3193
1055.724, 56.45898
1056.827, 91.02148
1057.930, 84.91504
1059.033, 180.0312
1060.136, 274.8916
1061.238, 98.55273
1062.341, 103.6279
1063.443, 237.7285
1064.545, 23.09766
1065.647, 22.16406
1066.749, 185.6182
1067.850, 147.0186
1068.952, 114.7305
1070.053, 174.3389
1071.154, 108.8086
1072.255, 111.8535
1073.356, 35.06152
1074.457, 62.95410
1075.557, 21.30469
1076.658, 27.29785
1077.758, 84.81738
1078.858, 71.94727
1079.958, 104.1748
1081.057, 64.55469
1082.157, 20.86133
1083.256, 70.12500
1084.356, 110.3369
1085.455, 58.73730
1086.554, 160.1348
1087.653, 65.43066
1088.751, 10.61816
1089.850, 61.35938
1090.948, 81.15332
1092.046, 223.1182
1093.144, 90.29590
1094.242, 24.14160
1095.340, 46.53711
1096.437, 120.1973
1097.534, 86.05371
1098.632, 1.471680
1099.729, 76.90625
1100.826, 76.03320
1101.922, 21.06738
1103.019, 75.78125
1104.115, 50.44336
1105.212, 35.01465
1106.308, 66.49609
1107.404, 136.8398
1108.499, 118.2129
1109.595, 78.58594
1110.691, 96.33984
1111.786, 2.175781
1112.881, 127.8789
1113.976, 156.5010
1115.071, 134.0449
1116.166, 119.5068
1117.260, 38.80371
1118.355, 22.77539
1119.449, 105.4824
1120.543, 82.46094
1121.637, 220.3291
1122.731, 300.3682
1123.824, 113.2129
1124.918, 181.7217
1126.011, 232.0508
1127.104, 31.46875
1128.197, 140.9277
1129.290, 56.45410
1130.382, 104.5674
1131.475, 148.5215
1132.567, 340.8867
1133.659, 191.5693
1134.751, 214.0928
1135.843, 130.6621
1136.935, 240.6816
1138.027, 180.0566
1139.118, 413.9229
1140.209, 118.5342
1141.300, 185.4307
1142.391, 95.12891
1143.482, 308.4229
1144.573, 402.8135
1145.663, 112.5830
1146.754, 247.1729
1147.844, 239.1328
1148.934, 305.6016
1150.024, 301.5898
1151.113, 296.2422
1152.203, 397.1123
1153.292, 280.2529
1154.381, 258.3057
1155.470, 281.2705
1156.559, 273.1475
1157.648, 285.9336
1158.737, 366.6338
1159.825, 277.2510
1160.913, 256.7773
1162.001, 369.2100
1163.089, 229.5615
1164.177, 316.8164
1165.265, 434.9834
1166.352, 216.1426
1167.440, 340.1250
1168.527, 446.0205
1169.614, 312.8359
1170.701, 447.5615
1171.788, 352.2061
1172.874, 352.7646
1173.961, 346.2363
1175.047, 346.6230
1176.133, 565.1660
1177.219, 350.3906
1178.305, 463.5312
1179.390, 517.2441
1180.476, 436.0391
1181.561, 558.4385
1182.646, 291.0410
1183.731, 306.6338
1184.816, 519.5342
1185.901, 379.7734
1186.985, 461.5762
1188.070, 331.6592
1189.154, 265.8184
1190.238, 490.7578
1191.322, 260.6211
1192.406, 434.4502
1193.489, 415.8057
1194.573, 383.9834
1195.656, 396.5225
1196.739, 503.2139
1197.822, 372.6904
1198.905, 428.2725
1199.988, 354.4756
1201.070, 465.7227
1202.153, 256.0098
1203.235, 244.5713
1204.317, 293.3096
1205.399, 427.2490
1206.481, 146.2998
1207.562, 374.4160
1208.644, 148.3477
1209.725, 270.1924
1210.806, 479.9658
1211.887, 214.5615
1212.968, 510.0371
1214.049, 423.4893
1215.129, 320.9824
1216.209, 307.9023
1217.290, 320.2588
1218.370, 331.6465
1219.450, 347.9785
1220.529, 355.1953
1221.609, 360.8486
1222.688, 362.8711
1223.768, 373.4678
1224.847, 336.9697
1225.926, 364.2920
1227.005, 297.2686
1228.083, 228.9756
1229.162, 222.0811
1230.240, 256.7783
1231.318, 290.3721
1232.396, 265.3828
1233.474, 287.4844
1234.552, 282.6777
1235.629, 274.8955
1236.707, 281.9424
1237.784, 257.4844
1238.861, 278.2393
1239.938, 321.0977
1241.015, 392.6221
1242.092, 382.1387
1243.168, 352.4561
1244.244, 307.4688
1245.321, 296.6250
1246.397, 199.0947
1247.473, 383.0537
1248.548, 421.6152
1249.624, 328.0049
1250.699, 326.2295
1251.775, 191.4404
1252.850, 219.8936
1253.925, 261.9053
1254.999, 352.9941
1256.074, 265.9219
1257.148, 202.5762
1258.223, 159.9834
1259.297, 142.6240
1260.371, 241.3389
1261.445, 145.5918
1262.519, 289.5928
1263.592, 264.8711
1264.666, 237.5742
1265.739, 307.6426
1266.812, 250.7627
1267.885, 360.1182
1268.958, 217.8760
1270.030, 215.0186
1271.103, 236.4180
1272.175, 318.5635
1273.247, 228.9072
1274.319, 236.4961
1275.391, 309.9756
1276.463, 376.3330
1277.535, 294.4414
1278.606, 308.4248
1279.677, 270.3281
1280.748, 238.1055
1281.819, 200.4365
1282.890, 216.8613
1283.961, 196.1807
1285.031, 210.4619
1286.102, 371.5273
1287.172, 256.7471
1288.242, 303.6514
1289.312, 232.5527
1290.381, 243.0000
1291.451, 413.1514
1292.520, 285.6084
1293.590, 294.8018
1294.659, 127.7832
1295.728, 228.8984
1296.797, 338.1680
1297.865, 280.0078
1298.934, 411.8525
1300.002, 264.6660
1301.070, 242.8418
1302.138, 249.9756
1303.206, 216.3154
1304.274, 275.7676
1305.341, 200.4980
1306.409, 251.7783
1307.476, 253.3906
1308.543, 208.0674
1309.610, 247.5391
1310.677, 383.1826
1311.744, 388.2734
1312.810, 375.6826
1313.877, 276.3301
1314.943, 295.2607
1316.009, 295.1934
1317.075, 241.0674
1318.140, 294.0957
1319.206, 224.7861
1320.272, 322.1611
1321.337, 373.8750
1322.402, 242.5342
1323.467, 255.1553
1324.532, 220.8096
1325.596, 183.5908
1326.661, 86.21387
1327.725, 273.0518
1328.790, 82.69531
1329.854, 16.58594
1330.918, 297.7676
1331.981, 242.9287
1333.045, 72.49023
1334.108, 170.4258
1335.172, 153.3369
1336.235, 285.2637
1337.298, 204.2002
1338.361, 458.6201
1339.423, 288.5088
1340.486, 17.59180
1341.548, 220.2822
1342.611, 201.1465
1343.673, 50.76074
1344.735, 145.3145
1345.796, 153.9082
1346.858, 170.5449
1347.919, 99.26758
1348.981, 202.0791
1350.042, 251.9805
1351.103, 123.8750
1352.164, 216.7988
1353.225, 194.7051
1354.285, 259.6562
1355.346, 253.5010
1356.406, 301.0527
1357.466, 184.6113
1358.526, 87.34570
1359.586, 275.2324
1360.645, 114.0752
1361.705, 277.0264
1362.764, 184.9863
1363.823, 240.9502
1364.882, 69.96973
1365.941, 51.16211
1367.000, 170.1816
1368.059, 192.3584
1369.117, 171.1562
1370.175, 179.7656
1371.233, 179.8516
1372.291, 170.2236
1373.349, 175.4629
1374.407, 186.3965
1375.464, 178.8457
1376.522, 167.1699
1377.579, 304.5117
1378.636, 215.8760
1379.693, 9.999023
1380.750, 132.4980
1381.806, 170.8730
1382.863, 115.2549
1383.919, 246.6426
1384.975, 186.9326
1386.031, 156.3086
1387.087, 78.43652
1388.143, 90.91406
1389.199, 15.73926
1390.254, 86.67090
1391.309, 164.2051
1392.364, 115.7520
1393.419, 197.5400
1394.474, 270.8994
1395.529, 216.4961
1396.583, 182.0996
1397.638, 63.73047
1398.692, 3.619141
1399.746, 12.06348
1400.800, 142.7559
1401.853, 121.4658
1402.907, 47.19629
1403.960, 148.9443
1405.014, 99.70703
1406.067, 3.483398
1407.120, 62.27246
1408.173, 32.07520
1409.225, 161.8887
1410.278, 23.28223
1411.330, 44.56348
1412.383, 29.42285
1413.435, 0.3007810
1414.487, 82.19336
1415.538, 171.1016
1416.590, 88.02832
1417.641, 25.02441
1418.693, 42.06348
1419.744, 86.91602
1420.795, 5.084961
1421.846, 102.8545
1422.897, 273.8945
1423.947, 175.9561
1424.998, 72.03516
1426.048, 3.863281
1427.098, 43.25586
1428.148, 107.3994
1429.198, 21.43555
1430.247, 61.11328
1431.297, 123.0928
1432.346, 19.67969
1433.396, 137.5713
1434.445, 243.8457
1435.494, 72.14551
1436.542, 239.4697
1437.591, 77.85645
1438.639, 222.2412
1439.688, 292.6602
1440.736, 298.1084
1441.784, 243.5889
1442.832, 148.3906
1443.880, 219.6914
1444.927, 211.5723
1445.975, 284.9033
1447.022, 359.2510
1448.069, 254.5986
1449.116, 263.9414
1450.163, 220.2461
1451.209, 402.3213
1452.256, 278.3486
1453.302, 281.2969
1454.348, 385.1641
1455.394, 317.3018
1456.440, 226.4619
1457.486, 350.4678
1458.532, 137.4863
1459.577, 294.5527
1460.623, 385.6592
1461.668, 490.2637
1462.713, 262.4170
1463.758, 185.5654
1464.802, 160.7725
1465.847, 192.0059
1466.891, 240.2637
1467.936, 265.5459
1468.980, 275.8525
1470.024, 160.1895
1471.067, 202.5557
1472.111, 98.94922
1473.155, 230.3711
1474.198, 224.8174
1475.241, 217.2900
1476.284, 231.7852
1477.327, 224.3057
1478.370, 245.8525
1479.413, 227.4219
1480.455, 154.0166
1481.497, 180.4004
1482.540, 186.3330
1483.582, 158.9023
1484.624, 214.6006
1485.665, 169.3262
1486.707, 89.07715
1487.748, 220.8535
1488.790, 169.6553
1489.831, 164.7812
1490.872, 10.76855
1491.912, 106.1074
1492.953, 104.0059
1493.994, 32.92383
1495.034, 113.8750
1496.074, 212.3477
1497.114, 156.3418
1498.154, 32.33105
1499.194, 110.3750
1500.234, 1.322266
1501.273, 218.6494
1502.313, 60.74707
1503.352, 139.8672
1504.391, 141.9316
1505.430, 6.407227
1506.468, 87.29297
1507.507, 171.8574
1508.545, 137.9541
1509.584, 112.0664
1510.622, 4.802734
1511.660, 397.3438
1512.698, 183.5010
1513.735, 267.6377
1514.773, 129.7939
1515.810, 256.9717
1516.848, 211.1768
1517.885, 147.4150
1518.922, 236.6963
1519.958, 173.0195
1520.995, 121.3848
1522.032, 331.7998
1523.068, 263.2539
1524.104, 89.74707
1525.140, 331.2803
1526.176, 57.85352
1527.212, 110.4668
1528.248, 94.12012
1529.283, 95.81445
1530.318, 93.54785
1531.353, 132.7822
1532.389, 250.1396
1533.423, 239.9990
1534.458, 234.8975
1535.493, 305.6797
1536.527, 225.0625
1537.561, 265.0742
1538.596, 263.1357
1539.630, 139.2500
1540.663, 236.9443
1541.697, 297.1953
1542.731, 170.4961
1543.764, 248.0605
1544.797, 297.5645
1545.830, 142.2988
1546.863, 221.9199
1547.896, 277.6211
1548.929, 316.4072
1549.961, 119.2832
1550.994, 422.2500
1552.026, 288.3135
1553.058, 223.4766
1554.090, 75.29883
1555.121, 293.0771
1556.153, 282.5693
1557.185, 221.1855
1558.216, 344.9336
1559.247, 207.8691
1560.278, 209.9658
1561.309, 140.2637
1562.340, 303.7744
1563.370, 324.5449
1564.401, 176.5732
1565.431, 184.8564
1566.461, 111.4199
1567.491, 148.6465
1568.521, 11.21582
1569.551, 207.3545
1570.580, 193.1064
1571.610, 295.1523
1572.639, 277.7949
1573.668, 200.2314
1574.697, 316.0234
1575.726, 181.1807
1576.754, 225.9639
1577.783, 122.7148
1578.811, 0.3486330
1579.839, 0.0000000E+00
##END=



