##NAMES=Nepheline
##RRUFFID=R060581
##IDEAL CHEMISTRY=Na_3_K(Al_4_Si_4_O_16_)
##LOCALITY=Capo di Bova, Via Appia Antica, Rome, Italy
##OWNER=RRUFF
##SOURCE=Michael Scott
##DESCRIPTION=Colorless hexagonal prisms
##STATUS=The identification of this mineral is confirmed by single-crystal X-ray diffraction and chemical analysis.
##URL=rruff.info/R060581
##MEASURED CHEMISTRY=(Na_0.66_K_0.27_Ca_0.04_)_Σ=0.97_Al_0.98_Si_1.01_O_4_
##PIN_ID=M01882
##ORIENTATION=Laser parallel to c* (0 0 1). Fiducial mark perpendicular to laser is parallel to b [0 1 0]
120.3870, 0.0000000E+00
121.6220, 112.1523
122.8560, 161.1328
124.0900, 225.1094
125.3240, 116.6094
126.5580, 142.2285
127.7920, 48.34375
129.0260, 177.1250
130.2590, 281.4707
131.4920, 260.7578
132.7250, 89.85352
133.9580, 18.27539
135.1910, 260.7656
136.4230, 210.4844
137.6560, 271.0703
138.8880, 286.8281
140.1200, 250.9883
141.3520, 72.49219
142.5830, 228.1992
143.8150, 119.8184
145.0460, 175.7207
146.2770, 5.333984
147.5080, 232.7715
148.7390, 273.2773
149.9700, 261.2695
151.2000, 362.2988
152.4310, 241.0312
153.6610, 274.2070
154.8910, 583.6289
156.1210, 538.1445
157.3500, 739.6484
158.5800, 712.1152
159.8090, 955.6328
161.0380, 1008.283
162.2670, 1255.943
163.4960, 1483.729
164.7240, 1668.053
165.9530, 1879.979
167.1810, 2149.035
168.4090, 2533.980
169.6370, 2708.037
170.8650, 3176.217
172.0920, 3495.641
173.3200, 3959.881
174.5470, 4119.936
175.7740, 4314.000
177.0010, 4746.264
178.2280, 5070.887
179.4540, 5394.025
180.6810, 5854.807
181.9070, 6070.355
183.1330, 6817.771
184.3590, 7451.158
185.5850, 7851.605
186.8100, 8597.201
188.0350, 9509.023
189.2610, 9947.156
190.4860, 11123.66
191.7110, 11601.61
192.9350, 12557.06
194.1600, 13275.29
195.3840, 14167.95
196.6080, 14660.03
197.8320, 15548.03
199.0560, 16202.23
200.2800, 16671.10
201.5030, 16966.38
202.7270, 17074.52
203.9500, 17119.88
205.1730, 17058.92
206.3950, 16870.45
207.6180, 16414.25
208.8410, 15963.12
210.0630, 15323.19
211.2850, 14885.54
212.5070, 14368.06
213.7290, 13837.51
214.9500, 13441.88
216.1720, 13045.63
217.3930, 12976.59
218.6140, 13027.88
219.8350, 12412.47
221.0560, 12686.33
222.2770, 12546.16
223.4970, 12707.23
224.7170, 12774.96
225.9370, 12866.23
227.1570, 12555.40
228.3770, 12255.46
229.5970, 11859.41
230.8160, 11257.23
232.0350, 10812.92
233.2540, 10312.47
234.4730, 9528.871
235.6920, 8658.113
236.9110, 7904.156
238.1290, 7184.977
239.3470, 6715.543
240.5650, 5942.832
241.7830, 5138.816
243.0010, 4477.492
244.2180, 4179.846
245.4360, 3645.887
246.6530, 3617.615
247.8700, 3373.031
249.0870, 3155.148
250.3040, 3303.969
251.5200, 3464.492
252.7370, 3545.725
253.9530, 4076.678
255.1690, 4273.348
256.3850, 5332.738
257.6000, 5765.861
258.8160, 6251.719
260.0310, 6774.326
261.2460, 7254.695
262.4610, 7858.844
263.6760, 8213.785
264.8910, 8234.529
266.1050, 8022.213
267.3200, 7583.578
268.5340, 7136.699
269.7480, 6452.471
270.9620, 5815.625
272.1750, 4921.846
273.3890, 4426.076
274.6020, 3572.822
275.8150, 3041.992
277.0280, 2249.074
278.2410, 2006.020
279.4540, 1485.805
280.6660, 1064.020
281.8790, 616.3613
283.0910, 437.4395
284.3030, 92.23438
285.5140, 172.3086
286.7260, 374.2578
287.9380, 61.67383
289.1490, 364.4863
290.3600, 75.78711
291.5710, 308.5215
292.7820, 197.3223
293.9920, 19.95508
295.2030, 351.2012
296.4130, 310.8945
297.6230, 309.1133
298.8330, 554.9434
300.0430, 168.3320
301.2520, 240.1543
302.4620, 383.4805
303.6710, 263.7578
304.8800, 304.6250
306.0890, 271.5898
307.2980, 275.9648
308.5070, 142.8652
309.7150, 92.20508
310.9230, 10.72656
312.1310, 94.28320
313.3390, 251.2637
314.5470, 337.7188
315.7550, 480.6523
316.9620, 597.0801
318.1690, 987.0215
319.3760, 1024.508
320.5830, 1340.551
321.7900, 1472.178
322.9960, 1720.400
324.2030, 2119.234
325.4090, 2140.701
326.6150, 2452.809
327.8210, 2841.568
329.0270, 3413.998
330.2320, 3826.109
331.4380, 3722.906
332.6430, 4075.402
333.8480, 4679.598
335.0530, 5111.504
336.2580, 5555.127
337.4620, 6293.475
338.6670, 6783.551
339.8710, 7793.359
341.0750, 8752.908
342.2790, 9895.191
343.4820, 11264.21
344.6860, 12526.96
345.8890, 13762.38
347.0920, 15224.39
348.2960, 16158.84
349.4980, 17266.36
350.7010, 17956.00
351.9040, 18653.83
353.1060, 18643.93
354.3080, 18576.12
355.5100, 18523.33
356.7120, 18089.77
357.9140, 18057.35
359.1150, 17813.13
360.3170, 17599.18
361.5180, 17683.66
362.7190, 17906.70
363.9200, 18839.37
365.1200, 19077.75
366.3210, 20011.89
367.5210, 20858.83
368.7210, 22590.61
369.9210, 24182.22
371.1210, 25785.72
372.3210, 27823.08
373.5200, 30270.31
374.7200, 32632.91
375.9190, 35305.46
377.1180, 38145.37
378.3170, 41165.20
379.5150, 44188.92
380.7140, 47152.51
381.9120, 50808.96
383.1110, 54252.31
384.3090, 58145.53
385.5060, 61268.64
386.7040, 64893.61
387.9020, 67542.47
389.0990, 69839.20
390.2960, 72616.84
391.4930, 74374.37
392.6900, 74851.91
393.8860, 75139.56
395.0830, 74313.93
396.2790, 73271.54
397.4750, 72181.54
398.6710, 70006.47
399.8670, 68019.14
401.0630, 65749.13
402.2580, 62857.53
403.4540, 60878.62
404.6490, 58526.25
405.8440, 57215.81
407.0390, 54994.89
408.2330, 53715.64
409.4280, 52482.68
410.6220, 51960.92
411.8160, 51284.29
413.0100, 50894.26
414.2040, 50832.90
415.3980, 50668.48
416.5910, 50353.27
417.7850, 50346.38
418.9780, 49704.61
420.1710, 49192.66
421.3640, 48226.53
422.5560, 46752.82
423.7490, 45454.18
424.9410, 43478.80
426.1330, 41027.89
427.3250, 38845.65
428.5170, 36640.05
429.7090, 34180.61
430.9000, 32216.21
432.0910, 29922.13
433.2820, 27712.77
434.4730, 26139.24
435.6640, 24363.84
436.8550, 23336.16
438.0450, 22317.85
439.2360, 20736.99
440.4260, 20293.41
441.6160, 19508.71
442.8060, 18672.34
443.9950, 18008.01
445.1850, 17523.96
446.3740, 16961.71
447.5630, 16636.76
448.7520, 16148.20
449.9410, 15802.52
451.1300, 15592.25
452.3180, 15774.15
453.5060, 16190.67
454.6950, 16338.08
455.8830, 17370.32
457.0700, 18062.12
458.2580, 19311.75
459.4450, 20259.67
460.6330, 20975.83
461.8200, 20851.05
463.0070, 19896.43
464.1940, 18680.32
465.3800, 16730.17
466.5670, 14687.91
467.7530, 13093.18
468.9390, 11191.41
470.1250, 9493.818
471.3110, 8443.721
472.4970, 7211.234
473.6820, 6415.623
474.8680, 5541.891
476.0530, 5082.037
477.2380, 4841.064
478.4230, 4861.973
479.6070, 4802.271
480.7920, 4724.701
481.9760, 4840.262
483.1600, 5059.711
484.3440, 5709.621
485.5280, 6207.846
486.7120, 7075.295
487.8950, 7931.537
489.0780, 9243.633
490.2620, 10380.25
491.4450, 11911.20
492.6270, 13176.82
493.8100, 14282.62
494.9920, 14742.11
496.1750, 14694.37
497.3570, 13895.01
498.5390, 12716.65
499.7210, 11126.85
500.9020, 9833.172
502.0840, 8579.199
503.2650, 7414.652
504.4460, 6377.172
505.6270, 5547.480
506.8080, 4865.309
507.9890, 4397.621
509.1690, 3911.387
510.3500, 3487.225
511.5300, 3166.820
512.7100, 2802.141
513.8900, 2429.488
515.0690, 2271.797
516.2490, 2042.705
517.4280, 1920.291
518.6070, 1932.293
519.7860, 1879.729
520.9650, 1776.244
522.1440, 1641.285
523.3220, 1608.977
524.5010, 1385.041
525.6790, 1359.086
526.8570, 1268.467
528.0350, 1325.639
529.2130, 1149.734
530.3900, 1259.723
531.5670, 1316.729
532.7450, 1024.852
533.9220, 914.0645
535.0980, 868.4395
536.2750, 664.3379
537.4520, 810.3594
538.6280, 681.7402
539.8040, 654.6660
540.9800, 441.5293
542.1560, 331.3164
543.3320, 199.0352
544.5070, 232.6699
545.6830, 69.22461
546.8580, 49.89844
548.0330, 131.2793
549.2080, 204.4219
550.3830, 333.2773
551.5570, 44.35547
552.7310, 164.5352
553.9060, 183.8516
555.0800, 326.3066
556.2540, 281.8223
557.4270, 196.6816
558.6010, 426.6543
559.7740, 145.9199
560.9470, 109.3125
562.1210, 2.814453
563.2930, 27.61328
564.4660, 134.8379
565.6390, 445.2988
566.8110, 374.5977
567.9830, 488.9043
569.1550, 684.2266
570.3270, 1181.607
571.4990, 1249.113
572.6710, 1839.822
573.8420, 1786.635
575.0130, 2177.625
576.1840, 2561.727
577.3550, 2633.992
578.5260, 2438.398
579.6970, 2312.891
580.8670, 2027.564
582.0370, 1797.410
583.2070, 1438.428
584.3770, 1325.686
585.5470, 1065.080
586.7170, 742.6348
587.8860, 871.3828
589.0550, 498.2969
590.2240, 255.3848
591.3930, 610.6309
592.5620, 564.0469
593.7310, 365.6016
594.8990, 456.2715
596.0670, 496.0371
597.2350, 238.8770
598.4030, 434.7676
599.5710, 429.7031
600.7390, 667.6758
601.9060, 766.6816
603.0740, 563.6992
604.2410, 755.7305
605.4080, 628.7637
606.5740, 1103.797
607.7410, 1298.822
608.9080, 1005.836
610.0740, 1199.840
611.2400, 945.8223
612.4060, 970.7812
613.5720, 680.7148
614.7370, 829.6211
615.9030, 791.5020
617.0680, 763.3555
618.2330, 700.1797
619.3980, 263.9863
620.5630, 199.7578
621.7280, 429.6074
622.8920, 602.3242
624.0570, 226.0215
625.2210, 409.9238
626.3850, 417.5645
627.5490, 217.1289
628.7120, 309.7969
629.8760, 155.7422
631.0390, 284.2773
632.2020, 342.7852
633.3650, 22.27344
634.5280, 311.7266
635.6910, 19.84375
636.8530, 34.25781
638.0160, 222.2695
639.1780, 92.12109
640.3400, 59.49609
641.5020, 7.535156
642.6640, 114.1367
643.8250, 126.8398
644.9870, 288.9375
646.1480, 152.6797
647.3090, 273.2656
648.4700, 23.45703
649.6300, 124.5430
650.7910, 161.5039
651.9510, 45.43359
653.1120, 105.3320
654.2720, 7.191406
655.4320, 87.01953
656.5910, 127.8945
657.7510, 139.6055
658.9100, 131.0312
660.0690, 28.50391
661.2290, 73.91406
662.3880, 51.89844
663.5460, 27.37109
664.7050, 4.617188
665.8630, 98.22656
667.0220, 141.7422
668.1800, 139.8945
669.3380, 158.3477
670.4950, 40.46875
671.6530, 109.5117
672.8100, 100.6953
673.9680, 45.76172
675.1250, 10.83594
676.2820, 577.5000
677.4390, 268.2695
678.5950, 379.4492
679.7520, 589.0391
680.9080, 404.7422
682.0640, 450.5859
683.2200, 401.2930
684.3760, 457.1523
685.5320, 290.3359
686.6870, 557.4492
687.8420, 461.9102
688.9980, 723.5469
690.1530, 500.7617
691.3070, 308.6484
692.4620, 560.1758
693.6170, 466.1055
694.7710, 220.8750
695.9250, 314.4727
697.0790, 223.6289
698.2330, 422.2227
699.3870, 590.7070
700.5400, 478.6992
701.6940, 350.6719
702.8470, 538.9336
704.0000, 443.6680
705.1530, 627.7266
706.3050, 816.9609
707.4580, 824.2500
708.6100, 737.3398
709.7630, 612.4141
710.9150, 800.0156
712.0660, 963.0547
713.2180, 937.0781
714.3700, 918.0820
715.5210, 872.0664
716.6720, 885.0312
717.8240, 856.4883
718.9740, 927.9023
720.1250, 754.7969
721.2760, 689.6758
722.4260, 474.5312
723.5770, 405.3633
724.7270, 295.1719
725.8770, 551.9492
727.0260, 218.7070
728.1760, 771.2812
729.3250, 614.8438
730.4750, 290.5156
731.6240, 499.1562
732.7730, 429.1719
733.9220, 671.5625
735.0700, 517.1172
736.2190, 304.5898
737.3670, 604.8750
738.5150, 531.1250
739.6630, 409.5586
740.8110, 399.9648
741.9590, 316.3359
743.1060, 467.6797
744.2540, 358.9922
745.4010, 568.2734
746.5480, 642.5234
747.6950, 423.7500
748.8410, 788.9414
749.9880, 363.1055
751.1340, 483.2383
752.2800, 650.3398
753.4260, 550.4141
754.5720, 452.4609
755.7180, 154.4844
756.8640, 306.4727
758.0090, 256.9258
759.1540, 75.10156
760.2990, 198.0078
761.4440, 265.8828
762.5890, 69.15234
763.7340, 194.9766
764.8780, 0.2343750
766.0220, 21.06250
767.1660, 63.43750
768.3100, 307.2812
769.4540, 304.2695
770.5980, 290.1758
771.7410, 377.5273
772.8840, 135.0117
774.0280, 41.40234
775.1700, 93.32422
776.3130, 182.0039
777.4560, 109.1953
778.5980, 170.2539
779.7410, 30.16797
780.8830, 54.77734
782.0250, 272.2266
783.1670, 15.80078
784.3080, 101.9961
785.4500, 97.79688
786.5910, 219.8281
787.7320, 271.2969
788.8730, 142.9258
790.0140, 366.0742
791.1550, 144.4766
792.2950, 200.8438
793.4360, 241.8984
794.5760, 116.7812
795.7160, 74.80859
796.8560, 5.113281
797.9960, 59.61719
799.1350, 89.91016
800.2750, 100.3711
801.4140, 61.31250
802.5530, 15.33203
803.6920, 88.76953
804.8310, 92.91016
805.9690, 72.40625
807.1080, 50.70312
808.2460, 88.11328
809.3840, 267.7266
810.5220, 141.5742
811.6600, 40.67969
812.7970, 152.3945
813.9350, 33.67969
815.0720, 70.72266
816.2090, 5.742188
817.3460, 48.23828
818.4830, 19.78125
819.6200, 103.1953
820.7560, 173.1836
821.8930, 181.1797
823.0290, 195.0117
824.1650, 125.0234
825.3010, 241.0664
826.4360, 106.1680
827.5720, 363.3555
828.7070, 242.6875
829.8420, 25.18359
830.9770, 253.1094
832.1120, 29.32812
833.2470, 288.7773
834.3820, 164.2500
835.5160, 27.85938
836.6500, 115.5195
837.7840, 104.2109
838.9180, 351.9297
840.0520, 298.6602
841.1860, 220.4219
842.3190, 40.80859
843.4520, 246.9609
844.5850, 171.7422
845.7180, 343.5352
846.8510, 106.6641
847.9840, 200.1055
849.1160, 252.8867
850.2490, 611.6797
851.3810, 231.4883
852.5130, 327.3086
853.6450, 169.1367
854.7760, 454.9883
855.9080, 561.8555
857.0390, 491.7305
858.1700, 343.6250
859.3010, 633.5352
860.4320, 566.4609
861.5630, 365.4062
862.6930, 492.3711
863.8240, 361.3477
864.9540, 479.3477
866.0840, 463.3711
867.2140, 259.4141
868.3440, 334.4805
869.4730, 315.0664
870.6030, 380.1680
871.7320, 415.8086
872.8610, 600.9727
873.9900, 688.1523
875.1190, 746.3594
876.2470, 466.6055
877.3760, 600.8789
878.5040, 595.1797
879.6320, 560.5000
880.7600, 654.8555
881.8880, 639.2344
883.0150, 551.6406
884.1430, 746.0742
885.2700, 554.5352
886.3970, 654.0312
887.5240, 924.5586
888.6510, 647.1094
889.7780, 660.6914
890.9040, 785.3047
892.0310, 821.9453
893.1570, 1002.625
894.2830, 1150.336
895.4090, 1360.980
896.5350, 1301.770
897.6600, 1195.590
898.7860, 1468.250
899.9110, 1552.234
901.0360, 1548.348
902.1610, 1860.379
903.2860, 1602.180
904.4100, 1802.406
905.5350, 1671.668
906.6590, 1942.977
907.7830, 2011.355
908.9070, 2229.773
910.0310, 2475.047
911.1540, 2229.418
912.2780, 2219.551
913.4010, 2543.172
914.5240, 2673.223
915.6470, 2856.574
916.7700, 2878.910
917.8930, 2858.895
919.0150, 3076.270
920.1380, 3112.320
921.2600, 3077.734
922.3820, 3297.926
923.5040, 3217.176
924.6260, 3178.480
925.7470, 3205.883
926.8690, 3182.367
927.9900, 2998.953
929.1110, 2914.621
930.2320, 2811.352
931.3530, 2714.965
932.4730, 2653.020
933.5940, 2562.266
934.7140, 2528.855
935.8340, 2466.270
936.9540, 2443.086
938.0740, 2407.723
939.1930, 2367.844
940.3130, 2355.137
941.4320, 2292.316
942.5510, 2199.949
943.6700, 2091.801
944.7890, 2019.496
945.9080, 2158.949
947.0260, 2207.715
948.1450, 2570.828
949.2630, 2549.535
950.3810, 2823.367
951.4990, 3151.762
952.6170, 3150.223
953.7340, 3305.168
954.8520, 3425.773
955.9690, 3735.465
957.0860, 3945.938
958.2030, 4247.086
959.3200, 4602.012
960.4360, 4701.004
961.5530, 5220.070
962.6690, 5481.219
963.7850, 6112.438
964.9010, 6246.465
966.0170, 6546.828
967.1330, 7022.266
968.2480, 7604.781
969.3630, 7946.367
970.4790, 8304.023
971.5940, 8863.273
972.7080, 9389.613
973.8230, 10106.45
974.9380, 10690.40
976.0520, 11785.43
977.1660, 12571.09
978.2800, 13600.26
979.3940, 14822.52
980.5080, 15430.84
981.6220, 16593.70
982.7350, 17428.18
983.8480, 18238.73
984.9610, 18781.37
986.0740, 19529.09
987.1870, 20118.94
988.3000, 20698.88
989.4120, 20918.19
990.5250, 20866.98
991.6370, 21124.15
992.7490, 20892.40
993.8610, 20909.74
994.9720, 20393.14
996.0840, 20120.63
997.1950, 19653.20
998.3060, 18789.95
999.4170, 17614.58
1000.528, 16853.38
1001.639, 15421.27
1002.750, 14241.23
1003.860, 12857.28
1004.970, 11734.41
1006.080, 10690.61
1007.190, 9760.914
1008.300, 8965.188
1009.410, 8215.758
1010.519, 7691.305
1011.628, 7242.328
1012.738, 6870.039
1013.846, 6383.828
1014.955, 5786.703
1016.064, 5895.652
1017.172, 5090.988
1018.281, 4966.105
1019.389, 5115.305
1020.497, 5068.586
1021.605, 4528.953
1022.713, 4479.395
1023.820, 4239.922
1024.928, 4309.539
1026.035, 4184.234
1027.142, 4212.008
1028.249, 3850.656
1029.356, 3868.602
1030.462, 4047.629
1031.569, 3698.465
1032.675, 3715.594
1033.781, 3140.641
1034.887, 3101.957
1035.993, 3288.711
1037.098, 2944.270
1038.204, 2862.910
1039.309, 2751.797
1040.415, 2745.570
1041.520, 2528.707
1042.624, 2102.426
1043.729, 2126.035
1044.834, 2006.504
1045.938, 1797.836
1047.042, 2034.289
1048.146, 1896.875
1049.250, 1915.570
1050.354, 1821.379
1051.458, 2060.680
1052.561, 1900.625
1053.664, 1935.777
1054.767, 1850.047
1055.870, 1904.328
1056.973, 1778.754
1058.076, 1901.738
1059.178, 1997.832
1060.281, 1902.746
1061.383, 2130.297
1062.485, 2399.246
1063.587, 2380.027
1064.688, 2399.031
1065.790, 2236.305
1066.891, 2269.156
1067.993, 2503.398
1069.094, 2674.938
1070.195, 2784.254
1071.295, 2856.977
1072.396, 2822.430
1073.496, 2975.867
1074.597, 3183.336
1075.697, 3139.426
1076.797, 3363.547
1077.897, 3323.883
1078.996, 3519.332
1080.096, 3739.867
1081.195, 3758.520
1082.294, 3813.250
1083.393, 3856.051
1084.492, 3817.168
1085.591, 3837.961
1086.689, 3750.016
1087.788, 3732.195
1088.886, 3744.648
1089.984, 3504.914
1091.082, 3435.250
1092.180, 3357.652
1093.277, 3219.129
1094.375, 3048.539
1095.472, 2986.152
1096.569, 2797.832
1097.666, 2766.590
1098.763, 2658.148
1099.860, 2327.305
1100.956, 2421.266
1102.053, 2255.293
1103.149, 1974.383
1104.245, 2017.551
1105.341, 1958.781
1106.436, 1772.082
1107.532, 1619.449
1108.627, 1644.879
1109.723, 1483.387
1110.818, 1555.961
1111.913, 1399.598
1113.007, 1055.305
1114.102, 720.0977
1115.197, 1218.953
1116.291, 817.8750
1117.385, 1163.664
1118.479, 962.1602
1119.573, 605.4766
1120.666, 1014.656
1121.760, 730.9062
1122.853, 755.9062
1123.947, 479.2734
1125.040, 729.7109
1126.132, 283.1992
1127.225, 496.7578
1128.318, 486.3711
1129.410, 410.0586
1130.502, 480.8008
1131.595, 367.6055
1132.687, 310.4727
1133.778, 450.3984
1134.870, 167.3828
1135.961, 274.4297
1137.053, 178.5352
1138.144, 241.8633
1139.235, 256.0898
1140.326, 93.62891
1141.416, 96.69141
1142.507, 21.93359
1143.597, 260.4961
1144.688, 57.98047
1145.778, 14.52734
1146.868, 131.1289
1147.957, 15.21094
1149.047, 195.5000
1150.136, 136.2656
1151.226, 268.0898
1152.315, 326.0508
1153.404, 219.9141
1154.493, 369.9102
1155.581, 145.9570
1156.670, 9.070313
1157.758, 113.2344
1158.846, 25.54688
1159.934, 119.7227
1161.022, 77.04297
1162.110, 181.5664
1163.198, 239.2148
1164.285, 179.9141
1165.372, 45.64062
1166.459, 168.3281
1167.546, 196.9609
1168.633, 102.3047
1169.720, 0.3007810
1170.806, 120.8555
1171.892, 105.5859
1172.979, 36.08203
1174.065, 165.3711
1175.150, 269.8477
1176.236, 122.5977
1177.322, 233.0938
1178.407, 282.6445
1179.492, 266.2422
1180.577, 34.10547
1181.662, 118.4297
1182.747, 9.761719
1183.832, 61.94531
1184.916, 15.60156
1186.000, 7.886719
1187.084, 24.34375
1188.168, 151.7734
1189.252, 76.91797
1190.336, 51.05859
1191.419, 80.18359
1192.503, 27.69531
1193.586, 18.37500
1194.669, 80.42188
1195.752, 43.46875
1196.835, 32.50000
1197.917, 279.5156
1199.000, 175.3828
1200.082, 128.6719
1201.164, 47.24219
1202.246, 89.76953
1203.328, 60.18359
1204.409, 63.17969
1205.491, 110.2188
1206.572, 74.70312
1207.653, 174.4688
1208.734, 80.58594
1209.815, 50.74219
1210.896, 147.7461
1211.976, 205.1797
1213.057, 183.4609
1214.137, 354.7891
1215.217, 330.1484
1216.297, 154.5469
1217.377, 14.00781
1218.456, 37.55078
1219.536, 198.9219
1220.615, 358.4219
1221.694, 504.9727
1222.773, 116.5508
1223.852, 12.17578
1224.931, 407.8281
1226.009, 67.51562
1227.088, 236.2422
1228.166, 481.0078
1229.244, 489.8086
1230.322, 421.6484
1231.400, 525.0117
1232.477, 490.5820
1233.555, 554.3945
1234.632, 487.3867
1235.709, 523.4102
1236.786, 484.4727
1237.863, 228.5742
1238.939, 343.7109
1240.016, 113.8789
1241.092, 248.0898
1242.168, 355.3320
1243.245, 441.6133
1244.320, 437.9297
1245.396, 79.28125
1246.472, 1.328125
1247.547, 216.9258
1248.622, 11.39844
1249.697, 465.7422
1250.772, 404.1211
1251.847, 24.53516
1252.922, 285.9766
1253.996, 103.4570
1255.071, 430.9648
1256.145, 395.5117
1257.219, 323.0938
1258.293, 91.70703
1259.366, 294.3555
1260.440, 219.0391
1261.513, 430.7500
1262.587, 360.5000
1263.660, 290.2812
1264.733, 312.0977
1265.805, 197.9453
1266.878, 26.17188
1267.951, 264.7148
1269.023, 378.6367
1270.095, 432.5898
1271.167, 912.5781
1272.239, 408.2031
1273.311, 194.2656
1274.382, 56.35938
1275.454, 769.4883
1276.525, 339.6641
1277.596, 647.5703
1278.667, 391.8086
1279.738, 349.1289
1280.808, 338.4805
1281.879, 508.8711
1282.949, 489.2930
1284.019, 371.7500
1285.089, 389.2305
1286.159, 404.7500
1287.229, 89.30078
1288.298, 516.1016
1289.368, 614.7148
1290.437, 51.36719
1291.506, 163.3242
1292.575, 431.1094
1293.644, 427.1094
1294.712, 217.9766
1295.781, 261.5469
1296.849, 316.4258
1297.917, 346.3359
1298.985, 309.1289
1300.053, 253.1445
1301.121, 453.1602
1302.188, 310.2188
1303.255, 289.7695
1304.323, 599.6172
1305.390, 443.7812
1306.457, 101.9766
1307.523, 281.2109
1308.590, 180.4961
1309.656, 506.7852
1310.723, 676.7812
1311.789, 416.2578
1312.855, 55.67969
1313.921, 416.1445
1314.986, 457.7148
1316.052, 543.2500
1317.117, 165.3398
1318.182, 159.4375
1319.248, 251.8281
1320.312, 554.7539
1321.377, 363.4688
1322.442, 276.5000
1323.506, 265.4141
1324.571, 231.1914
1325.635, 370.5156
1326.699, 232.5938
1327.762, 134.5156
1328.826, 152.8008
1329.890, 1.195313
1330.953, 269.2070
1332.016, 371.2695
1333.079, 326.3672
1334.142, 385.9023
1335.205, 9.269531
1336.268, 280.9258
1337.330, 191.1523
1338.392, 173.4141
1339.454, 314.7109
1340.516, 253.0430
1341.578, 41.41016
1342.640, 407.8086
1343.701, 484.2422
1344.763, 272.7109
1345.824, 210.1641
1346.885, 408.4453
1347.946, 312.0195
1349.007, 351.6289
1350.067, 250.2734
1351.128, 292.9570
1352.188, 389.8008
1353.248, 264.5508
1354.308, 193.3438
1355.368, 333.1680
1356.428, 310.0312
1357.487, 345.9336
1358.547, 332.8672
1359.606, 347.0547
1360.665, 398.8242
1361.724, 388.9062
1362.783, 441.9961
1363.841, 500.1211
1364.900, 384.2852
1365.958, 434.4922
1367.016, 639.7344
1368.074, 397.0156
1369.132, 373.3398
1370.190, 421.6992
1371.247, 636.0938
1372.304, 551.5273
1373.362, 493.0000
1374.419, 293.7148
1375.476, 684.8242
1376.532, 534.2148
1377.589, 845.8477
1378.645, 206.5195
1379.702, 653.5352
1380.758, 404.2852
1381.814, 627.0781
1382.870, 553.9102
1383.925, 648.7891
1384.981, 424.7031
1386.036, 502.6602
1387.092, 429.5430
1388.147, 554.6875
1389.202, 372.7656
1390.256, 540.8867
1391.311, 617.0469
1392.365, 802.2500
1393.420, 590.4922
1394.474, 467.6133
1395.528, 564.9414
1396.582, 854.3164
1397.636, 243.7461
1398.689, 579.2188
1399.742, 337.3242
1400.796, 849.8828
1401.849, 517.4922
1402.902, 354.7500
1403.955, 848.4531
1405.007, 403.1992
1406.060, 370.5195
1407.112, 630.3594
1408.164, 561.2539
1409.216, 687.1914
1410.268, 493.1758
1411.320, 620.2109
1412.371, 462.2930
1413.423, 576.4258
1414.474, 757.6055
1415.525, 688.8438
1416.576, 1010.133
1417.627, 659.4570
1418.678, 585.8867
1419.728, 889.6875
1420.778, 836.3164
1421.829, 562.0078
1422.879, 745.1875
1423.928, 747.0234
1424.978, 631.9180
1426.028, 406.8711
1427.077, 377.9062
1428.126, 435.9688
1429.176, 400.1406
1430.225, 607.2539
1431.273, 507.2812
1432.322, 657.3594
1433.371, 687.4844
1434.419, 730.7031
1435.467, 549.4766
1436.515, 326.7461
1437.563, 663.0898
1438.611, 849.3203
1439.658, 683.5625
1440.706, 669.8359
1441.753, 572.1328
1442.800, 837.4414
1443.847, 638.8125
1444.894, 755.2383
1445.941, 535.5078
1446.987, 685.7930
1448.034, 754.0898
1449.080, 607.4023
1450.126, 654.7344
1451.172, 667.0820
1452.218, 643.4688
1453.263, 782.9727
1454.309, 946.2656
1455.354, 945.2461
1456.399, 871.9805
1457.444, 463.8242
1458.489, 692.6602
1459.534, 512.1680
1460.579, 527.5273
1461.623, 622.8398
1462.667, 475.0156
1463.711, 498.6484
1464.755, 555.5977
1465.799, 452.0000
1466.843, 416.4688
1467.886, 503.0000
1468.930, 548.5898
1469.973, 250.2383
1471.016, 458.9531
1472.059, 550.7266
1473.101, 173.5625
1474.144, 328.4531
1475.186, 602.4141
1476.229, 503.4297
1477.271, 315.5156
1478.313, 183.7500
1479.355, 438.1367
1480.396, 484.6016
1481.438, 173.1328
1482.479, 662.7266
1483.520, 155.3945
1484.561, 284.1367
1485.602, 306.9453
1486.643, 482.8164
1487.684, 511.7773
1488.724, 281.8398
1489.765, 767.9648
1490.805, 501.1406
1491.845, 1135.375
1492.885, 367.6641
1493.924, 265.8750
1494.964, 309.1602
1496.003, 313.5117
1497.042, 371.9297
1498.082, 380.4141
1499.120, 604.9688
1500.159, 484.5547
1501.198, 412.1680
1502.236, 214.8359
1503.275, 284.5586
1504.313, 178.3398
1505.351, 155.1758
1506.389, 191.0742
1507.427, 223.0117
1508.464, 469.9766
1509.502, 147.0000
1510.539, 267.0898
1511.576, 266.2500
1512.613, 570.4688
1513.650, 479.9766
1514.687, 164.1211
1515.723, 384.5586
1516.759, 266.0781
1517.796, 131.6562
1518.832, 459.3477
1519.868, 266.1484
1520.903, 424.0625
1521.939, 466.0781
1522.975, 160.2148
1524.010, 37.53516
1525.045, 226.8320
1526.080, 169.3086
1527.115, 50.09375
1528.150, 388.6250
1529.184, 236.4609
1530.219, 191.5859
1531.253, 498.4805
1532.287, 271.6680
1533.321, 245.9766
1534.355, 263.4102
1535.388, 233.9570
1536.422, 531.6289
1537.455, 509.4297
1538.488, 514.3750
1539.522, 633.4492
1540.554, 510.6758
1541.587, 101.0469
1542.620, 250.5820
1543.652, 58.72266
1544.685, 404.1484
1545.717, 470.1992
1546.749, 45.44531
1547.781, 543.8867
1548.812, 331.5352
1549.844, 500.4062
1550.875, 341.5039
1551.906, 503.6914
1552.938, 425.9805
1553.968, 511.7930
1554.999, 357.1641
1556.030, 521.1953
1557.060, 191.9414
1558.091, 20.38672
1559.121, 40.16797
1560.151, 584.5586
1561.181, 159.7031
1562.211, 188.3867
1563.240, 569.2617
1564.270, 307.0664
1565.299, 640.6406
1566.328, 398.2812
1567.357, 350.8125
1568.386, 236.8477
1569.415, 183.4844
1570.443, 216.8359
1571.472, 340.7344
1572.500, 339.3320
1573.528, 404.1055
1574.556, 327.1289
1575.584, 147.2266
1576.611, 375.6445
1577.639, 1.531250
1578.666, 0.0000000E+00
##END=



