##NAMES=Rhodochrosite
##RRUFFID=R050019
##IDEAL CHEMISTRY=Mn^2+^CO_3_
##LOCALITY=Home Sweet Home mine, Colorado, USA
##OWNER=RRUFF
##SOURCE=Eugene Schlepp
##DESCRIPTION=Pink single crystal rhombs on quartz
##STATUS=The identification of this mineral has been confirmed by X-ray diffraction and chemical analysis
##URL=rruff.info/R050019
##MEASURED CHEMISTRY=Mn_1.00_CO_3_
##PIN_ID=L00392
##ORIENTATION=Laser parallel to -c* (0 0 -1). Fiducial mark perpendicular to laser is parallel to -a [-1 0 0]
100.871, 0.000
102.271, 0.806
103.670, 33.309
105.070, 2.881
106.469, 58.747
107.868, 96.248
109.267, 412.973
110.665, 267.109
112.063, 588.110
113.461, 151.194
114.859, 107.800
116.256, 113.845
117.653, 46.277
119.050, 111.055
120.447, 80.132
121.843, 59.470
123.240, 92.036
124.636, 54.800
126.031, 82.737
127.427, 55.827
128.822, 63.052
130.217, 60.399
131.612, 36.897
133.006, 78.566
134.400, 31.350
135.794, 56.286
137.188, 60.313
138.581, 89.393
139.975, 82.525
141.368, 83.735
142.760, 110.023
144.153, 72.347
145.545, 107.703
146.937, 30.089
148.329, 75.504
149.720, 102.946
151.112, 63.414
152.503, 69.908
153.893, 68.427
155.284, 118.969
156.674, 80.534
158.064, 97.121
159.454, 103.730
160.843, 102.360
162.233, 141.750
163.622, 105.405
165.011, 125.677
166.399, 118.346
167.787, 168.066
169.175, 188.889
170.563, 233.242
171.951, 340.987
173.338, 379.746
174.725, 627.539
176.112, 815.344
177.499, 1238.164
178.885, 1831.997
180.271, 2379.849
181.657, 3095.456
183.043, 3216.446
184.428, 3067.312
185.813, 2264.167
187.198, 1528.023
188.583, 1055.882
189.967, 611.748
191.351, 540.624
192.735, 311.505
194.119, 242.393
195.502, 179.289
196.885, 162.193
198.268, 175.105
199.651, 96.025
201.033, 123.968
202.415, 39.918
203.797, 101.877
205.179, 62.843
206.561, 48.818
207.942, 79.801
209.323, 43.792
210.703, 68.790
212.084, 51.796
213.464, 64.808
214.844, 91.828
216.224, 26.871
217.603, 65.923
218.983, 4.984
220.362, 36.054
221.741, 23.671
223.119, 18.062
224.497, 47.225
225.875, 9.306
227.253, 29.395
228.631, 22.509
230.008, 48.592
231.385, 28.522
232.762, 21.454
234.139, 22.916
235.515, 16.982
236.891, 32.124
238.267, 22.765
239.643, 54.351
241.018, 18.795
242.393, 6.907
243.768, 50.023
245.143, 8.138
246.517, 40.201
247.891, 25.317
249.265, 40.434
250.639, 55.558
252.012, 43.684
253.386, 41.973
254.759, 21.111
256.131, 17.514
257.504, 14.401
258.876, 5.269
260.248, 22.420
261.620, 24.426
262.991, 30.519
264.363, 3.492
265.734, 46.669
267.104, 36.352
268.475, 43.860
269.845, 64.582
271.215, 9.364
272.585, 84.441
273.955, 3.315
275.324, 59.553
276.693, 80.495
278.062, 74.465
279.431, 208.911
280.799, 189.927
282.167, 319.965
283.535, 419.020
284.903, 545.092
286.270, 674.180
287.638, 719.282
289.005, 737.771
290.371, 708.716
291.738, 642.854
293.104, 491.003
294.470, 340.161
295.836, 292.329
297.201, 233.505
298.567, 176.753
299.932, 86.944
301.296, 79.141
302.661, 123.345
304.025, 64.554
305.389, 117.769
306.753, 43.989
308.117, 106.214
309.480, 88.559
310.843, 67.793
312.206, 73.031
313.569, 46.273
314.931, 73.520
316.293, 24.770
317.655, 75.024
319.017, 34.281
320.378, 21.543
321.740, 82.807
323.101, 19.075
324.461, 42.346
325.822, 11.620
327.182, 36.890
328.542, 43.463
329.902, 24.731
331.261, 83.226
332.621, 35.503
333.980, 50.777
335.339, 24.513
336.697, 8.786
338.056, 40.061
339.414, 2.662
340.772, 58.616
342.129, 10.103
343.487, 54.178
344.844, 57.461
346.201, 0.262
347.557, 84.015
348.914, 28.295
350.270, 57.576
351.626, 16.280
352.982, 17.565
354.337, 87.852
355.693, 5.141
357.048, 61.432
358.402, 12.273
359.757, 63.021
361.111, 41.317
362.465, 12.195
363.819, 52.101
365.173, 4.602
366.526, 58.696
367.879, 23.995
369.232, 46.295
370.585, 65.597
371.937, 68.901
373.290, 72.851
374.642, 43.515
375.993, 52.825
377.345, 51.135
378.696, 19.553
380.047, 84.755
381.398, 5.063
382.748, 64.373
384.099, 53.683
385.449, 8.354
386.799, 69.667
388.148, 14.023
389.497, 81.286
390.847, 7.086
392.196, 76.775
393.544, 25.085
394.893, 14.392
396.241, 52.696
397.589, 23.481
398.936, 5.336
400.284, 49.640
401.631, 0.673
402.978, 76.632
404.325, 34.220
405.672, 43.520
407.018, 42.821
408.364, 30.122
409.710, 71.419
411.055, 17.313
412.401, 59.611
413.746, 10.090
415.091, 66.206
416.435, 32.501
417.780, 4.797
419.124, 78.093
420.468, 2.912
421.812, 85.968
423.155, 22.261
424.498, 7.289
425.842, 58.001
427.184, 37.224
428.527, 87.513
429.869, 38.804
431.211, 25.127
432.553, 35.423
433.895, 1.278
435.236, 87.019
436.577, 2.682
437.918, 54.616
439.259, 50.914
440.599, 4.786
441.940, 54.514
443.280, 32.812
444.619, 55.110
445.959, 60.409
447.298, 10.709
448.637, 65.009
449.976, 0.310
451.315, 91.617
452.653, 16.916
453.991, 48.216
455.329, 29.515
456.667, 11.815
458.004, 61.114
459.341, 14.586
460.678, 61.704
462.015, 19.001
463.352, 29.299
464.688, 14.596
466.024, 39.896
467.360, 81.196
468.695, 8.495
470.031, 2.796
471.366, 87.096
472.701, 10.395
474.035, 85.694
475.370, 47.993
476.704, 52.291
478.038, 86.589
479.372, 32.886
480.705, 69.183
482.038, 51.480
483.371, 65.778
484.704, 120.075
486.037, 10.374
487.369, 93.673
488.701, 17.029
490.033, 20.257
491.365, 1.294
492.696, 42.578
494.027, 77.861
495.358, 2.857
496.689, 49.420
498.019, 53.734
499.350, 52.010
500.680, 83.191
502.009, 17.466
503.339, 61.258
504.668, 73.535
505.997, 46.810
507.326, 91.020
508.655, 16.294
509.983, 65.573
511.311, 2.149
512.639, 80.124
513.967, 47.401
515.295, 42.676
516.622, 70.956
517.949, 24.864
519.276, 84.491
520.602, 69.768
521.929, 2.046
523.255, 52.658
524.581, 12.931
525.906, 114.911
527.232, 49.185
528.557, 38.459
529.882, 68.732
531.207, 20.395
532.531, 57.666
533.855, 28.171
535.179, 30.446
536.503, 70.720
537.827, 30.993
539.150, 75.141
540.473, 21.413
541.796, 76.683
543.119, 56.952
544.441, 10.794
545.764, 10.064
547.086, 22.333
548.407, 65.767
549.729, 3.966
551.050, 15.295
552.371, 52.558
553.692, 20.820
555.013, 26.081
556.333, 3.660
557.653, 33.597
558.973, 73.854
560.293, 12.890
561.612, 64.216
562.932, 0.536
564.251, 30.707
565.569, 87.950
566.888, 29.192
568.206, 93.432
569.524, 5.329
570.842, 49.904
572.160, 51.136
573.477, 34.682
574.795, 74.914
576.112, 28.145
577.428, 37.374
578.745, 4.398
580.061, 8.219
581.377, 62.995
582.693, 9.208
584.009, 93.870
585.324, 62.085
586.639, 51.298
587.954, 111.510
589.269, 6.721
590.583, 68.931
591.897, 62.139
593.212, 31.101
594.525, 64.306
595.839, 42.182
597.152, 73.403
598.465, 52.604
599.778, 8.483
601.091, 95.689
602.403, 17.894
603.716, 97.097
605.028, 65.302
606.339, 27.504
607.651, 83.706
608.962, 7.712
610.273, 93.911
611.584, 24.107
612.895, 40.303
614.205, 114.497
615.515, 21.690
616.825, 27.906
618.135, 49.034
619.444, 54.746
620.754, 79.199
622.063, 16.388
623.372, 89.086
624.680, 43.273
625.989, 39.458
627.297, 86.080
628.605, 46.146
629.912, 103.363
631.220, 81.542
632.527, 44.719
633.834, 73.895
635.141, 48.164
636.447, 88.253
637.754, 49.423
639.060, 66.592
640.366, 93.258
641.671, 32.427
642.977, 118.076
644.282, 48.240
645.587, 79.404
646.892, 44.293
648.196, 8.547
649.501, 93.533
650.805, 45.704
652.109, 49.851
653.412, 123.532
654.716, 5.677
656.019, 108.857
657.322, 4.998
658.625, 56.137
659.927, 65.060
661.230, 36.198
662.532, 79.334
663.834, 61.608
665.135, 42.607
666.437, 65.006
667.738, 59.140
669.039, 72.604
670.340, 46.816
671.640, 40.945
672.940, 46.414
674.241, 5.461
675.540, 118.668
676.840, 30.852
678.139, 102.983
679.439, 35.920
680.738, 15.050
682.036, 94.184
683.335, 30.884
684.633, 37.016
685.931, 82.305
687.229, 1.567
688.527, 89.567
689.824, 1.852
691.121, 74.979
692.418, 68.223
693.715, 72.351
695.012, 88.472
696.308, 59.606
697.604, 67.727
698.900, 67.847
700.195, 4.035
701.491, 148.075
702.786, 34.217
704.081, 49.323
705.376, 105.430
706.670, 78.043
707.964, 218.146
709.259, 99.247
710.552, 237.345
711.846, 349.442
713.139, 515.550
714.433, 1098.642
715.726, 1900.732
717.018, 3318.754
718.311, 3840.840
719.603, 2957.647
720.895, 1781.729
722.187, 918.814
723.479, 571.892
724.770, 414.968
726.061, 229.455
727.352, 246.526
728.643, 96.596
729.934, 154.200
731.224, 110.269
732.514, 65.336
733.804, 105.400
735.094, 28.939
736.383, 80.237
737.672, 59.296
738.961, 53.345
740.250, 94.402
741.539, 70.458
742.827, 90.534
744.115, 105.585
745.403, 15.605
746.691, 167.652
747.978, 44.698
749.265, 65.742
750.552, 87.784
751.839, 10.826
753.126, 120.867
754.412, 1.905
755.698, 53.653
756.984, 49.688
758.270, 20.721
759.555, 112.113
760.840, 31.142
762.125, 30.169
763.410, 91.194
764.695, 30.209
765.979, 57.234
767.263, 26.254
768.547, 70.288
769.831, 101.304
771.114, 11.319
772.398, 56.038
773.681, 19.947
774.964, 0.052
776.246, 25.047
777.529, 3.961
778.811, 21.277
780.093, 72.261
781.375, 2.757
782.656, 60.219
783.937, 9.194
785.219, 95.166
786.499, 83.136
787.780, 18.104
789.060, 113.071
790.341, 15.035
791.621, 55.998
792.901, 53.958
794.180, 4.083
795.459, 106.451
796.739, 3.599
798.017, 88.345
799.296, 84.287
800.575, 11.227
801.853, 107.170
803.131, 1.360
804.409, 12.300
805.686, 91.237
806.964, 17.173
808.241, 98.108
809.518, 8.005
810.795, 51.937
812.071, 121.816
813.347, 9.256
814.623, 105.664
815.899, 71.583
817.175, 46.499
818.450, 74.620
819.726, 16.467
821.001, 68.433
822.275, 77.341
823.550, 9.760
824.824, 80.130
826.098, 17.983
827.372, 109.892
828.646, 51.931
829.920, 6.802
831.193, 92.024
832.466, 39.892
833.739, 39.758
835.011, 64.221
836.284, 3.916
837.556, 71.939
838.828, 2.793
840.100, 37.644
841.371, 71.794
842.642, 12.359
843.914, 89.246
845.184, 5.079
846.455, 20.909
847.726, 71.737
848.996, 19.563
850.266, 134.387
851.536, 75.209
852.805, 54.030
854.075, 111.275
855.344, 12.093
856.613, 133.908
857.881, 65.722
859.150, 34.534
860.418, 97.347
861.686, 42.158
862.954, 95.967
864.222, 69.775
865.489, 3.419
866.756, 128.384
868.023, 27.185
869.290, 52.984
870.557, 89.789
871.823, 16.592
873.089, 77.395
874.355, 18.197
875.621, 44.997
876.886, 85.796
878.152, 16.593
879.417, 72.392
880.682, 32.189
881.946, 5.014
883.211, 96.776
884.475, 46.564
885.739, 105.352
887.003, 130.138
888.266, 49.926
889.530, 76.716
890.793, 67.507
892.056, 60.298
893.318, 85.088
894.581, 11.877
895.843, 132.665
897.105, 30.460
898.367, 77.256
899.629, 135.050
900.890, 25.850
902.152, 110.648
903.413, 35.446
904.673, 47.226
905.934, 79.021
907.194, 25.312
908.454, 127.468
909.714, 27.246
910.974, 3.975
912.234, 124.799
913.493, 43.573
914.752, 67.346
916.011, 76.118
917.270, 14.891
918.528, 128.663
919.786, 11.434
921.044, 39.205
922.302, 140.976
923.560, 10.279
924.817, 125.485
926.074, 38.728
927.331, 50.227
928.588, 110.990
929.844, 3.760
931.101, 104.000
932.357, 71.759
933.613, 33.081
934.868, 113.840
936.124, 55.562
937.379, 63.322
938.634, 87.081
939.889, 42.840
941.144, 99.599
942.398, 36.346
943.652, 44.104
944.906, 82.865
946.160, 10.874
947.414, 141.883
948.667, 35.157
949.920, 71.914
951.173, 160.673
952.426, 15.402
953.678, 104.160
954.931, 33.774
956.183, 34.515
957.435, 146.278
958.686, 39.041
959.938, 33.805
961.189, 40.532
962.440, 33.298
963.691, 93.064
964.941, 31.045
966.192, 25.812
967.442, 61.581
968.692, 22.651
969.942, 65.108
971.191, 58.605
972.441, 4.365
973.690, 59.125
974.939, 10.054
976.187, 75.816
977.436, 94.237
978.684, 50.000
979.932, 127.742
981.180, 9.568
982.428, 89.172
983.675, 59.913
984.922, 31.345
986.169, 97.383
987.416, 25.547
988.663, 47.278
989.909, 116.850
991.155, 49.417
992.401, 31.296
993.647, 66.857
994.893, 20.574
996.138, 123.174
997.383, 59.888
998.628, 71.610
999.873, 212.323
1001.117, 96.047
1002.362, 184.772
1003.606, 182.499
1004.850, 108.229
1006.093, 234.925
1007.337, 103.658
1008.580, 199.393
1009.823, 187.129
1011.066, 161.865
1012.308, 273.613
1013.551, 211.361
1014.793, 183.111
1016.035, 292.365
1017.277, 228.117
1018.518, 253.872
1019.760, 263.014
1021.001, 271.771
1022.242, 383.517
1023.483, 231.325
1024.723, 241.081
1025.964, 291.843
1027.204, 164.606
1028.444, 289.360
1029.683, 268.132
1030.923, 224.898
1032.162, 255.143
1033.401, 151.922
1034.640, 232.703
1035.879, 233.499
1037.117, 221.296
1038.355, 319.095
1039.593, 271.605
1040.831, 296.407
1042.069, 414.219
1043.306, 227.091
1044.544, 395.880
1045.781, 381.649
1047.017, 348.587
1048.254, 474.413
1049.490, 385.649
1050.726, 465.477
1051.962, 507.305
1053.198, 505.162
1054.434, 615.992
1055.669, 540.826
1056.904, 617.946
1058.139, 706.782
1059.374, 687.776
1060.608, 923.263
1061.843, 1112.112
1063.077, 1084.070
1064.311, 1250.921
1065.544, 1004.924
1066.778, 1110.790
1068.011, 1194.659
1069.244, 1163.591
1070.477, 1477.462
1071.710, 1574.334
1072.942, 1821.686
1074.174, 2330.562
1075.406, 2719.458
1076.638, 3650.343
1077.870, 5134.229
1079.101, 7875.021
1080.332, 14542.929
1081.563, 29510.838
1082.794, 55398.824
1084.025, 62676.758
1085.255, 51204.684
1086.485, 27532.617
1087.715, 14680.555
1088.945, 8108.500
1090.175, 5217.446
1091.404, 3236.392
1092.633, 2275.574
1093.862, 1764.522
1095.091, 1259.273
1096.319, 1111.224
1097.548, 932.177
1098.776, 688.374
1100.004, 705.330
1101.231, 572.285
1102.459, 593.278
1103.686, 555.236
1104.913, 355.236
1106.140, 488.440
1107.367, 353.400
1108.593, 287.518
1109.819, 308.478
1111.046, 159.438
1112.271, 260.399
1113.497, 188.364
1114.722, 136.455
1115.948, 266.588
1117.173, 173.350
1118.398, 213.468
1119.622, 297.441
1120.847, 183.405
1122.071, 264.409
1123.295, 190.385
1124.519, 112.360
1125.742, 238.396
1126.966, 138.581
1128.189, 168.562
1129.412, 206.247
1130.635, 70.229
1131.857, 222.212
1133.080, 114.596
1134.302, 129.579
1135.524, 213.782
1136.746, 106.767
1137.967, 101.864
1139.188, 144.386
1140.410, 86.369
1141.631, 159.701
1142.851, 88.689
1144.072, 104.678
1145.292, 174.996
1146.512, 38.984
1147.732, 118.100
1148.952, 128.269
1150.172, 75.254
1151.391, 191.405
1152.610, 124.516
1153.829, 59.498
1155.048, 152.478
1156.266, 11.458
1157.484, 155.435
1158.702, 145.799
1159.920, 49.773
1161.138, 119.837
1162.356, 62.807
1163.573, 23.778
1164.790, 85.130
1166.007, 11.904
1167.224, 145.091
1168.440, 63.252
1169.656, 6.208
1170.872, 146.222
1172.088, 46.335
1173.304, 91.284
1174.519, 132.389
1175.735, 18.387
1176.950, 162.355
1178.165, 124.806
1179.379, 42.744
1180.594, 153.025
1181.808, 44.106
1183.022, 27.035
1184.236, 106.294
1185.449, 16.334
1186.663, 66.578
1187.876, 68.242
1189.089, 16.237
1190.302, 47.162
1191.515, 34.589
1192.727, 6.287
1193.939, 64.229
1195.151, 25.739
1196.363, 104.112
1197.575, 50.215
1198.786, 29.058
1199.997, 172.897
1201.208, 46.443
1202.419, 85.273
1203.630, 140.107
1204.840, 4.451
1206.051, 120.274
1207.261, 91.408
1208.470, 15.541
1209.680, 139.351
1210.889, 13.050
1212.099, 122.849
1213.308, 136.643
1214.516, 27.678
1215.725, 149.462
1216.933, 63.339
1218.142, 3.736
1219.350, 134.508
1220.557, 45.466
1221.765, 65.259
1222.972, 172.015
1224.180, 19.825
1225.387, 64.571
1226.593, 120.910
1227.800, 46.685
1229.006, 171.415
1230.213, 119.322
1231.419, 110.254
1232.624, 197.969
1233.830, 73.123
1235.035, 85.836
1236.241, 98.542
1237.446, 10.614
1238.650, 94.312
1239.855, 2.057
1241.059, 69.885
1242.264, 134.575
1243.468, 11.470
1244.671, 74.408
1245.875, 139.088
1247.078, 59.255
1248.282, 161.928
1249.485, 58.598
1250.687, 13.500
1251.890, 145.162
1253.092, 31.821
1254.295, 85.681
1255.497, 158.334
1256.699, 74.226
1257.900, 122.937
1259.102, 41.574
1260.303, 32.890
1261.504, 168.530
1262.705, 37.159
1263.905, 87.924
1265.106, 115.543
1266.306, 67.159
1267.506, 130.757
1268.706, 140.351
1269.905, 62.941
1271.105, 130.524
1272.304, 88.115
1273.503, 64.310
1274.702, 189.892
1275.900, 83.469
1277.099, 103.227
1278.297, 104.784
1279.495, 27.318
1280.693, 117.850
1281.891, 53.356
1283.088, 25.856
1284.285, 112.406
1285.482, 12.890
1286.679, 141.621
1287.876, 202.092
1289.072, 15.552
1290.268, 132.125
1291.464, 52.554
1292.660, 39.973
1293.856, 210.358
1295.051, 44.735
1296.247, 54.104
1297.442, 135.463
1298.637, 86.813
1299.831, 110.125
1301.026, 135.424
1302.220, 23.325
1303.414, 147.905
1304.608, 65.106
1305.802, 117.299
1306.995, 153.481
1308.188, 14.653
1309.381, 136.812
1310.574, 79.573
1311.767, 39.706
1312.960, 181.828
1314.152, 73.890
1315.344, 49.990
1316.536, 178.226
1317.728, 51.293
1318.919, 76.349
1320.110, 83.385
1321.301, 24.584
1322.492, 143.424
1323.683, 20.421
1324.874, 34.605
1326.064, 118.342
1327.254, 22.275
1328.444, 12.195
1329.634, 105.518
1330.823, 12.594
1332.013, 69.272
1333.202, 85.126
1334.391, 22.035
1335.580, 107.836
1336.768, 72.524
1337.956, 50.314
1339.145, 151.683
1340.333, 29.450
1341.520, 110.206
1342.708, 122.984
1343.895, 2.718
1345.083, 157.438
1346.270, 140.146
1347.456, 26.158
1348.643, 100.369
1349.829, 23.035
1351.016, 22.690
1352.202, 138.248
1353.387, 48.120
1354.573, 95.352
1355.759, 100.097
1356.944, 31.688
1358.129, 159.195
1359.314, 66.036
1360.498, 4.606
1361.683, 207.986
1362.867, 43.684
1364.051, 82.226
1365.235, 95.772
1366.419, 50.625
1367.602, 93.740
1368.785, 5.348
1369.968, 66.174
1371.151, 101.215
1372.334, 47.276
1373.517, 38.974
1374.699, 177.348
1375.881, 24.304
1377.063, 90.794
1378.245, 159.726
1379.426, 20.042
1380.608, 180.093
1381.789, 81.349
1382.970, 61.587
1384.150, 190.595
1385.331, 44.684
1386.511, 35.934
1387.691, 201.033
1388.871, 13.071
1390.051, 99.111
1391.231, 149.277
1392.410, 40.470
1393.589, 174.591
1394.768, 122.698
1395.947, 48.856
1397.126, 126.003
1398.304, 40.877
1399.483, 82.585
1400.661, 210.273
1401.838, 8.371
1403.016, 97.042
1404.194, 122.718
1405.371, 66.565
1406.548, 243.450
1407.725, 141.493
1408.901, 124.342
1410.078, 255.213
1411.254, 138.201
1412.430, 177.655
1413.606, 298.300
1414.782, 11.182
1415.958, 143.913
1417.133, 181.559
1418.308, 50.784
1419.483, 262.170
1420.658, 172.325
1421.832, 92.960
1423.007, 217.072
1424.181, 129.675
1425.355, 76.741
1426.529, 260.116
1427.702, 33.465
1428.876, 190.221
1430.049, 203.787
1431.222, 55.263
1432.395, 239.402
1433.567, 149.520
1434.740, 183.291
1435.912, 339.412
1437.084, 131.784
1438.256, 160.176
1439.428, 283.280
1440.599, 115.033
1441.770, 222.255
1442.942, 293.660
1444.112, 139.046
1445.283, 303.200
1446.454, 204.211
1447.624, 115.406
1448.794, 283.928
1449.964, 126.337
1451.134, 95.572
1452.303, 200.198
1453.473, 72.318
1454.642, 194.911
1455.811, 181.945
1456.980, 22.634
1458.148, 235.303
1459.317, 200.556
1460.485, 70.395
1461.653, 282.552
1462.821, 99.662
1463.989, 87.698
1465.156, 221.891
1466.323, 104.159
1467.490, 181.019
1468.657, 224.873
1469.824, 18.554
1470.991, 147.542
1472.157, 144.257
1473.323, 31.526
1474.489, 205.270
1475.655, 88.021
1476.820, 59.702
1477.986, 203.546
1479.151, 93.662
1480.316, 72.897
1481.481, 212.109
1482.645, 27.303
1483.810, 144.516
1484.974, 165.713
1486.138, 105.198
1487.302, 198.457
1488.465, 113.728
1489.629, 61.060
1490.792, 118.510
1491.955, 35.202
1493.118, 106.792
1494.281, 96.060
1495.443, 6.859
1496.606, 125.774
1497.768, 123.779
1498.930, 3.684
1500.091, 206.547
1501.253, 69.973
1502.414, 14.592
1503.575, 194.203
1504.736, 53.102
1505.897, 40.289
1507.058, 217.096
1508.218, 30.073
1509.379, 83.700
1510.539, 146.463
1511.698, 0.405
1512.858, 0.000
##END=



