##NAMES=Rhodonite
##RRUFFID=R060549
##IDEAL CHEMISTRY=CaMn^2+^_3_Mn^2+^Si_5_O_15_
##LOCALITY=unknown
##OWNER=RRUFF
##SOURCE=Gemological Institute of America
##DESCRIPTION=Pink cleavage fragment
##STATUS=The identification of this mineral has been confirmed by X-ray diffraction and chemical analysis
##URL=rruff.info/R060549
##MEASURED CHEMISTRY=(Mn_0.76_Ca_0.12_Fe_0.07_Mg_0.06_)Si_0.99_O_3_
##PIN_ID=L01873
##ORIENTATION=Laser parallel to c* (0 0 1). Fiducial mark perpendicular to laser is parallel to a [1 0 0]
82.03000, 0.0000000E+00
83.27000, 1.407471
84.51000, 189.7573
85.74900, 314.5786
86.98900, 402.3137
88.22800, 533.0071
89.46700, 700.3010
90.70600, 773.2422
91.94400, 1001.609
93.18300, 1252.767
94.42100, 1103.950
95.65900, 892.4465
96.89700, 689.7681
98.13500, 520.8354
99.37300, 323.5681
100.6100, 207.8945
101.8480, 177.7681
103.0850, 47.86816
104.3220, 65.06812
105.5590, 39.12231
106.7950, 151.6675
108.0320, 450.5425
109.2680, 608.7261
110.5040, 722.2188
111.7400, 868.0696
112.9760, 1192.188
114.2120, 1430.567
115.4470, 1738.155
116.6820, 1762.930
117.9170, 1691.882
119.1520, 1553.076
120.3870, 1284.513
121.6220, 1135.084
122.8560, 1026.774
124.0900, 1078.575
125.3240, 1142.473
126.5580, 1089.456
127.7920, 1117.524
129.0260, 1301.682
130.2590, 1535.945
131.4920, 1904.323
132.7250, 2176.821
133.9580, 2404.438
135.1910, 2514.062
136.4230, 2503.999
137.6560, 2551.060
138.8880, 2365.738
140.1200, 2271.952
141.3520, 1908.318
142.5830, 1672.512
143.8150, 1235.883
145.0460, 1063.044
146.2770, 832.7788
147.5080, 647.2046
148.7390, 591.6853
149.9700, 430.2158
151.2000, 388.7937
152.4310, 354.4160
153.6610, 413.0789
154.8910, 373.9678
156.1210, 298.4927
157.3500, 377.9404
158.5800, 379.9307
159.8090, 450.7112
161.0380, 557.5178
162.2670, 716.3330
163.4960, 816.1519
164.7240, 808.9778
165.9530, 798.8113
167.1810, 741.5239
168.4090, 646.1892
169.6370, 531.8757
170.8650, 407.5950
172.0920, 316.3621
173.3200, 217.2051
174.5470, 222.2200
175.7740, 229.3918
177.0010, 252.7637
178.2280, 230.3479
179.4540, 237.1011
180.6810, 243.9766
181.9070, 227.9648
183.1330, 226.0222
184.3590, 225.1667
185.5850, 210.3220
186.8100, 210.4795
188.0350, 227.6272
189.2610, 198.7632
190.4860, 133.8901
191.7110, 48.00415
192.9350, 118.1116
194.1600, 31.21387
195.3840, 28.31519
196.6080, 27.41699
197.8320, 3.483154
199.0560, 28.60962
200.2800, 7.307861
201.5030, 128.7632
202.7270, 113.8235
203.9500, 51.87305
205.1730, 86.91162
206.3950, 32.93921
207.6180, 7.955811
208.8410, 25.96118
210.0630, 109.9490
211.2850, 158.2793
212.5070, 271.9055
213.7290, 364.8594
214.9500, 261.8035
216.1720, 401.7393
217.3930, 315.6675
218.6140, 336.5847
219.8350, 343.4878
221.0560, 273.3782
222.2770, 217.2559
223.4970, 140.1206
224.7170, 147.9724
225.9370, 115.8115
227.1570, 45.63770
228.3770, 36.54956
229.5970, 24.33521
230.8160, 38.16016
232.0350, 9.481934
233.2540, 38.71411
234.4730, 110.8672
235.6920, 78.97876
236.9110, 159.8408
238.1290, 253.6543
239.3470, 277.3948
240.5650, 288.4548
241.7830, 314.5076
243.0010, 458.6116
244.2180, 460.7627
245.4360, 551.9573
246.6530, 638.1921
247.8700, 708.4116
249.0870, 841.5737
250.3040, 1051.263
251.5200, 1076.123
252.7370, 1237.495
253.9530, 1317.782
255.1690, 1515.284
256.3850, 1709.011
257.6000, 1829.967
258.8160, 1991.136
260.0310, 2234.311
261.2460, 2437.695
262.4610, 2621.110
263.6760, 2858.635
264.8910, 2927.213
266.1050, 3020.026
267.3200, 2854.004
268.5340, 2869.537
269.7480, 2706.125
270.9620, 2371.147
272.1750, 2136.866
273.3890, 2051.370
274.6020, 1889.494
275.8150, 1748.054
277.0280, 1602.544
278.2410, 1519.857
279.4540, 1448.104
280.6660, 1344.114
281.8790, 1197.736
283.0910, 1054.072
284.3030, 1003.668
285.5140, 853.1426
286.7260, 793.6401
287.9380, 628.1318
289.1490, 561.3445
290.3600, 485.3171
291.5710, 398.9849
292.7820, 321.6487
293.9920, 218.3096
295.2030, 232.9678
296.4130, 225.6226
297.6230, 141.2739
298.8330, 165.9214
300.0430, 149.5647
301.2520, 158.3452
302.4620, 143.4412
303.6710, 210.1704
304.8800, 196.1868
306.0890, 305.2361
307.2980, 358.2888
308.5070, 397.4534
309.7150, 489.4836
310.9230, 618.5400
312.1310, 722.4849
313.3390, 877.2036
314.5470, 1066.872
315.7550, 1312.427
316.9620, 1525.979
318.1690, 1832.524
319.3760, 2133.064
320.5830, 2508.597
321.7900, 2862.122
322.9960, 3303.639
324.2030, 3678.146
325.4090, 3854.644
326.6150, 4042.130
327.8210, 4001.605
329.0270, 4015.068
330.2320, 3889.519
331.4380, 3712.958
332.6430, 3541.384
333.8480, 3354.798
335.0530, 3209.308
336.2580, 3039.030
337.4620, 2902.916
338.6670, 2708.280
339.8710, 2520.509
341.0750, 2321.077
342.2790, 2098.899
343.4820, 1944.123
344.6860, 1804.716
345.8890, 1593.930
347.0920, 1533.558
348.2960, 1349.058
349.4980, 1354.677
350.7010, 1300.092
351.9040, 1199.357
353.1060, 1054.505
354.3080, 1003.547
355.5100, 846.7344
356.7120, 741.9089
357.9140, 598.0708
359.1150, 529.2202
360.3170, 437.3569
361.5180, 424.4812
362.7190, 386.5930
363.9200, 375.6926
365.1200, 322.7798
366.3210, 370.8545
367.5210, 305.9172
368.7210, 283.9678
369.9210, 363.0061
371.1210, 331.0322
372.3210, 345.9526
373.5200, 317.7915
374.7200, 292.0247
375.9190, 308.8723
377.1180, 211.5854
378.3170, 206.4070
379.5150, 127.3420
380.7140, 174.2637
381.9120, 156.1736
383.1110, 163.0715
384.3090, 216.9580
385.5060, 261.8357
386.7040, 305.7051
387.9020, 347.5652
389.0990, 418.4165
390.2960, 447.3091
391.4930, 545.1411
392.6900, 515.9780
393.8860, 479.7910
395.0830, 385.6511
396.2790, 289.4956
397.4750, 224.3337
398.6710, 150.9731
399.8670, 102.9788
401.0630, 53.78223
402.2580, 28.57080
403.4540, 30.34229
404.6490, 6.186035
405.8440, 11.82251
407.0390, 39.47168
408.2330, 71.81299
409.4280, 75.21802
410.6220, 45.68921
411.8160, 70.21118
413.0100, 86.79663
414.2040, 109.4546
415.3980, 104.4821
416.5910, 85.02075
417.7850, 78.91650
418.9780, 69.88013
420.1710, 36.90747
421.3640, 65.98120
422.5560, 33.11646
423.7490, 61.29590
424.9410, 9.465576
426.1330, 50.79443
427.3250, 55.10791
428.5170, 14.52295
429.7090, 12.13452
430.9000, 11.72607
432.0910, 39.29688
433.2820, 87.85107
434.4730, 162.3904
435.6640, 192.9177
436.8550, 175.4326
438.0450, 276.9358
439.2360, 248.4263
440.4260, 217.9048
441.6160, 222.3694
442.8060, 164.8235
443.9950, 120.2654
445.1850, 40.69385
446.3740, 124.1062
447.5630, 53.50488
448.7520, 43.88867
449.9410, 41.25610
451.1300, 26.60742
452.3180, 42.94189
453.5060, 37.26050
454.6950, 59.56274
455.8830, 111.8496
457.0700, 122.1233
458.2580, 166.3838
459.4450, 179.6321
460.6330, 194.8687
461.8200, 156.0928
463.0070, 185.3054
464.1940, 165.5059
465.3800, 244.6938
466.5670, 215.8701
467.7530, 230.0344
468.9390, 236.1868
470.1250, 196.3271
471.3110, 288.4556
472.4970, 264.5723
473.6820, 338.6772
474.8680, 401.7700
476.0530, 419.8513
477.2380, 472.9207
478.4230, 370.9785
479.6070, 347.0256
480.7920, 308.0635
481.9760, 185.0898
483.1600, 196.1055
484.3440, 148.1099
485.5280, 80.10571
486.7120, 29.08960
487.8950, 63.05908
489.0780, 46.01733
490.2620, 72.96265
491.4450, 29.91138
492.6270, 85.84570
493.8100, 87.76758
494.9920, 86.67773
496.1750, 158.5767
497.3570, 173.4648
498.5390, 171.3479
499.7210, 235.2346
500.9020, 269.1106
502.0840, 289.9839
503.2650, 282.8589
504.4460, 412.7393
505.6270, 459.6243
506.8080, 590.5112
507.9890, 709.3982
509.1690, 835.2803
510.3500, 1035.156
511.5300, 1094.026
512.7100, 1225.887
513.8900, 1183.737
515.0690, 1124.576
516.2490, 1087.410
517.4280, 846.2380
518.6070, 784.0605
519.7860, 721.8843
520.9650, 574.7051
522.1440, 542.3855
523.3220, 430.2080
524.5010, 377.0024
525.6790, 220.8066
526.8570, 179.6003
528.0350, 211.3840
529.2130, 121.1570
530.3900, 125.9202
531.5670, 95.67334
532.7450, 178.4202
533.9220, 103.1636
535.0980, 167.9021
536.2750, 97.64380
537.4520, 124.3774
538.6280, 139.1016
539.8040, 137.8176
540.9800, 222.4724
542.1560, 265.9192
543.3320, 329.1501
544.5070, 337.1812
545.6830, 407.2317
546.8580, 465.0923
548.0330, 456.9312
549.2080, 547.6729
550.3830, 594.3657
551.5570, 784.8271
552.7310, 955.1326
553.9060, 1121.884
555.0800, 1346.598
556.2540, 1633.896
557.4270, 1758.500
558.6010, 1911.338
559.7740, 1812.558
560.9470, 1645.344
562.1210, 1508.206
563.2930, 1188.249
564.4660, 938.3660
565.6390, 787.7261
566.8110, 684.4712
567.9830, 604.4988
569.1550, 522.2642
570.3270, 436.1555
571.4990, 446.0134
572.6710, 403.8765
573.8420, 430.0129
575.0130, 409.3840
576.1840, 389.0503
577.3550, 356.7126
578.5260, 321.3713
579.6970, 328.0261
580.8670, 211.6799
582.0370, 195.3298
583.2070, 156.9763
584.3770, 152.6189
585.5470, 127.9817
586.7170, 80.27026
587.8860, 83.78052
589.0550, 87.99414
590.2240, 49.16650
591.3930, 85.32666
592.5620, 40.36646
593.7310, 69.53174
594.8990, 75.66211
596.0670, 61.89502
597.2350, 78.34570
598.4030, 90.83862
599.5710, 38.43506
600.7390, 124.0283
601.9060, 108.6179
603.0740, 169.2041
604.2410, 146.7871
605.4080, 177.3672
606.5740, 221.9436
607.7410, 204.5168
608.9080, 301.0869
610.0740, 222.6533
611.2400, 258.2170
612.4060, 301.7769
613.5720, 367.3340
614.7370, 376.8875
615.9030, 399.4380
617.0680, 457.9849
618.2330, 478.5291
619.3980, 482.1694
620.5630, 548.1433
621.7280, 668.6777
622.8920, 676.2090
624.0570, 732.7373
625.2210, 834.5957
626.3850, 823.9197
627.5490, 871.0093
628.7120, 1055.361
629.8760, 1122.740
631.0390, 1139.740
632.2020, 1312.903
633.3650, 1333.297
634.5280, 1494.675
635.6910, 1589.071
636.8530, 1781.563
638.0160, 1893.188
639.1780, 2247.993
640.3400, 2362.525
641.5020, 2704.732
642.6640, 2947.118
643.8250, 3246.244
644.9870, 3591.160
646.1480, 4083.574
647.3090, 4558.285
648.4700, 5220.114
649.6300, 5848.286
650.7910, 6667.972
651.9510, 7891.437
653.1120, 9234.873
654.2720, 11044.30
655.4320, 13134.73
656.5910, 15764.15
657.7510, 18891.61
658.9100, 22204.31
660.0690, 26097.20
661.2290, 29768.48
662.3880, 33316.06
663.5460, 36390.59
664.7050, 40165.11
665.8630, 43231.50
667.0220, 47063.87
668.1800, 50218.24
669.3380, 52987.63
670.4950, 53226.00
671.6530, 51826.20
672.8100, 47819.99
673.9680, 42621.36
675.1250, 36833.80
676.2820, 31226.53
677.4390, 26288.94
678.5950, 22343.59
679.7520, 19225.42
680.9080, 16283.49
682.0640, 13820.98
683.2200, 11818.00
684.3760, 10100.15
685.5320, 8546.033
686.6870, 7247.850
687.8420, 6204.893
688.9980, 5339.205
690.1530, 4541.538
691.3070, 4092.230
692.4620, 3560.597
693.6170, 3240.731
694.7710, 2937.778
695.9250, 2596.837
697.0790, 2346.725
698.2330, 2175.649
699.3870, 2025.411
700.5400, 1864.462
701.6940, 1696.062
702.8470, 1617.698
704.0000, 1686.257
705.1530, 1516.841
706.3050, 1520.424
707.4580, 1585.520
708.6100, 1540.406
709.7630, 1565.150
710.9150, 1628.744
712.0660, 1562.343
713.2180, 1543.938
714.3700, 1535.526
715.5210, 1511.106
716.6720, 1445.680
717.8240, 1418.246
718.9740, 1386.254
720.1250, 1252.809
721.2760, 1229.352
722.4260, 1088.887
723.5770, 997.4153
724.7270, 849.9358
725.8770, 837.4507
727.0260, 689.9592
728.1760, 692.4619
729.3250, 622.9585
730.4750, 637.4500
731.6240, 513.9363
732.7730, 552.4170
733.9220, 549.8926
735.0700, 574.3623
736.2190, 599.8250
737.3670, 564.2808
738.5150, 521.7290
739.6630, 548.1699
740.8110, 460.6035
741.9590, 419.0298
743.1060, 380.4487
744.2540, 365.8604
745.4010, 326.2644
746.5480, 274.6611
747.6950, 241.0508
748.8410, 134.4333
749.9880, 175.8083
751.1340, 61.17651
752.2800, 130.5371
753.4260, 106.8904
754.5720, 91.23682
755.7180, 46.57617
756.8640, 14.90796
758.0090, 4.231689
759.1540, 73.54297
760.2990, 44.84741
761.4440, 60.14478
762.5890, 6.435059
763.7340, 31.71411
764.8780, 56.98730
766.0220, 13.25513
767.1660, 9.515869
768.3100, 48.23169
769.4540, 17.98193
770.5980, 18.18970
771.7410, 23.39111
772.8840, 17.58594
774.0280, 49.77417
775.1700, 7.044434
776.3130, 41.88086
777.4560, 20.24658
778.5980, 16.63306
779.7410, 35.53516
780.8830, 47.46948
782.0250, 44.28247
783.1670, 36.45190
784.3080, 25.49414
785.4500, 11.56323
786.5910, 1.394287
787.7320, 9.753418
788.8730, 21.12695
790.0140, 30.00122
791.1550, 36.86987
792.2950, 24.73975
793.4360, 32.58984
794.5760, 7.558350
795.7160, 27.72217
796.8560, 14.91260
797.9960, 21.43701
799.1350, 42.35400
800.2750, 7.380127
801.4140, 7.107178
802.5530, 21.82690
803.6920, 27.52466
804.8310, 22.77588
805.9690, 12.95752
807.1080, 10.65820
808.2460, 7.645996
809.3840, 16.96362
810.5220, 10.78149
811.6600, 43.64990
812.7970, 1.031982
813.9350, 5.576904
815.0720, 0.1801760
816.2090, 3.225098
817.3460, 7.639893
818.4830, 1.933594
819.6200, 7.499512
820.7560, 57.94360
821.8930, 38.21948
823.0290, 4.933838
824.1650, 25.45117
825.3010, 10.01196
826.4360, 38.47192
827.5720, 20.07129
828.7070, 13.36938
829.8420, 59.19287
830.9770, 57.79150
832.1120, 9.425537
833.2470, 71.06982
834.3820, 6.755859
835.5160, 3.450195
836.6500, 26.15137
837.7840, 18.87036
838.9180, 38.60303
840.0520, 32.35986
841.1860, 13.86304
842.3190, 16.08301
843.4520, 10.69995
844.5850, 41.49170
845.7180, 40.69263
846.8510, 40.12598
847.9840, 14.03296
849.1160, 37.18945
850.2490, 36.34326
851.3810, 16.49487
852.5130, 50.64404
853.6450, 28.79102
854.7760, 13.06421
855.9080, 2.073486
857.0390, 22.20874
858.1700, 61.34277
859.3010, 93.47485
860.4320, 97.81201
861.5630, 96.73535
862.6930, 96.86377
863.8240, 104.9907
864.9540, 108.5210
866.0840, 145.2424
867.2140, 132.3674
868.3440, 157.4915
869.4730, 190.6152
870.6030, 181.7383
871.7320, 269.8613
872.8610, 279.9841
873.9900, 379.1069
875.1190, 488.2297
876.2470, 566.3528
877.3760, 701.4761
878.5040, 775.5994
879.6320, 849.7234
880.7600, 880.8479
881.8880, 897.9734
883.0150, 872.0994
884.1430, 816.2266
885.2700, 781.3547
886.3970, 749.4839
887.5240, 687.6143
888.6510, 631.7461
889.7780, 594.8799
890.9040, 537.0146
892.0310, 614.1516
893.1570, 592.1904
894.2830, 557.8948
895.4090, 545.0371
896.5350, 519.1819
897.6600, 570.3289
898.7860, 516.1455
899.9110, 538.2769
901.0360, 516.4316
902.1610, 590.4690
903.2860, 583.4111
904.4100, 607.8462
905.5350, 653.9419
906.6590, 649.0435
907.7830, 732.1719
908.9070, 765.2822
910.0310, 796.9163
911.1540, 791.5186
912.2780, 881.3928
913.4010, 908.5415
914.5240, 987.0234
915.6470, 974.3276
916.7700, 1057.895
917.8930, 1079.695
919.0150, 1063.002
920.1380, 1066.011
921.2600, 1016.921
922.3820, 1046.485
923.5040, 1061.540
924.6260, 1123.835
925.7470, 1108.161
926.8690, 1137.501
927.9900, 1182.856
929.1110, 1196.219
930.2320, 1243.549
931.3530, 1321.216
932.4730, 1373.538
933.5940, 1519.055
934.7140, 1646.287
935.8340, 1792.573
936.9540, 1926.270
938.0740, 2064.310
939.1930, 2168.779
940.3130, 2257.257
941.4320, 2317.744
942.5510, 2315.254
943.6700, 2159.913
944.7890, 2128.011
945.9080, 2141.522
947.0260, 2194.997
948.1450, 2217.145
949.2630, 2245.663
950.3810, 2254.937
951.4990, 2367.043
952.6170, 2488.923
953.7340, 2705.389
954.8520, 2986.342
955.9690, 3257.182
957.0860, 3613.291
958.2030, 3999.490
959.3200, 4611.472
960.4360, 5188.208
961.5530, 6053.971
962.6690, 6924.415
963.7850, 8069.211
964.9010, 9550.277
966.0170, 11449.47
967.1330, 13271.69
968.2480, 15728.12
969.3630, 18611.57
970.4790, 21786.21
971.5940, 25023.62
972.7080, 28451.49
973.8230, 31157.20
974.9380, 33000.34
976.0520, 33946.31
977.1660, 33334.32
978.2800, 31922.82
979.3940, 29712.57
980.5080, 27900.62
981.6220, 26403.55
982.7350, 25362.62
983.8480, 25261.71
984.9610, 25355.82
986.0740, 26035.94
987.1870, 27020.08
988.3000, 28086.23
989.4120, 29108.96
990.5250, 30040.15
991.6370, 31026.37
992.7490, 31744.60
993.8610, 32822.84
994.9720, 33606.11
996.0840, 35135.38
997.1950, 35782.68
998.3060, 36687.98
999.4170, 37150.33
1000.528, 36666.68
1001.639, 35692.06
1002.750, 33339.44
1003.860, 30369.84
1004.970, 27073.25
1006.080, 23796.68
1007.190, 20568.12
1008.300, 17553.58
1009.410, 15092.06
1010.519, 12792.55
1011.628, 10858.05
1012.738, 9221.573
1013.846, 7782.108
1014.955, 6717.658
1016.064, 5619.223
1017.172, 4977.804
1018.281, 4363.398
1019.389, 3904.009
1020.497, 3496.633
1021.605, 3118.273
1022.713, 2801.927
1023.820, 2569.597
1024.928, 2499.281
1026.035, 2248.981
1027.142, 2190.696
1028.249, 2150.427
1029.356, 2028.173
1030.462, 1915.934
1031.569, 1945.710
1032.675, 1900.502
1033.781, 2101.309
1034.887, 2053.130
1035.993, 2089.965
1037.098, 2302.817
1038.204, 2310.699
1039.309, 2537.597
1040.415, 2701.509
1041.520, 2767.563
1042.624, 2612.505
1043.729, 2702.106
1044.834, 2647.083
1045.938, 2592.282
1047.042, 2534.581
1048.146, 2351.622
1049.250, 2255.040
1050.354, 2130.246
1051.458, 1905.766
1052.561, 1665.918
1053.664, 1489.956
1054.767, 1308.157
1055.870, 1222.369
1056.973, 1118.545
1058.076, 1024.790
1059.178, 901.8298
1060.281, 847.8696
1061.383, 768.1819
1062.485, 693.4753
1063.587, 658.7856
1064.688, 653.1208
1065.790, 582.4729
1066.891, 569.1768
1067.993, 577.1484
1069.094, 488.6155
1070.195, 419.7183
1071.295, 419.3398
1072.396, 361.8340
1073.496, 360.9595
1074.597, 329.3513
1075.697, 247.9893
1076.797, 306.5640
1077.897, 250.1128
1078.996, 267.6970
1080.096, 268.3208
1081.195, 268.2205
1082.294, 251.2239
1083.393, 236.7051
1084.492, 206.4072
1085.591, 188.2422
1086.689, 175.4062
1087.788, 145.3057
1088.886, 161.9651
1089.984, 176.9551
1091.082, 192.7544
1092.180, 169.2864
1093.277, 129.7808
1094.375, 104.4778
1095.472, 106.5732
1096.569, 103.5220
1097.666, 128.6946
1098.763, 137.9036
1099.860, 155.6165
1100.956, 104.9360
1102.053, 114.6353
1103.149, 115.0737
1104.245, 157.3611
1105.341, 114.3479
1106.436, 80.23706
1107.532, 155.2751
1108.627, 103.9971
1109.723, 170.9124
1110.818, 115.2461
1111.913, 147.3103
1113.007, 88.72363
1114.102, 111.8416
1115.197, 135.9133
1116.291, 104.0645
1117.385, 136.8918
1118.479, 129.9087
1119.573, 101.7417
1120.666, 131.8218
1121.760, 93.10156
1122.853, 132.3740
1123.947, 75.94995
1125.040, 95.02710
1126.132, 73.05054
1127.225, 80.06104
1128.318, 126.0752
1129.410, 86.48828
1130.502, 83.37305
1131.595, 125.7778
1132.687, 114.8708
1133.778, 129.1147
1134.870, 128.7710
1135.961, 112.2705
1137.053, 120.3010
1138.144, 88.72437
1139.235, 95.77026
1140.326, 99.97217
1141.416, 63.13867
1142.507, 93.17407
1143.597, 128.5078
1144.688, 14.63184
1145.778, 31.89038
1146.868, 66.01611
1147.957, 38.18896
1149.047, 58.22705
1150.136, 72.43945
1151.226, 56.51318
1152.315, 6.551270
1153.404, 61.84985
1154.493, 37.88696
1155.581, 28.21118
1156.670, 78.24634
1157.758, 92.31201
1158.846, 77.34473
1159.934, 53.37598
1161.022, 73.53198
1162.110, 43.67676
1163.198, 39.62964
1164.285, 24.65405
1165.372, 29.67578
1166.459, 55.69556
1167.546, 67.71289
1168.633, 34.77319
1169.720, 4.874023
1170.806, 42.92676
1171.892, 6.921875
1172.979, 3.078857
1174.065, 20.77979
1175.150, 21.27295
1176.236, 8.743896
1177.322, 30.76709
1178.407, 39.19312
1179.492, 11.82031
1180.577, 89.84961
1181.662, 11.95093
1182.747, 7.938477
1183.832, 52.17725
1184.916, 1.676270
1186.000, 23.52441
1187.084, 67.60645
1188.168, 24.19629
1189.252, 31.98877
1190.336, 31.21387
1191.419, 3.538330
1192.503, 22.28442
1193.586, 24.42700
1194.669, 14.75708
1195.752, 30.48389
1196.835, 20.79614
1197.917, 24.09521
1199.000, 7.583740
1200.082, 8.744629
1201.164, 64.08765
1202.246, 13.52563
1203.328, 38.84424
1204.409, 74.27051
1205.491, 2.252686
1206.572, 10.76562
1207.653, 22.26953
1208.734, 18.76489
1209.815, 16.28711
1210.896, 1.730225
1211.976, 1.803955
1213.057, 9.353516
1214.137, 19.33276
1215.217, 10.51538
1216.297, 15.12964
1217.377, 10.26782
1218.456, 56.57471
1219.536, 10.09326
1220.615, 20.21729
1221.694, 1.482910
1222.773, 32.20093
1223.852, 18.95337
1224.931, 8.733398
1226.009, 14.46387
1227.088, 8.582520
1228.166, 8.818848
1229.244, 2.5390999E-02
1230.322, 8.888916
1231.400, 14.41211
1232.477, 25.69238
1233.555, 11.36157
1234.632, 32.39722
1235.709, 66.42065
1236.786, 29.46118
1237.863, 11.53955
1238.939, 76.52246
1240.016, 4.462646
1241.092, 35.49829
1242.168, 14.42114
1243.245, 31.32788
1244.320, 42.22168
1245.396, 30.10278
1246.472, 6.970215
1247.547, 3.817383
1248.622, 7.787109
1249.697, 3.527832
1250.772, 0.6110840
1251.847, 27.36987
1252.922, 16.11377
1253.996, 57.84009
1255.071, 6.589844
1256.145, 83.35913
1257.219, 84.15894
1258.293, 15.17480
1259.366, 6.462891
1260.440, 26.14258
1261.513, 63.73169
1262.587, 37.30762
1263.660, 81.86865
1264.733, 58.41675
1265.805, 84.99194
1266.878, 28.54419
1267.951, 81.04883
1269.023, 46.54028
1270.095, 54.01709
1271.167, 105.4795
1272.239, 35.92847
1273.311, 66.51099
1274.382, 42.93164
1275.454, 67.33716
1276.525, 56.72827
1277.596, 152.1711
1278.667, 50.53491
1279.738, 82.09399
1280.808, 101.4292
1281.879, 42.75146
1282.949, 100.1816
1284.019, 41.47461
1285.089, 108.7515
1286.159, 86.01465
1287.229, 109.3098
1288.298, 95.54541
1289.368, 64.76782
1290.437, 84.97510
1291.506, 97.16919
1292.575, 132.3701
1293.644, 110.5818
1294.712, 162.7354
1295.781, 111.8752
1296.849, 87.00439
1297.917, 77.12012
1298.985, 88.22095
1300.053, 64.30884
1301.121, 108.2542
1302.188, 65.31226
1303.255, 83.70972
1304.323, 112.7385
1305.390, 106.5588
1306.457, 106.3926
1307.523, 92.26831
1308.590, 93.89258
1309.656, 105.7444
1310.723, 127.2991
1311.789, 99.23291
1312.855, 136.2954
1313.921, 182.3120
1314.986, 87.29126
1316.052, 136.2317
1317.117, 86.10425
1318.182, 157.1802
1319.248, 143.2556
1320.312, 127.0596
1321.377, 139.8816
1322.442, 154.6912
1323.506, 112.4856
1324.571, 165.2693
1325.635, 130.7793
1326.699, 172.9653
1327.762, 117.6558
1328.826, 129.7080
1329.890, 172.2400
1330.953, 76.89819
1332.016, 143.9238
1333.079, 142.6816
1334.142, 110.1924
1335.205, 114.7693
1336.268, 84.37720
1337.330, 119.0720
1338.392, 90.62109
1339.454, 96.50684
1340.516, 98.94336
1341.578, 107.4390
1342.640, 121.2678
1343.701, 110.8538
1344.763, 84.62305
1345.824, 100.9028
1346.885, 90.43774
1347.946, 100.6519
1349.007, 104.0571
1350.067, 97.73633
1351.128, 103.3718
1352.188, 89.96094
1353.248, 101.0752
1354.308, 100.3337
1355.368, 89.38306
1356.428, 78.49365
1357.487, 73.01636
1358.547, 75.94971
1359.606, 62.50317
1360.665, 57.31714
1361.724, 115.3237
1362.783, 105.5967
1363.841, 50.97559
1364.900, 129.2104
1365.958, 34.75830
1367.016, 43.11035
1368.074, 49.04199
1369.132, 92.25098
1370.190, 120.1074
1371.247, 93.35889
1372.304, 92.61987
1373.362, 108.7380
1374.419, 72.17725
1375.476, 18.42261
1376.532, 10.84912
1377.589, 41.02466
1378.645, 99.99902
1379.702, 88.97778
1380.758, 53.78125
1381.814, 40.94800
1382.870, 30.16455
1383.925, 19.80054
1384.981, 79.65039
1386.036, 27.46362
1387.092, 81.29736
1388.147, 119.1106
1389.202, 114.3071
1390.256, 106.2727
1391.311, 95.44971
1392.365, 34.52148
1393.420, 36.68677
1394.474, 81.45483
1395.528, 58.59546
1396.582, 96.57471
1397.636, 59.58447
1398.689, 51.72290
1399.742, 7.892090
1400.796, 43.93726
1401.849, 76.83643
1402.902, 62.86328
1403.955, 26.91235
1405.007, 43.06519
1406.060, 8.7890001E-03
1407.112, 62.05029
1408.164, 125.2344
1409.216, 12.05859
1410.268, 92.14160
1411.320, 75.93066
1412.371, 129.0039
1413.423, 30.04077
1414.474, 47.10474
1415.525, 83.16504
1416.576, 61.09570
1417.627, 52.27344
1418.678, 35.32666
1419.728, 29.37256
1420.778, 41.52441
1421.829, 47.57690
1422.879, 43.32666
1423.928, 64.30518
1424.978, 74.23828
1426.028, 39.21362
1427.077, 103.0850
1428.126, 48.09399
1429.176, 83.95679
1430.225, 86.89648
1431.273, 90.89990
1432.322, 93.90015
1433.371, 93.90527
1434.419, 90.87842
1435.467, 69.85840
1436.515, 72.87744
1437.563, 95.89746
1438.611, 66.69214
1439.658, 11.69189
1440.706, 18.74316
1441.753, 48.75537
1442.800, 75.76270
1443.847, 79.25317
1444.894, 92.87256
1445.941, 83.98071
1446.987, 88.93750
1448.034, 71.92163
1449.080, 49.84912
1450.126, 76.75903
1451.172, 21.11670
1452.218, 80.95068
1453.263, 61.59009
1454.309, 118.0347
1455.354, 57.95898
1456.399, 110.8735
1457.444, 84.85571
1458.489, 56.82617
1459.534, 50.78296
1460.579, 57.73438
1461.623, 55.69507
1462.667, 6.671875
1463.711, 60.65674
1464.755, 25.64355
1465.799, 66.64233
1466.843, 42.66992
1467.886, 53.55664
1468.930, 58.73145
1469.973, 64.78394
1471.016, 63.86206
1472.059, 56.90649
1473.101, 55.88184
1474.144, 82.87744
1475.186, 49.97168
1476.229, 55.06323
1477.271, 58.15649
1478.313, 89.84912
1479.355, 80.91992
1480.396, 60.05371
1481.438, 13.04712
1482.479, 34.03101
1483.520, 55.09790
1484.561, 44.27734
1485.602, 50.45776
1486.643, 24.54102
1487.684, 41.72461
1488.724, 49.91016
1489.765, 79.88965
1490.805, 85.07520
1491.845, 69.17017
1492.885, 72.05493
1493.924, 70.24243
1494.964, 36.24951
1496.003, 11.44360
1497.042, 19.57031
1498.082, 54.76904
1499.120, 77.93750
1500.159, 74.75781
1501.198, 75.08325
1502.236, 47.46509
1503.275, 52.66626
1504.313, 51.33374
1505.351, 3.091797
1506.389, 62.31274
1507.427, 42.53931
1508.464, 48.77026
1509.502, 24.79541
1510.539, 40.87305
1511.576, 10.89844
1512.613, 59.33374
1513.650, 17.57056
1514.687, 63.81567
1515.723, 73.92725
1516.759, 75.19019
1517.796, 77.46729
1518.832, 66.06812
1519.868, 56.05103
1520.903, 47.10376
1521.939, 41.33496
1522.975, 36.92871
1524.010, 6.011963
1525.045, 36.32812
1526.080, 46.67822
1527.115, 56.03979
1528.150, 21.41064
1529.184, 27.79932
1530.219, 72.98169
1531.253, 120.3914
1532.287, 17.81006
1533.321, 58.13794
1534.355, 40.57568
1535.388, 83.02637
1536.422, 46.49585
1537.455, 70.69873
1538.488, 70.00488
1539.522, 45.50610
1540.554, 52.02100
1541.587, 8.550049
1542.620, 43.63696
1543.652, 54.18188
1544.685, 19.59229
1545.717, 65.29419
1546.749, 9.462402
1547.781, 49.08789
1548.812, 63.65234
1549.844, 88.23584
1550.875, 99.05908
1551.906, 70.84595
1552.938, 84.41748
1553.968, 182.3848
1554.999, 158.9578
1556.030, 143.0173
1557.060, 123.5706
1558.091, 68.14209
1559.121, 57.72974
1560.151, 95.16919
1561.181, 101.6729
1562.211, 4.582031
1563.240, 89.90088
1564.270, 41.04883
1565.299, 44.17334
1566.328, 127.2957
1567.357, 109.3613
1568.386, 75.31982
1569.415, 19.16479
1570.443, 98.48169
1571.472, 41.07861
1572.500, 83.89526
1573.528, 65.36987
1574.556, 0.5334470
1575.584, 55.85205
1576.611, 39.51685
1577.639, 0.0000000E+00
##END=



