##NAMES=Serandite
##RRUFFID=R050261
##IDEAL CHEMISTRY=NaMn^2+^_2_Si_3_O_8_(OH)
##LOCALITY=Mont Saint-Hilaire, Rouville County, Quebec, Canada
##OWNER=RRUFF
##SOURCE=Marcus Origlieri
##DESCRIPTION=Orange tabular single crystal associated with aegirine and microcline
##STATUS=The identification of this mineral has been confirmed by X-ray diffraction and chemical analysis
##URL=rruff.info/R050261
##MEASURED CHEMISTRY=Na_0.96_(Mn_0.92_Ca_0.06_Fe_0.01_)_2_Si_3.03_O_8_(OH)
##PIN_ID=L01850
##ORIENTATION=Laser parallel to -b* (0 -1 0). Fiducial mark perpendicular to laser is parallel to c [0 0 1]
93.48000, 0.0000000E+00
94.71400, 18.05762
95.94800, 2.6366999E-02
97.18200, 17.27734
98.41600, 12.86230
99.64900, 179.8306
100.8830, 421.3550
102.1160, 462.7197
103.3490, 752.4155
104.5820, 1027.356
105.8150, 1289.728
107.0470, 1663.896
108.2800, 1746.739
109.5120, 2138.385
110.7440, 2255.521
111.9760, 1899.886
113.2080, 1866.261
114.4400, 2145.459
115.6710, 2495.317
116.9030, 2842.690
118.1340, 2656.447
119.3650, 2110.474
120.5960, 1659.670
121.8270, 1175.050
123.0580, 857.1685
124.2880, 653.2378
125.5190, 497.1943
126.7490, 491.9814
127.9790, 475.5469
129.2090, 667.8447
130.4390, 1135.837
131.6680, 1544.495
132.8980, 1741.786
134.1270, 1922.685
135.3560, 2042.149
136.5850, 2106.136
137.8140, 2463.610
139.0430, 2507.542
140.2710, 2088.901
141.5000, 1517.669
142.7280, 1078.822
143.9560, 712.3408
145.1840, 435.2095
146.4120, 229.4146
147.6390, 78.95264
148.8670, 7.187500
150.0940, 80.01807
151.3210, 119.4487
152.5490, 312.2012
153.7750, 333.2290
155.0020, 400.5215
156.2290, 432.0698
157.4550, 665.8638
158.6810, 991.8955
159.9080, 1040.158
161.1340, 1285.643
162.3590, 1383.342
163.5850, 1616.249
164.8110, 1630.359
166.0360, 1633.664
167.2610, 1738.463
168.4860, 1646.355
169.7110, 1727.359
170.9360, 1413.775
172.1610, 1137.459
173.3850, 836.3477
174.6100, 683.3066
175.8340, 547.2979
177.0580, 455.3296
178.2820, 355.4092
179.5050, 367.5449
180.7290, 326.7412
181.9520, 243.0029
183.1760, 217.3330
184.3990, 379.7358
185.6220, 393.2129
186.8450, 610.7666
188.0670, 778.3989
189.2900, 1026.110
190.5120, 1256.903
191.7340, 1423.780
192.9560, 1632.739
194.1780, 1673.783
195.4000, 1542.903
196.6220, 1595.105
197.8430, 1360.442
199.0640, 1388.942
200.2860, 1251.662
201.5070, 1221.500
202.7270, 1229.438
203.9480, 986.4634
205.1690, 785.5649
206.3890, 508.7412
207.6090, 512.9927
208.8290, 469.3154
210.0490, 284.7109
211.2690, 449.1782
212.4890, 240.7158
213.7080, 355.3232
214.9280, 349.9980
216.1470, 379.7407
217.3660, 345.5503
218.5850, 474.4248
219.8030, 556.3643
221.0220, 625.3682
222.2400, 673.4341
223.4590, 600.5615
224.6770, 550.7500
225.8950, 609.9971
227.1120, 534.3027
228.3300, 529.6670
229.5480, 626.0869
230.7650, 681.5625
231.9820, 511.0938
233.1990, 475.6797
234.4160, 414.3164
235.6330, 332.7900
236.8490, 332.7480
238.0660, 253.5391
239.2820, 322.2178
240.4980, 345.5273
241.7140, 161.4902
242.9300, 217.8281
244.1460, 246.0420
245.3610, 301.8418
246.5770, 443.2480
247.7920, 485.5508
249.0070, 628.0762
250.2220, 747.0332
251.4370, 904.6299
252.6510, 1188.092
253.8660, 1367.830
255.0800, 1634.809
256.2940, 1818.938
257.5080, 2148.246
258.7220, 2286.722
259.9360, 2319.354
261.1490, 2450.137
262.3630, 2173.061
263.5760, 2015.118
264.7890, 1923.306
266.0020, 2023.614
267.2150, 1857.040
268.4270, 1912.557
269.6400, 1775.182
270.8520, 1806.910
272.0640, 1680.738
273.2760, 1683.664
274.4880, 1660.271
275.7000, 1566.787
276.9120, 1711.979
278.1230, 1690.253
279.3340, 1891.610
280.5450, 2032.044
281.7560, 2161.553
282.9670, 2263.132
284.1780, 2381.809
285.3880, 2654.554
286.5980, 2746.407
287.8090, 2800.334
289.0190, 2710.322
290.2290, 2817.370
291.4380, 2852.476
292.6480, 2737.638
293.8570, 2794.855
295.0670, 2767.069
296.2760, 2693.643
297.4850, 2608.393
298.6930, 2397.816
299.9020, 2295.930
301.1110, 2119.473
302.3190, 1874.316
303.5270, 1742.093
304.7350, 1543.342
305.9430, 1440.596
307.1510, 1017.970
308.3580, 1051.283
309.5660, 842.2246
310.7730, 813.0381
311.9800, 729.0820
313.1870, 652.5527
314.3940, 718.3086
315.6010, 625.4756
316.8070, 743.6768
318.0130, 867.9111
319.2200, 981.1768
320.4260, 1029.471
321.6310, 1092.793
322.8370, 1264.143
324.0430, 1314.521
325.2480, 1496.925
326.4540, 1747.357
327.6590, 1642.815
328.8640, 1769.300
330.0680, 1546.811
331.2730, 1437.348
332.4780, 1392.908
333.6820, 1367.494
334.8860, 1017.105
336.0900, 971.7393
337.2940, 779.3965
338.4980, 629.0771
339.7010, 535.7803
340.9050, 489.5049
342.1080, 450.2520
343.3110, 427.3955
344.5140, 422.8086
345.7170, 445.6172
346.9200, 497.4424
348.1220, 557.0176
349.3240, 440.1494
350.5270, 660.0303
351.7290, 642.9258
352.9310, 661.8398
354.1320, 874.7715
355.3340, 963.7188
356.5350, 1163.682
357.7370, 1455.661
358.9380, 1548.655
360.1390, 1942.665
361.3400, 2002.688
362.5400, 2341.727
363.7410, 2446.778
364.9410, 2704.845
366.1410, 2491.924
367.3410, 2333.016
368.5410, 2047.119
369.7410, 1825.236
370.9400, 1401.365
372.1400, 1147.505
373.3390, 883.6562
374.5380, 596.8193
375.7370, 447.9932
376.9360, 281.1768
378.1350, 231.3711
379.3330, 97.57520
380.5310, 103.7891
381.7300, 142.9873
382.9280, 187.7852
384.1260, 168.6934
385.3230, 35.63574
386.5210, 132.5557
387.7180, 52.50098
388.9160, 211.4072
390.1130, 246.3809
391.3100, 254.4404
392.5060, 125.5898
393.7030, 89.77344
394.9000, 114.9756
396.0960, 107.2100
397.2920, 63.52637
398.4880, 20.28418
399.6840, 74.06348
400.8800, 223.8643
402.0750, 207.6826
403.2710, 267.5234
404.4660, 423.3809
405.6610, 548.2559
406.8560, 927.1484
408.0510, 993.0557
409.2450, 1177.980
410.4400, 1619.920
411.6340, 1680.873
412.8280, 1946.842
414.0220, 2220.866
415.2160, 2408.859
416.4100, 2774.161
417.6030, 2646.178
418.7970, 2771.207
419.9900, 2514.464
421.1830, 2387.513
422.3760, 2217.348
423.5690, 1898.498
424.7610, 1660.575
425.9540, 1433.661
427.1460, 1276.124
428.3380, 1088.357
429.5300, 942.6982
430.7220, 689.8672
431.9140, 656.9834
433.1050, 330.1055
434.2970, 344.2314
435.4880, 286.3613
436.6790, 365.4941
437.8700, 171.6309
439.0610, 190.0869
440.2510, 174.2520
441.4420, 46.36621
442.6320, 25.36035
443.8220, 112.0645
445.0120, 49.40527
446.2020, 8.409180
447.3910, 120.8643
448.5810, 23.31836
449.7700, 22.53711
450.9600, 28.62988
452.1490, 234.0557
453.3370, 24.80371
454.5260, 146.6855
455.7150, 128.8096
456.9030, 255.9219
458.0910, 173.1445
459.2800, 385.6494
460.4670, 448.3311
461.6550, 436.5996
462.8430, 544.4512
464.0300, 435.2979
465.2180, 383.1396
466.4050, 449.9727
467.5920, 408.8008
468.7790, 431.6240
469.9650, 506.4414
471.1520, 466.2510
472.3380, 506.0537
473.5250, 562.8506
474.7110, 486.6416
475.8970, 582.4277
477.0820, 652.2080
478.2680, 720.9814
479.4540, 759.7500
480.6390, 847.5098
481.8240, 1014.266
483.0090, 1115.014
484.1940, 1297.751
485.3780, 1381.480
486.5630, 1577.219
487.7470, 1722.957
488.9320, 2101.686
490.1160, 2319.428
491.3000, 2568.162
492.4830, 2596.904
493.6670, 2441.683
494.8500, 2139.489
496.0340, 2077.305
497.2170, 1846.126
498.4000, 1567.950
499.5820, 1555.777
500.7650, 1340.606
501.9480, 1277.426
503.1300, 1064.234
504.3120, 1093.031
505.4940, 1112.814
506.6760, 1050.586
507.8580, 1085.348
509.0390, 944.1084
510.2210, 957.8623
511.4020, 789.6035
512.5830, 849.3496
513.7640, 806.0840
514.9450, 663.8184
516.1250, 673.5693
517.3060, 681.3076
518.4860, 688.0449
519.6660, 882.8135
520.8460, 958.5684
522.0260, 1033.308
523.2060, 893.0547
524.3850, 1101.621
525.5650, 1092.664
526.7440, 871.6650
527.9230, 877.3799
529.1020, 680.2012
530.2810, 684.8730
531.4590, 420.2500
532.6380, 390.5586
533.8160, 390.3066
534.9940, 343.1387
536.1720, 326.8086
537.3500, 253.0996
538.5270, 204.7490
539.7050, 267.3291
540.8820, 217.8662
542.0590, 267.4287
543.2360, 281.9873
544.4130, 249.5303
545.5900, 248.9600
546.7660, 238.5752
547.9430, 184.0938
549.1190, 184.5977
550.2950, 151.0850
551.4710, 260.5576
552.6470, 141.0127
553.8220, 201.4512
554.9980, 100.8740
556.1730, 298.2793
557.3480, 82.67578
558.5230, 198.0518
559.6980, 147.4170
560.8730, 90.76367
562.0470, 194.0908
563.2220, 61.39844
564.3960, 104.6816
565.5700, 126.9443
566.7440, 136.1875
567.9170, 49.58789
569.0910, 104.5605
570.2640, 110.3115
571.4380, 24.70898
572.6110, 126.6904
573.7840, 167.6504
574.9570, 175.3721
576.1290, 190.6133
577.3020, 166.7744
578.4740, 144.2949
579.6460, 97.15430
580.8180, 60.98926
581.9900, 31.79492
583.1620, 114.2051
584.3330, 21.32129
585.5040, 94.97852
586.6760, 67.40625
587.8470, 33.87695
589.0180, 90.89062
590.1880, 38.91699
591.3590, 51.16211
592.5290, 25.19141
593.7000, 46.16895
594.8700, 46.61133
596.0400, 5.148438
597.2090, 39.03906
598.3790, 78.19531
599.5490, 62.91602
600.7180, 55.42969
601.8870, 74.50586
603.0560, 150.5557
604.2250, 155.5840
605.3940, 177.5918
606.5620, 179.5781
607.7300, 252.5439
608.8990, 248.9941
610.0670, 261.2656
611.2350, 320.0459
612.4020, 256.0381
613.5700, 194.1553
614.7370, 177.4512
615.9050, 223.1035
617.0720, 295.1191
618.2390, 398.5078
619.4060, 381.1602
620.5720, 437.2344
621.7390, 510.6201
622.9050, 485.4961
624.0710, 486.3398
625.2370, 542.2080
626.4030, 609.8916
627.5690, 656.9951
628.7340, 813.6260
629.9000, 774.8057
631.0650, 937.6631
632.2300, 969.5068
633.3950, 1071.154
634.5600, 1145.447
635.7240, 1225.882
636.8890, 1420.970
638.0530, 1542.711
639.2170, 1536.312
640.3810, 1769.953
641.5450, 1939.959
642.7080, 2171.457
643.8720, 2429.907
645.0350, 2678.262
646.1980, 2960.011
647.3610, 3286.737
648.5240, 3712.911
649.6870, 4209.096
650.8490, 4784.545
652.0120, 5403.617
653.1740, 6233.404
654.3360, 7371.590
655.4980, 8718.854
656.6600, 10588.33
657.8210, 13087.21
658.9830, 15884.99
660.1440, 19414.21
661.3050, 23419.06
662.4660, 28147.29
663.6270, 33451.22
664.7870, 38098.32
665.9480, 41609.36
667.1080, 43334.98
668.2680, 41816.90
669.4280, 38185.67
670.5880, 33605.02
671.7480, 27897.86
672.9070, 22964.65
674.0670, 18393.60
675.2260, 14886.42
676.3850, 12008.60
677.5440, 9693.419
678.7030, 8169.416
679.8610, 7020.477
681.0200, 6159.230
682.1780, 5230.912
683.3360, 4711.783
684.4940, 4296.578
685.6520, 3869.521
686.8090, 3650.340
687.9670, 3438.078
689.1240, 3114.620
690.2810, 3003.132
691.4380, 3037.723
692.5950, 3160.174
693.7520, 3174.709
694.9080, 3232.194
696.0650, 3484.308
697.2210, 4221.340
698.3770, 4387.803
699.5330, 4729.151
700.6880, 5028.172
701.8440, 5335.381
702.9990, 5192.783
704.1550, 5100.848
705.3100, 4720.965
706.4650, 4168.054
707.6190, 3543.741
708.7740, 3270.635
709.9290, 2782.400
711.0830, 2328.313
712.2370, 2211.256
713.3910, 2189.170
714.5450, 2021.054
715.6980, 1963.910
716.8520, 1950.738
718.0050, 1863.538
719.1580, 1945.992
720.3110, 1778.718
721.4640, 1702.468
722.6170, 1536.030
723.7700, 1311.398
724.9220, 1045.633
726.0740, 1064.534
727.2260, 805.4863
728.3780, 732.9131
729.5300, 671.2676
730.6810, 509.7129
731.8330, 517.7900
732.9840, 317.5166
734.1350, 410.0742
735.2860, 308.3584
736.4370, 299.6250
737.5880, 332.7559
738.7380, 324.5742
739.8880, 370.1885
741.0390, 300.1836
742.1890, 386.5684
743.3380, 262.9287
744.4880, 176.2646
745.6380, 176.5781
746.7870, 73.86914
747.9360, 103.1318
749.0850, 168.3682
750.2340, 125.5840
751.3830, 96.77539
752.5310, 72.94043
753.6800, 44.85938
754.8280, 98.18848
755.9760, 57.27441
757.1240, 38.33105
758.2720, 163.3584
759.4190, 30.36426
760.5670, 98.33887
761.7140, 100.2900
762.8610, 90.21875
764.0080, 29.87598
765.1550, 4.029297
766.3020, 101.7744
767.4480, 56.44238
768.5950, 72.26855
769.7410, 37.04395
770.8870, 146.4141
772.0330, 109.9004
773.1780, 49.48438
774.3240, 29.13086
775.4690, 24.71094
776.6140, 23.58203
777.7590, 25.38184
778.9040, 26.76953
780.0490, 70.89453
781.1940, 88.00000
782.3380, 74.79492
783.4820, 31.14844
784.6260, 29.18945
785.7700, 20.79199
786.9140, 0.8183590
788.0580, 43.12402
789.2010, 43.95312
790.3450, 8.914063
791.4880, 32.24316
792.6310, 98.44727
793.7730, 18.26953
794.9160, 31.03711
796.0590, 158.3857
797.2010, 29.15430
798.3430, 95.67578
799.4850, 73.81934
800.6270, 55.62207
801.7690, 26.04785
802.9100, 33.45410
804.0520, 20.15527
805.1930, 9.960938
806.3340, 85.52930
807.4750, 1.156250
808.6160, 62.13770
809.7560, 89.41406
810.8970, 14.32422
812.0370, 117.9111
813.1770, 51.86816
814.3170, 146.3076
815.4570, 26.46777
816.5960, 37.38770
817.7360, 89.72070
818.8750, 34.18457
820.0140, 19.87793
821.1530, 28.92480
822.2920, 1.562500
823.4310, 74.02637
824.5690, 13.93848
825.7070, 113.8896
826.8460, 156.8291
827.9840, 20.75586
829.1220, 146.6689
830.2590, 15.57129
831.3970, 7.459961
832.5340, 42.66113
833.6710, 243.1875
834.8080, 32.97266
835.9450, 12.84570
837.0820, 176.6523
838.2190, 77.45020
839.3550, 210.2383
840.4910, 217.0215
841.6270, 29.79590
842.7630, 126.5615
843.8990, 174.3184
845.0350, 54.09473
846.1700, 81.86328
847.3060, 128.6689
848.4410, 65.47656
849.5760, 103.2773
850.7100, 116.0693
851.8450, 80.85449
852.9800, 91.63281
854.1140, 222.4053
855.2480, 204.1699
856.3820, 101.9316
857.5160, 173.6904
858.6500, 113.4541
859.7830, 76.21191
860.9170, 153.9766
862.0500, 237.7764
863.1830, 162.5742
864.3160, 197.3750
865.4480, 332.1729
866.5810, 108.9717
867.7130, 297.7939
868.8460, 100.6406
869.9780, 255.5088
871.1100, 236.3799
872.2410, 276.2598
873.3730, 244.1436
874.5050, 261.0508
875.6360, 349.9561
876.7670, 308.8721
877.8980, 412.7930
879.0290, 395.7178
880.1590, 350.6553
881.2900, 413.5898
882.4200, 485.5225
883.5500, 373.9463
884.6800, 459.6465
885.8100, 513.5752
886.9400, 717.3906
888.0690, 731.0557
889.1990, 890.5410
890.3280, 999.6465
891.4570, 1275.382
892.5860, 1288.724
893.7140, 1785.800
894.8430, 1927.781
895.9710, 2195.732
897.1000, 2369.516
898.2280, 2397.341
899.3560, 2308.118
900.4830, 2314.062
901.6110, 2236.676
902.7380, 1875.544
903.8660, 1732.941
904.9930, 1483.640
906.1200, 1359.332
907.2460, 1026.198
908.3730, 1108.414
909.5000, 843.4668
910.6260, 1057.846
911.7520, 837.5508
912.8780, 932.3770
914.0040, 863.1641
915.1290, 808.5713
916.2550, 733.4668
917.3800, 706.4492
918.5050, 795.3896
919.6300, 663.9746
920.7550, 822.5645
921.8800, 657.0176
923.0040, 681.7812
924.1290, 655.5918
925.2530, 847.7607
926.3770, 687.1973
927.5010, 722.2451
928.6250, 793.1963
929.7480, 780.9131
930.8720, 811.2197
931.9950, 479.6367
933.1180, 817.5967
934.2410, 724.9336
935.3640, 724.8701
936.4860, 966.0801
937.6090, 739.1377
938.7310, 843.2861
939.8530, 1003.867
940.9750, 975.1562
942.0970, 1122.594
943.2180, 1120.457
944.3400, 1218.851
945.4610, 1372.344
946.5820, 1414.728
947.7030, 1454.258
948.8240, 1854.438
949.9450, 1932.996
951.0650, 2196.385
952.1860, 2460.695
953.3060, 2734.302
954.4260, 3066.970
955.5460, 3218.443
956.6650, 3804.980
957.7850, 4249.367
958.9040, 4498.864
960.0230, 5242.430
961.1420, 5793.189
962.2610, 6441.965
963.3800, 7154.645
964.4990, 7598.453
965.6170, 8227.160
966.7350, 8929.862
967.8530, 9602.970
968.9710, 10375.84
970.0890, 11245.57
971.2070, 11526.40
972.3240, 12223.35
973.4410, 13011.32
974.5580, 13430.31
975.6750, 13750.31
976.7920, 13556.34
977.9090, 13921.40
979.0250, 13398.47
980.1410, 13164.57
981.2580, 12202.68
982.3740, 11423.81
983.4890, 10567.95
984.6050, 9700.121
985.7200, 8886.307
986.8360, 8249.517
987.9510, 7722.743
989.0660, 7383.988
990.1810, 6999.246
991.2950, 6862.525
992.4100, 6649.051
993.5240, 6312.141
994.6390, 6493.477
995.7530, 6360.833
996.8660, 6442.416
997.9800, 6310.596
999.0940, 6459.012
1000.207, 6335.449
1001.320, 6200.902
1002.433, 6067.436
1003.546, 5858.924
1004.659, 6152.428
1005.772, 6188.948
1006.884, 6376.500
1007.996, 6795.501
1009.108, 7289.102
1010.220, 7882.613
1011.332, 8962.159
1012.444, 9747.249
1013.555, 10935.00
1014.666, 12534.68
1015.777, 14106.38
1016.888, 15550.09
1017.999, 16352.83
1019.110, 17176.57
1020.220, 17128.35
1021.331, 16695.13
1022.441, 15316.48
1023.551, 13854.30
1024.661, 12238.62
1025.770, 10486.48
1026.880, 8971.968
1027.989, 7509.867
1029.098, 6526.779
1030.207, 5598.712
1031.316, 4946.906
1032.425, 4399.870
1033.533, 3849.850
1034.642, 3652.186
1035.750, 3130.224
1036.858, 2898.361
1037.966, 2489.451
1039.073, 2276.557
1040.181, 2214.711
1041.288, 2186.918
1042.396, 1979.172
1043.503, 1724.464
1044.610, 1655.785
1045.716, 1553.136
1046.823, 1537.484
1047.929, 1438.490
1049.036, 1393.915
1050.142, 1379.354
1051.248, 1313.848
1052.353, 1251.469
1053.459, 1237.973
1054.564, 1152.476
1055.670, 1023.003
1056.775, 928.6816
1057.880, 1061.242
1058.985, 1083.930
1060.089, 969.9316
1061.194, 1104.566
1062.298, 1086.244
1063.402, 834.1406
1064.506, 915.3574
1065.610, 1000.279
1066.713, 892.7305
1067.817, 833.5527
1068.920, 812.3887
1070.023, 804.2363
1071.126, 543.0957
1072.229, 895.9668
1073.332, 659.8555
1074.435, 795.8623
1075.537, 647.8945
1076.639, 732.1963
1077.741, 604.3193
1078.843, 463.5400
1079.945, 469.9971
1081.046, 529.1895
1082.148, 468.4463
1083.249, 432.7129
1084.350, 452.9053
1085.451, 494.2314
1086.551, 501.4727
1087.652, 425.0059
1088.752, 289.2275
1089.853, 440.5898
1090.953, 254.1162
1092.053, 509.4023
1093.152, 380.3242
1094.252, 274.4600
1095.351, 392.5879
1096.451, 258.8125
1097.550, 152.0449
1098.649, 254.3984
1099.748, 98.77734
1100.846, 319.9629
1101.945, 238.5293
1103.043, 296.7129
1104.141, 191.8623
1105.239, 164.3662
1106.337, 139.5645
1107.434, 204.7666
1108.532, 43.67969
1109.629, 43.14258
1110.726, 95.41113
1111.823, 13.92480
1112.920, 127.8877
1114.017, 60.32910
1115.113, 8.553711
1116.210, 205.0684
1117.306, 35.29883
1118.402, 278.1514
1119.498, 240.3867
1120.593, 524.6230
1121.689, 377.8604
1122.784, 456.0977
1123.879, 667.3379
1124.974, 594.2705
1126.069, 472.5127
1127.164, 442.8613
1128.259, 309.4082
1129.353, 240.8564
1130.447, 167.1396
1131.541, 103.8994
1132.635, 65.53320
1133.729, 59.52051
1134.822, 25.70312
1135.916, 56.01758
1137.009, 91.44727
1138.102, 30.36230
1139.195, 112.4199
1140.288, 124.0771
1141.380, 49.75781
1142.473, 28.61133
1143.565, 39.37109
1144.657, 69.25391
1145.749, 118.8320
1146.841, 70.91602
1147.932, 134.4824
1149.024, 9.875000
1150.115, 118.9492
1151.206, 194.5371
1152.297, 17.81445
1153.388, 85.92578
1154.479, 164.6602
1155.569, 67.32422
1156.659, 31.03320
1157.750, 83.99414
1158.839, 90.93359
1159.929, 152.8555
1161.019, 189.1484
1162.108, 106.9414
1163.198, 169.0918
1164.287, 129.9355
1165.376, 58.22266
1166.465, 61.58203
1167.553, 8.396484
1168.642, 105.2090
1169.730, 94.01562
1170.818, 31.44922
1171.906, 48.75781
1172.994, 73.00000
1174.082, 161.7617
1175.170, 44.69922
1176.257, 66.44141
1177.344, 76.60352
1178.431, 3.851563
1179.518, 58.82422
1180.605, 98.61328
1181.691, 42.54102
1182.778, 18.31836
1183.864, 51.95703
1184.950, 115.5898
1186.036, 186.2441
1187.122, 29.88086
1188.207, 137.5254
1189.292, 42.19531
1190.378, 91.20117
1191.463, 140.3418
1192.548, 70.87109
1193.632, 22.38672
1194.717, 138.1094
1195.801, 39.30078
1196.886, 28.01562
1197.970, 72.34375
1199.054, 148.5508
1200.137, 133.8887
1201.221, 163.0703
1202.305, 133.2715
1203.388, 100.8691
1204.471, 63.17383
1205.554, 60.98242
1206.637, 18.25977
1207.719, 47.97852
1208.802, 28.24219
1209.884, 2.585938
1210.966, 43.59375
1212.048, 35.33203
1213.130, 36.73242
1214.212, 58.04297
1215.293, 32.30078
1216.374, 5.402344
1217.456, 14.52344
1218.536, 69.51172
1219.617, 26.46484
1220.698, 25.79492
1221.778, 68.75391
1222.859, 17.30273
1223.939, 110.5977
1225.019, 157.4844
1226.099, 95.35547
1227.178, 96.20898
1228.258, 70.04492
1229.337, 66.86328
1230.417, 117.6660
1231.496, 37.44922
1232.574, 282.2148
1233.653, 63.03320
1234.732, 52.64844
1235.810, 193.3105
1236.888, 131.9590
1237.966, 29.58984
1239.044, 33.80664
1240.122, 119.7480
1241.199, 130.2832
1242.277, 129.8008
1243.354, 84.30078
1244.431, 213.7812
1245.508, 18.24805
1246.585, 221.6855
1247.661, 12.10156
1248.738, 183.4883
1249.814, 297.8574
1250.890, 194.2148
1251.966, 198.5566
1253.042, 233.3223
1254.117, 13.19336
1255.193, 252.4727
1256.268, 123.7305
1257.343, 77.97070
1258.418, 102.1895
1259.493, 8.388672
1260.567, 52.55078
1261.642, 139.6914
1262.716, 146.8105
1263.790, 178.8535
1264.864, 132.9395
1265.938, 106.0039
1267.011, 1.951172
1268.085, 206.0527
1269.158, 30.39844
1270.231, 159.5312
1271.304, 221.5508
1272.377, 127.6543
1273.450, 190.0898
1274.522, 187.8633
1275.594, 174.6992
1276.666, 42.51953
1277.738, 109.6406
1278.810, 219.4180
1279.882, 51.17969
1280.953, 104.9160
1282.025, 109.6348
1283.096, 44.79492
1284.167, 190.4688
1285.238, 62.65430
1286.308, 247.2891
1287.379, 234.2891
1288.449, 229.8867
1289.519, 61.46484
1290.589, 274.0215
1291.659, 102.4180
1292.729, 258.9355
1293.798, 248.6465
1294.868, 239.1465
1295.937, 174.9727
1297.006, 204.0723
1298.075, 211.5020
1299.143, 35.92383
1300.212, 288.3125
1301.280, 358.6953
1302.348, 149.6035
1303.416, 105.9492
1304.484, 192.2773
1305.552, 99.58398
1306.620, 134.3477
1307.687, 291.9961
1308.754, 121.7793
1309.821, 87.00586
1310.888, 13.16992
1311.955, 210.5762
1313.021, 178.1289
1314.088, 155.8125
1315.154, 158.0859
1316.220, 154.0527
1317.286, 146.0898
1318.352, 159.8281
1319.417, 158.7754
1320.483, 223.7871
1321.548, 286.7715
1322.613, 287.5371
1323.678, 284.9922
1324.743, 79.78320
1325.807, 232.0352
1326.872, 16.03906
1327.936, 268.0840
1329.000, 295.9531
1330.064, 135.8105
1331.128, 148.6738
1332.191, 312.9961
1333.255, 227.7617
1334.318, 284.4355
1335.381, 317.9316
1336.444, 170.5098
1337.507, 208.2305
1338.569, 377.5176
1339.632, 295.0801
1340.694, 152.5215
1341.756, 293.1270
1342.818, 118.6211
1343.880, 241.9883
1344.941, 251.4355
1346.003, 211.9004
1347.064, 265.0352
1348.125, 81.35352
1349.186, 214.5039
1350.247, 472.9043
1351.308, 309.6641
1352.368, 343.2012
1353.428, 405.7578
1354.489, 449.1973
1355.549, 474.7383
1356.608, 522.6230
1357.668, 505.1758
1358.727, 552.8516
1359.787, 534.9238
1360.846, 457.5723
1361.905, 456.0996
1362.964, 487.2148
1364.022, 375.6250
1365.081, 521.0254
1366.139, 484.7070
1367.197, 581.8320
1368.255, 577.2090
1369.313, 536.5469
1370.371, 675.8672
1371.428, 664.1777
1372.486, 518.4727
1373.543, 374.4551
1374.600, 517.7129
1375.657, 545.3281
1376.713, 619.5527
1377.770, 656.7930
1378.826, 632.1641
1379.882, 443.3301
1380.938, 602.6289
1381.994, 470.0293
1383.050, 516.1074
1384.106, 376.1172
1385.161, 317.8672
1386.216, 532.7012
1387.271, 454.0508
1388.326, 488.5488
1389.381, 452.4902
1390.435, 174.8633
1391.490, 439.8145
1392.544, 205.6562
1393.598, 440.7969
1394.652, 256.0098
1395.705, 512.1855
1396.759, 267.0234
1397.812, 416.3770
1398.866, 107.3770
1399.919, 287.1465
1400.972, 158.0195
1402.024, 320.8945
1403.077, 404.7578
1404.129, 57.14258
1405.181, 288.2207
1406.233, 255.6680
1407.285, 308.9570
1408.337, 292.0371
1409.389, 339.6191
1410.440, 150.8320
1411.491, 309.6035
1412.542, 184.9980
1413.593, 151.7246
1414.644, 183.4395
1415.695, 143.1406
1416.745, 220.4551
1417.795, 111.1230
1418.845, 147.6270
1419.895, 85.28906
1420.945, 53.91797
1421.995, 41.11914
1423.044, 15.23047
1424.093, 178.6934
1425.142, 135.1660
1426.191, 341.7305
1427.240, 138.2246
1428.289, 11.24023
1429.337, 283.2109
1430.385, 171.4570
1431.433, 267.8770
1432.481, 20.94336
1433.529, 74.41406
1434.577, 30.78711
1435.624, 180.0508
1436.672, 176.2656
1437.719, 49.22656
1438.766, 46.53906
1439.812, 74.46289
1440.859, 102.5391
1441.905, 237.3770
1442.952, 45.10938
1443.998, 62.55859
1445.044, 62.97852
1446.090, 230.1641
1447.135, 153.1094
1448.181, 192.0762
1449.226, 160.8203
1450.271, 135.9785
1451.316, 158.9902
1452.361, 107.9336
1453.405, 98.86914
1454.450, 266.8008
1455.494, 215.7266
1456.538, 131.6504
1457.582, 57.43555
1458.626, 124.3047
1459.670, 199.2109
1460.713, 115.8086
1461.757, 318.7246
1462.800, 79.65625
1463.843, 127.5762
1464.886, 123.4805
1465.928, 269.3730
1466.971, 97.25586
1468.013, 154.1875
1469.055, 246.1055
1470.097, 202.0449
1471.139, 66.99609
1472.181, 21.93359
1473.222, 165.8730
1474.263, 197.8164
1475.305, 179.7520
1476.346, 264.6680
1477.386, 208.5684
1478.427, 138.4746
1479.468, 338.3789
1480.508, 180.3027
1481.548, 163.2266
1482.588, 293.1445
1483.628, 92.07227
1484.668, 322.0391
1485.707, 97.85352
1486.747, 133.8398
1487.786, 212.8223
1488.825, 322.3184
1489.864, 154.2969
1490.902, 289.2773
1491.941, 169.2695
1492.979, 132.2676
1494.017, 205.2754
1495.055, 320.1211
1496.093, 102.7930
1497.131, 263.6211
1498.168, 198.6074
1499.206, 191.4668
1500.243, 196.6289
1501.280, 158.4590
1502.317, 14.58203
1503.354, 96.74609
1504.390, 293.5293
1505.426, 0.8593750
1506.463, 172.7695
1507.499, 152.6035
1508.535, 122.0352
1509.570, 274.7227
1510.606, 279.4180
1511.641, 55.11133
1512.676, 163.2012
1513.711, 331.8633
1514.746, 37.59180
1515.781, 315.9160
1516.816, 243.1328
1517.850, 41.85547
1518.884, 181.0684
1519.918, 63.97852
1520.952, 69.27734
1521.986, 38.07617
1523.019, 103.2539
1524.053, 146.1133
1525.086, 190.4434
1526.119, 245.4980
1527.152, 167.5039
1528.185, 93.83008
1529.217, 43.98438
1530.250, 23.78320
1531.282, 198.5430
1532.314, 36.00000
1533.346, 232.5898
1534.377, 294.5254
1535.409, 239.2051
1536.440, 235.8906
1537.472, 270.6504
1538.503, 198.5352
1539.534, 335.1680
1540.564, 308.5430
1541.595, 333.2754
1542.625, 143.9277
1543.656, 285.5449
1544.686, 80.08203
1545.716, 95.12305
1546.745, 57.76172
1547.775, 51.26562
1548.804, 7.251953
1549.834, 23.78125
1550.863, 378.5117
1551.892, 111.5879
1552.920, 408.5645
1553.949, 378.3340
1554.977, 269.5332
1556.006, 262.6738
1557.034, 121.7070
1558.062, 164.9102
1559.089, 118.1211
1560.117, 72.68164
1561.144, 109.0566
1562.172, 3.449219
1563.199, 114.1172
1564.226, 68.82617
1565.252, 374.8906
1566.279, 119.6699
1567.305, 179.7891
1568.332, 17.03320
1569.358, 19.55859
1570.384, 0.0000000E+00
##END=



