##NAMES=Strontianite
##RRUFFID=R040037
##IDEAL CHEMISTRY=SrCO_3_
##LOCALITY=Alston Moor, Cumbria, England
##OWNER=RRUFF
##SOURCE=University of Arizona Mineral Museum
##DESCRIPTION=Group of tan colored crystals
##STATUS=The identification of this mineral has been confirmed by X-ray diffraction and chemical analysis
##URL=rruff.info/R040037
##MEASURED CHEMISTRY=(Sr_0.91_Ca_0.09_)_Σ=1_CO_3_; CO_2_ estimated by difference
##PIN_ID=L00091
##ORIENTATION=Laser parallel to -b* (0 -1 0). Fiducial mark perpendicular to laser is parallel to -c [0 0 -1]
87.798, 0.000
89.193, 4.655
90.587, 0.583
91.981, 35.400
93.375, 26.121
94.768, 89.038
96.161, 157.292
97.554, 313.014
98.947, 489.908
100.340, 648.031
101.732, 786.672
103.124, 766.292
104.516, 718.471
105.908, 518.872
107.300, 479.218
108.691, 496.276
110.082, 516.851
111.473, 568.771
112.864, 779.891
114.254, 804.091
115.644, 768.283
117.034, 652.388
118.424, 532.335
119.813, 513.063
121.203, 393.508
122.592, 380.612
123.981, 501.319
125.369, 448.579
126.758, 516.352
128.146, 539.603
129.534, 703.297
130.922, 743.390
132.309, 869.839
133.696, 890.614
135.083, 1206.688
136.470, 1235.041
137.857, 1577.663
139.243, 1861.558
140.630, 2456.832
142.016, 2957.398
143.401, 3698.218
144.787, 4579.362
146.172, 5549.743
147.557, 6284.366
148.942, 6191.287
150.327, 5501.420
151.711, 4439.684
153.096, 3550.188
154.480, 2836.831
155.863, 2336.581
157.247, 2105.439
158.630, 1901.429
160.013, 1846.512
161.396, 1706.688
162.779, 1657.956
164.161, 1484.340
165.544, 1596.869
166.926, 1539.508
168.308, 1824.245
169.689, 1984.047
171.070, 2508.864
172.452, 2981.622
173.833, 3526.334
175.213, 4300.029
176.594, 4958.717
177.974, 6012.408
179.354, 6820.120
180.734, 7321.852
182.114, 7533.610
183.493, 7210.396
184.872, 6022.231
186.251, 4736.119
187.630, 3496.632
189.008, 2638.152
190.387, 1955.144
191.765, 1423.528
193.143, 1083.833
194.520, 848.891
195.898, 750.989
197.275, 649.062
198.652, 571.200
200.029, 419.693
201.405, 406.615
202.782, 323.842
204.158, 318.994
205.534, 247.526
206.909, 185.321
208.285, 188.114
209.660, 160.448
211.035, 162.221
212.410, 172.403
213.784, 148.776
215.159, 120.190
216.533, 172.478
217.907, 154.285
219.281, 140.514
220.654, 95.019
222.027, 127.310
223.400, 116.872
224.773, 115.480
226.146, 116.026
227.518, 205.768
228.891, 175.701
230.263, 217.400
231.634, 333.251
233.006, 388.312
234.377, 535.064
235.748, 699.840
237.119, 761.686
238.490, 855.633
239.860, 921.329
241.231, 972.435
242.601, 1021.302
243.970, 1094.406
245.340, 1165.229
246.709, 1098.809
248.079, 1137.062
249.448, 936.081
250.816, 809.938
252.185, 685.196
253.553, 630.017
254.921, 479.838
256.289, 500.659
257.657, 434.843
259.024, 427.870
260.391, 488.128
261.758, 400.178
263.125, 360.441
264.492, 380.893
265.858, 249.515
267.224, 271.577
268.590, 97.713
269.956, 152.746
271.321, 159.893
272.687, 106.143
274.052, 77.489
275.416, 79.925
276.781, 51.442
278.146, 20.037
279.510, 24.704
280.874, 27.466
282.237, 13.054
283.601, 13.125
284.964, 21.955
286.327, 39.014
287.690, 20.844
289.053, 75.220
290.416, 35.326
291.778, 29.473
293.140, 6.657
294.502, 86.123
295.863, 16.672
297.225, 53.056
298.586, 0.241
299.947, 3.565
301.308, 80.082
302.668, 21.287
304.029, 28.679
305.389, 30.095
306.749, 27.468
308.108, 78.957
309.468, 11.547
310.827, 75.989
312.186, 35.456
313.545, 7.911
314.903, 31.646
316.262, 25.367
317.620, 12.629
318.978, 40.781
320.336, 20.279
321.693, 7.111
323.051, 26.661
324.408, 94.711
325.765, 66.279
327.121, 31.093
328.478, 77.463
329.834, 13.840
331.190, 25.922
332.546, 9.445
333.902, 30.193
335.257, 34.417
336.612, 10.751
337.967, 22.095
339.322, 14.753
340.677, 50.595
342.031, 79.735
343.385, 13.656
344.739, 25.681
346.093, 11.019
347.446, 49.144
348.799, 9.186
350.153, 30.486
351.505, 83.159
352.858, 45.832
354.210, 7.491
355.563, 22.364
356.915, 13.015
358.267, 60.791
359.618, 24.371
360.969, 18.987
362.321, 3.646
363.672, 9.781
365.022, 67.867
366.373, 7.471
367.723, 40.067
369.073, 29.663
370.423, 19.235
371.773, 8.198
373.122, 79.343
374.471, 69.882
375.821, 9.414
377.169, 87.945
378.518, 73.476
379.866, 74.986
381.215, 97.170
382.563, 91.665
383.910, 20.737
385.258, 72.813
386.605, 76.302
387.952, 35.020
389.299, 23.439
390.646, 23.125
391.992, 63.314
393.339, 11.751
394.685, 11.179
396.031, 59.601
397.376, 20.979
398.722, 97.429
400.067, 82.826
401.412, 10.563
402.757, 68.808
404.101, 69.165
405.446, 3.484
406.790, 131.847
408.134, 28.359
409.478, 136.782
410.821, 79.089
412.165, 22.404
413.508, 130.720
414.851, 68.031
416.193, 8.641
417.536, 39.686
418.878, 82.860
420.220, 22.113
421.562, 24.472
422.904, 98.832
424.245, 102.198
425.586, 72.122
426.927, 98.122
428.268, 33.498
429.609, 36.871
430.949, 78.243
432.289, 133.616
433.629, 118.483
434.969, 140.363
436.309, 77.734
437.648, 144.103
438.987, 61.697
440.326, 85.157
441.665, 3.481
443.003, 84.236
444.342, 112.820
445.680, 68.140
447.018, 112.110
448.355, 51.433
449.693, 73.292
451.030, 147.604
452.367, 204.986
453.704, 67.286
455.041, 132.594
456.377, 34.145
457.713, 65.434
459.049, 118.256
460.385, 160.631
461.721, 142.916
463.056, 149.174
464.391, 104.036
465.726, 94.298
467.061, 71.552
468.395, 24.513
469.730, 136.742
471.064, 22.785
472.398, 136.323
473.731, 98.479
475.065, 74.501
476.398, 43.686
477.731, 43.499
479.064, 87.291
480.397, 41.088
481.729, 81.367
483.062, 58.293
484.394, 118.410
485.725, 43.747
487.057, 99.844
488.389, 105.819
489.720, 90.654
491.051, 54.292
492.382, 84.354
493.712, 128.969
495.043, 4.024
496.373, 7.646
497.703, 29.786
499.032, 82.318
500.362, 53.302
501.691, 155.275
503.020, 2.460
504.349, 179.413
505.678, 96.144
507.007, 6.433
508.335, 69.764
509.663, 107.046
510.991, 126.991
512.319, 103.851
513.646, 165.824
514.973, 50.055
516.300, 133.938
517.627, 56.754
518.954, 16.442
520.280, 132.324
521.607, 124.786
522.933, 128.333
524.259, 115.083
525.584, 105.805
526.910, 186.296
528.235, 155.998
529.560, 183.688
530.885, 175.117
532.209, 112.118
533.534, 132.776
534.858, 123.424
536.182, 106.771
537.506, 152.397
538.829, 133.020
540.152, 30.632
541.476, 131.228
542.799, 60.812
544.121, 62.525
545.444, 72.085
546.766, 53.634
548.088, 77.459
549.410, 18.903
550.732, 91.277
552.053, 80.771
553.375, 112.783
554.696, 74.739
556.017, 126.201
557.337, 153.488
558.658, 88.928
559.978, 47.360
561.298, 151.094
562.618, 70.500
563.938, 76.894
565.257, 66.900
566.576, 47.273
567.895, 53.499
569.214, 115.809
570.533, 64.146
571.851, 102.189
573.170, 136.662
574.488, 80.966
575.805, 69.784
577.123, 21.013
578.440, 20.223
579.758, 104.964
581.075, 86.746
582.391, 136.968
583.708, 32.178
585.024, 29.371
586.341, 104.547
587.657, 125.422
588.972, 156.446
590.288, 140.881
591.603, 158.935
592.918, 143.671
594.233, 136.458
595.548, 118.551
596.863, 49.012
598.177, 57.164
599.491, 121.345
600.805, 39.624
602.119, 8.650
603.432, 15.721
604.746, 101.704
606.059, 134.788
607.372, 18.625
608.685, 168.580
609.997, 58.772
611.309, 109.691
612.621, 110.103
613.933, 107.998
615.245, 137.337
616.557, 200.233
617.868, 59.110
619.179, 125.958
620.490, 54.809
621.801, 114.658
623.111, 76.495
624.421, 219.513
625.731, 57.675
627.041, 183.278
628.351, 66.331
629.660, 36.980
630.970, 94.739
632.279, 76.263
633.588, 109.945
634.896, 101.220
636.205, 126.958
637.513, 76.607
638.821, 11.828
640.129, 162.539
641.437, 181.050
642.744, 53.741
644.051, 116.816
645.358, 108.515
646.665, 133.097
647.972, 69.885
649.278, 128.326
650.584, 20.065
651.890, 172.612
653.196, 91.444
654.502, 61.792
655.807, 33.615
657.113, 131.114
658.418, 136.653
659.722, 141.128
661.027, 78.875
662.331, 73.453
663.636, 161.031
664.940, 35.184
666.244, 137.623
667.547, 65.267
668.851, 116.754
670.154, 59.161
671.457, 81.667
672.760, 69.865
674.062, 132.369
675.365, 118.137
676.667, 111.037
677.969, 100.386
679.271, 58.859
680.572, 9.194
681.874, 144.515
683.175, 161.936
684.476, 109.408
685.777, 150.792
687.077, 66.072
688.378, 299.341
689.678, 194.830
690.978, 354.083
692.278, 347.551
693.577, 947.785
694.877, 1224.890
696.176, 1893.104
697.475, 2092.622
698.774, 2261.816
700.072, 2240.896
701.371, 1845.011
702.669, 1052.176
703.967, 673.246
705.265, 609.410
706.562, 348.582
707.860, 356.736
709.157, 524.972
710.454, 451.110
711.751, 491.242
713.047, 287.363
714.344, 178.568
715.640, 84.681
716.936, 137.769
718.232, 169.871
719.527, 104.962
720.823, 114.045
722.118, 152.139
723.413, 93.025
724.708, 136.983
726.002, 167.037
727.297, 50.930
728.591, 76.072
729.885, 225.064
731.179, 24.048
732.472, 107.185
733.766, 15.681
735.059, 131.369
736.352, 99.399
737.645, 151.333
738.937, 124.258
740.230, 122.667
741.522, 106.526
742.814, 95.812
744.106, 59.704
745.397, 26.589
746.689, 34.465
747.980, 134.329
749.271, 193.186
750.562, 85.034
751.853, 17.875
753.143, 62.478
754.433, 52.204
755.723, 28.016
757.013, 155.452
758.303, 65.164
759.592, 166.972
760.881, 53.760
762.170, 113.540
763.459, 76.424
764.748, 24.402
766.036, 151.082
767.325, 46.169
768.613, 140.542
769.901, 142.247
771.188, 75.948
772.476, 97.643
773.763, 54.785
775.050, 131.860
776.337, 120.285
777.624, 119.916
778.910, 31.541
780.196, 127.158
781.482, 38.369
782.768, 9.976
784.054, 92.881
785.339, 64.436
786.625, 25.975
787.910, 144.748
789.195, 63.309
790.479, 4.135
791.764, 157.415
793.048, 57.950
794.332, 45.347
795.616, 53.878
796.900, 44.404
798.183, 12.290
799.467, 40.218
800.750, 81.718
802.033, 18.632
803.316, 97.186
804.598, 50.339
805.880, 118.184
807.163, 54.621
808.445, 21.938
809.726, 129.365
811.008, 68.257
812.289, 8.681
813.570, 103.102
814.851, 103.517
816.132, 36.918
817.413, 35.342
818.693, 15.555
819.973, 78.752
821.253, 11.158
822.533, 45.484
823.813, 90.877
825.092, 35.143
826.371, 111.420
827.650, 33.745
828.929, 142.123
830.208, 220.513
831.486, 102.911
832.764, 31.390
834.042, 81.847
835.320, 138.327
836.598, 34.748
837.875, 20.163
839.152, 38.602
840.429, 224.011
841.706, 103.346
842.983, 6.764
844.259, 112.179
845.536, 6.591
846.812, 60.997
848.088, 35.601
849.363, 117.781
850.639, 164.166
851.914, 75.550
853.189, 170.934
854.464, 179.314
855.739, 323.710
857.013, 34.101
858.288, 106.495
859.562, 107.891
860.836, 179.287
862.110, 37.680
863.383, 178.068
864.656, 71.454
865.930, 67.837
867.203, 39.216
868.475, 91.591
869.748, 10.960
871.020, 113.329
872.292, 152.694
873.564, 81.060
874.836, 55.435
876.108, 61.808
877.379, 135.177
878.650, 142.545
879.922, 192.909
881.192, 121.049
882.463, 179.370
883.733, 104.729
885.004, 17.699
886.274, 81.053
887.544, 108.461
888.813, 31.817
890.083, 102.172
891.352, 90.522
892.621, 217.873
893.890, 51.222
895.159, 113.572
896.427, 86.921
897.695, 140.166
898.964, 55.217
900.232, 65.331
901.499, 154.675
902.767, 107.015
904.034, 181.351
905.301, 143.304
906.568, 225.551
907.835, 129.753
909.102, 124.816
910.368, 17.144
911.634, 149.407
912.900, 138.739
914.166, 169.960
915.432, 181.290
916.697, 3.607
917.962, 240.675
919.227, 58.999
920.492, 182.813
921.757, 76.130
923.021, 223.444
924.285, 175.741
925.550, 148.049
926.813, 121.372
928.077, 104.676
929.341, 103.979
930.604, 175.281
931.867, 65.387
933.130, 157.684
934.393, 199.854
935.655, 9.140
936.918, 127.168
938.180, 111.472
939.442, 10.960
940.703, 192.277
941.965, 162.569
943.226, 148.387
944.488, 186.694
945.749, 214.956
947.009, 91.177
948.270, 71.425
949.530, 225.677
950.791, 223.129
952.051, 78.312
953.311, 13.604
954.570, 10.313
955.830, 58.967
957.089, 93.529
958.348, 106.808
959.607, 138.656
960.866, 64.587
962.124, 108.124
963.383, 55.591
964.641, 121.867
965.899, 132.139
967.156, 101.678
968.414, 36.995
969.671, 162.384
970.928, 41.943
972.185, 190.503
973.442, 69.691
974.699, 140.875
975.955, 175.128
977.211, 50.093
978.468, 59.395
979.723, 123.021
980.979, 68.623
982.234, 166.220
983.490, 35.808
984.745, 29.178
986.000, 241.794
987.254, 61.007
988.509, 158.249
989.763, 58.282
991.017, 199.262
992.271, 90.937
993.525, 167.934
994.779, 185.792
996.032, 196.217
997.285, 115.280
998.538, 123.817
999.791, 116.527
1001.044, 120.553
1002.296, 126.442
1003.548, 188.381
1004.800, 186.566
1006.052, 252.080
1007.304, 134.376
1008.555, 276.239
1009.807, 197.377
1011.058, 170.830
1012.309, 179.992
1013.559, 155.344
1014.810, 96.739
1016.060, 118.915
1017.310, 195.455
1018.560, 138.874
1019.810, 221.032
1021.060, 262.253
1022.309, 203.847
1023.558, 183.559
1024.807, 195.019
1026.056, 188.453
1027.305, 165.728
1028.553, 288.216
1029.801, 257.510
1031.049, 182.928
1032.297, 138.395
1033.545, 275.899
1034.793, 116.338
1036.040, 239.736
1037.287, 243.271
1038.534, 289.709
1039.781, 372.008
1041.027, 134.329
1042.274, 296.791
1043.520, 318.032
1044.766, 255.359
1046.012, 343.799
1047.257, 277.997
1048.503, 491.568
1049.748, 506.945
1050.993, 654.998
1052.238, 450.058
1053.483, 304.090
1054.727, 372.111
1055.971, 484.553
1057.216, 409.710
1058.459, 502.864
1059.703, 401.207
1060.947, 649.463
1062.190, 612.655
1063.433, 703.374
1064.676, 1067.299
1065.919, 1646.609
1067.162, 2739.602
1068.404, 4330.487
1069.646, 8576.356
1070.888, 20537.240
1072.130, 45962.105
1073.372, 54213.172
1074.613, 43611.059
1075.855, 16574.227
1077.096, 5743.293
1078.337, 2904.409
1079.578, 1526.666
1080.818, 1037.719
1082.059, 592.649
1083.299, 566.393
1084.539, 458.121
1085.779, 338.856
1087.018, 343.813
1088.258, 241.744
1089.497, 299.827
1090.736, 275.484
1091.975, 200.336
1093.213, 196.965
1094.452, 239.576
1095.690, 123.171
1096.928, 223.935
1098.166, 114.498
1099.404, 182.045
1100.642, 197.968
1101.879, 209.035
1103.116, 156.381
1104.353, 204.838
1105.590, 20.630
1106.827, 145.141
1108.063, 0.057
1109.299, 173.914
1110.536, 69.911
1111.771, 88.106
1113.007, 79.056
1114.243, 140.217
1115.478, 71.913
1116.713, 98.363
1117.948, 79.716
1119.183, 19.430
1120.418, 67.190
1121.652, 105.154
1122.886, 160.623
1124.120, 156.838
1125.354, 2.213
1126.588, 79.648
1127.821, 17.078
1129.055, 46.146
1130.288, 53.552
1131.521, 56.445
1132.753, 107.663
1133.986, 49.703
1135.218, 150.519
1136.450, 25.179
1137.682, 232.101
1138.914, 2.697
1140.146, 34.575
1141.377, 50.231
1142.609, 2.165
1143.840, 100.220
1145.071, 132.139
1146.301, 72.757
1147.532, 111.974
1148.762, 12.013
1149.992, 92.088
1151.222, 6.396
1152.452, 178.505
1153.682, 54.877
1154.911, 145.570
1156.140, 13.579
1157.369, 0.145
1158.598, 95.068
1159.827, 196.791
1161.055, 101.824
1162.284, 111.355
1163.512, 115.517
1164.740, 123.249
1165.967, 93.255
1167.195, 195.482
1168.422, 127.566
1169.650, 84.910
1170.877, 55.794
1172.103, 28.714
1173.330, 128.306
1174.557, 169.004
1175.783, 116.542
1177.009, 161.886
1178.235, 130.201
1179.461, 130.048
1180.686, 119.025
1181.912, 132.761
1183.137, 104.436
1184.362, 107.985
1185.587, 130.705
1186.811, 140.574
1188.036, 155.543
1189.260, 120.575
1190.484, 171.873
1191.708, 150.618
1192.932, 123.520
1194.155, 179.458
1195.378, 87.860
1196.602, 132.683
1197.825, 21.626
1199.047, 204.491
1200.270, 212.965
1201.492, 235.687
1202.715, 105.955
1203.937, 171.251
1205.159, 169.905
1206.380, 122.025
1207.602, 103.460
1208.823, 152.802
1210.044, 45.827
1211.265, 217.114
1212.486, 116.111
1213.707, 138.040
1214.927, 212.939
1216.147, 236.810
1217.367, 209.008
1218.587, 211.006
1219.807, 160.940
1221.027, 199.146
1222.246, 128.868
1223.465, 154.561
1224.684, 139.111
1225.903, 101.852
1227.121, 147.450
1228.340, 173.016
1229.558, 236.564
1230.776, 215.026
1231.994, 120.580
1233.212, 153.258
1234.429, 155.830
1235.646, 80.233
1236.864, 315.682
1238.081, 166.019
1239.297, 240.323
1240.514, 249.604
1241.730, 227.895
1242.947, 172.573
1244.163, 217.777
1245.378, 220.071
1246.594, 124.224
1247.810, 85.348
1249.025, 223.438
1250.240, 130.498
1251.455, 140.531
1252.670, 206.077
1253.885, 105.254
1255.099, 113.581
1256.313, 77.554
1257.527, 50.949
1258.741, 79.420
1259.955, 50.396
1261.168, 131.171
1262.382, 184.645
1263.595, 215.185
1264.808, 88.604
1266.021, 87.732
1267.233, 60.025
1268.446, 155.411
1269.658, 30.912
1270.870, 168.375
1272.082, 172.165
1273.294, 144.296
1274.505, 67.128
1275.716, 68.038
1276.928, 41.863
1278.139, 32.790
1279.349, 69.468
1280.560, 31.117
1281.770, 103.135
1282.981, 98.947
1284.191, 105.867
1285.401, 87.881
1286.610, 9.752
1287.820, 114.250
1289.029, 15.886
1290.239, 135.597
1291.448, 20.174
1292.656, 59.464
1293.865, 96.881
1295.073, 65.942
1296.282, 65.795
1297.490, 57.938
1298.698, 161.389
1299.906, 12.435
1301.113, 80.740
1302.320, 100.290
1303.528, 52.636
1304.735, 31.373
1305.942, 32.874
1307.148, 117.804
1308.355, 15.743
1309.561, 58.660
1310.767, 70.424
1311.973, 26.709
1313.179, 88.688
1314.384, 122.029
1315.590, 23.531
1316.795, 70.879
1318.000, 91.562
1319.205, 27.966
1320.410, 43.627
1321.614, 39.035
1322.819, 115.598
1324.023, 60.005
1325.227, 133.321
1326.431, 195.570
1327.634, 9.846
1328.838, 16.967
1330.041, 164.067
1331.244, 120.235
1332.447, 8.417
1333.650, 14.628
1334.852, 24.662
1336.055, 17.119
1337.257, 73.971
1338.459, 56.921
1339.661, 202.078
1340.862, 68.828
1342.064, 42.740
1343.265, 46.940
1344.466, 127.103
1345.667, 60.257
1346.868, 161.390
1348.068, 146.068
1349.269, 53.000
1350.469, 173.904
1351.669, 89.587
1352.869, 103.173
1354.069, 212.944
1355.268, 99.160
1356.468, 161.143
1357.667, 279.712
1358.866, 168.357
1360.065, 218.301
1361.263, 82.441
1362.462, 122.348
1363.660, 130.912
1364.858, 57.938
1366.056, 194.774
1367.254, 176.354
1368.451, 212.998
1369.649, 235.478
1370.846, 212.001
1372.043, 216.621
1373.240, 244.385
1374.436, 213.290
1375.633, 232.488
1376.829, 114.031
1378.025, 131.732
1379.221, 258.033
1380.417, 144.829
1381.613, 199.947
1382.808, 339.663
1384.003, 229.673
1385.199, 153.454
1386.393, 53.381
1387.588, 330.296
1388.783, 121.756
1389.977, 318.166
1391.171, 195.963
1392.365, 243.187
1393.559, 260.349
1394.753, 229.415
1395.946, 332.379
1397.140, 110.491
1398.333, 232.533
1399.526, 143.520
1400.719, 175.795
1401.911, 187.434
1403.104, 294.995
1404.296, 236.763
1405.488, 311.074
1406.680, 154.867
1407.872, 300.423
1409.063, 302.099
1410.255, 247.985
1411.446, 367.209
1412.637, 213.295
1413.828, 214.426
1415.018, 234.177
1416.209, 314.677
1417.399, 196.937
1418.589, 361.257
1419.779, 162.391
1420.969, 318.447
1422.159, 258.583
1423.348, 255.044
1424.537, 199.086
1425.726, 192.944
1426.915, 232.818
1428.104, 209.661
1429.293, 142.032
1430.481, 228.681
1431.669, 222.680
1432.857, 331.915
1434.045, 303.246
1435.233, 364.979
1436.420, 400.021
1437.608, 386.859
1438.795, 424.478
1439.982, 375.437
1441.169, 430.632
1442.355, 415.351
1443.542, 381.414
1444.728, 442.457
1445.914, 539.237
1447.100, 606.785
1448.286, 739.299
1449.472, 561.750
1450.657, 778.129
1451.842, 418.779
1453.027, 387.908
1454.212, 637.164
1455.397, 300.275
1456.581, 232.430
1457.766, 411.084
1458.950, 230.012
1460.134, 370.885
1461.318, 175.236
1462.501, 303.834
1463.685, 482.504
1464.868, 271.137
1466.051, 313.732
1467.234, 313.354
1468.417, 190.990
1469.600, 335.652
1470.782, 334.318
1471.965, 146.082
1473.147, 407.191
1474.329, 311.521
1475.510, 284.949
1476.692, 312.480
1477.873, 312.068
1479.055, 285.789
1480.236, 365.561
1481.416, 260.377
1482.597, 309.225
1483.778, 353.100
1484.958, 300.010
1486.138, 323.629
1487.318, 320.953
1488.498, 240.984
1489.678, 245.078
1490.857, 228.504
1492.037, 201.029
1493.216, 225.934
1494.395, 173.469
1495.574, 176.152
1496.752, 152.008
1497.931, 271.047
1499.109, 109.281
1500.287, 160.693
1501.465, 83.283
1502.643, 33.061
1503.820, 156.043
1504.998, 89.256
1506.175, 253.734
1507.352, 134.518
1508.529, 86.646
1509.706, 138.166
1510.882, 210.121
1512.059, 295.562
1513.235, 322.551
1514.411, 22.762
1515.587, 312.240
1516.762, 79.271
1517.938, 188.844
1519.113, 271.408
1520.288, 160.119
1521.463, 91.920
1522.638, 45.123
1523.813, 0.000
##END=



