##NAMES=Akermanite
##RRUFFID=R061085
##IDEAL CHEMISTRY=Ca_2_MgSi_2_O_7_
##LOCALITY=Kovdor, Kola Peninsula, Russia
##OWNER=Michael Scott
##SOURCE=Michael Scott
##DESCRIPTION=Dark blue coarsely crystalline massive associated with green diopside
##STATUS=The identification of this mineral has been confirmed by X-ray diffraction and chemical analysis
##URL=rruff.info/R061085
##MEASURED CHEMISTRY=(Ca_1.78_Na_0.22_)_Σ=2_(Mg_0.70_Al_0.22_Fe^2+^_0.08_)_Σ=1_Si_2.00_O_7_
119.1542, 207.5527
119.6363, 231.4028
120.1184, 253.7836
120.6006, 272.6283
121.0827, 284.0731
121.5648, 288.1872
122.0469, 293.5602
122.5290, 308.1508
123.0111, 328.2338
123.4933, 346.9342
123.9754, 359.6442
124.4575, 369.7113
124.9396, 381.4059
125.4217, 395.2321
125.9038, 409.7921
126.3860, 419.2115
126.8681, 421.5480
127.3502, 424.4500
127.8323, 437.8272
128.3144, 457.1215
128.7965, 471.0016
129.2787, 477.3034
129.7608, 478.6376
130.2429, 479.1755
130.7250, 478.9196
131.2071, 477.3915
131.6892, 472.0208
132.1714, 463.6081
132.6535, 459.6759
133.1356, 465.0590
133.6177, 476.9782
134.0998, 480.6183
134.5819, 475.1606
135.0641, 464.9417
135.5462, 453.0803
136.0283, 438.7100
136.5104, 430.2700
136.9925, 434.3448
137.4746, 452.6582
137.9568, 462.6208
138.4389, 463.0202
138.9210, 456.4294
139.4031, 447.0793
139.8852, 432.7846
140.3673, 421.2665
140.8495, 417.2061
141.3316, 422.6909
141.8137, 428.7551
142.2958, 435.3336
142.7779, 442.1373
143.2600, 447.0313
143.7422, 449.6116
144.2243, 450.9238
144.7064, 451.4406
145.1885, 449.0471
145.6706, 449.5072
146.1527, 455.5541
146.6349, 468.8236
147.1170, 475.2561
147.5991, 470.0673
148.0812, 460.2942
148.5633, 454.7340
149.0454, 456.6124
149.5276, 459.3803
150.0097, 461.3304
150.4918, 461.8549
150.9739, 462.7461
151.4560, 465.1486
151.9381, 467.8828
152.4202, 468.4123
152.9024, 463.8862
153.3845, 459.1034
153.8666, 456.1179
154.3487, 457.8810
154.8308, 458.0291
155.3129, 453.6221
155.7951, 446.0806
156.2772, 442.3354
156.7593, 449.3131
157.2414, 457.5471
157.7235, 460.5491
158.2056, 451.7668
158.6878, 442.6370
159.1699, 435.1597
159.6520, 429.4483
160.1341, 427.3351
160.6162, 432.9085
161.0983, 441.2569
161.5805, 447.0084
162.0626, 448.0934
162.5447, 446.4622
163.0268, 442.1975
163.5089, 434.6618
163.9910, 428.1136
164.4732, 424.8376
164.9553, 423.8751
165.4374, 423.5687
165.9195, 422.7527
166.4016, 422.5463
166.8837, 424.0729
167.3659, 428.3048
167.8480, 432.4023
168.3301, 434.5756
168.8122, 435.1111
169.2943, 434.8959
169.7764, 433.9766
170.2586, 432.7347
170.7407, 431.6014
171.2228, 430.9144
171.7049, 430.0754
172.1870, 427.6447
172.6691, 423.9800
173.1513, 421.9489
173.6334, 424.6925
174.1155, 430.2737
174.5976, 435.4256
175.0797, 438.6714
175.5618, 441.1280
176.0440, 444.4658
176.5261, 448.6919
177.0082, 452.1984
177.4903, 451.8385
177.9724, 449.3596
178.4545, 449.4555
178.9367, 457.9220
179.4188, 469.3185
179.9009, 472.8347
180.3830, 466.8361
180.8651, 459.8274
181.3472, 462.3442
181.8293, 472.7850
182.3115, 483.8029
182.7936, 492.2712
183.2757, 498.3024
183.7578, 502.2174
184.2399, 503.4466
184.7220, 503.8411
185.2042, 505.6653
185.6863, 508.9394
186.1684, 513.9579
186.6505, 521.9584
187.1326, 532.1931
187.6147, 541.1077
188.0969, 547.7162
188.5790, 553.2781
189.0611, 561.6388
189.5432, 572.9806
190.0253, 582.8608
190.5074, 586.9951
190.9896, 585.8192
191.4717, 584.5170
191.9538, 583.5894
192.4359, 583.5701
192.9180, 586.8627
193.4001, 593.9154
193.8823, 601.7416
194.3644, 607.2348
194.8465, 610.4066
195.3286, 613.0859
195.8107, 615.0853
196.2928, 616.8149
196.7750, 622.3329
197.2571, 632.8176
197.7392, 643.7148
198.2213, 648.0967
198.7034, 644.9135
199.1855, 643.7132
199.6677, 649.1492
200.1498, 661.2198
200.6319, 669.7328
201.1140, 673.8062
201.5961, 675.7485
202.0782, 679.4266
202.5604, 685.2206
203.0425, 690.8703
203.5246, 694.4863
204.0067, 695.4584
204.4888, 700.0592
204.9709, 709.7847
205.4531, 722.0273
205.9352, 730.0779
206.4173, 732.6112
206.8994, 735.3425
207.3815, 741.8922
207.8636, 753.3539
208.3457, 762.8331
208.8279, 768.9736
209.3100, 773.1889
209.7921, 780.6539
210.2742, 793.0212
210.7563, 805.0888
211.2384, 812.9450
211.7206, 815.0871
212.2027, 818.6556
212.6848, 823.9289
213.1669, 831.1567
213.6490, 843.1519
214.1311, 862.9305
214.6133, 882.3564
215.0954, 894.0798
215.5775, 894.8691
216.0596, 897.3745
216.5417, 903.9218
217.0238, 914.1912
217.5060, 924.6686
217.9881, 937.1470
218.4702, 947.4907
218.9523, 950.8038
219.4344, 942.6558
219.9165, 938.0648
220.3987, 940.9847
220.8808, 951.6876
221.3629, 960.9824
221.8450, 968.9816
222.3271, 975.3777
222.8092, 979.5646
223.2914, 980.6300
223.7735, 981.2972
224.2556, 982.8249
224.7377, 985.8418
225.2198, 984.6324
225.7020, 977.4724
226.1841, 967.3294
226.6662, 958.3596
227.1483, 951.0746
227.6304, 943.8429
228.1125, 936.3120
228.5947, 928.8621
229.0768, 919.2610
229.5589, 905.3345
230.0410, 890.5195
230.5231, 880.8149
231.0052, 879.6617
231.4874, 878.2213
231.9695, 873.4445
232.4516, 864.1689
232.9337, 855.3159
233.4158, 848.7336
233.8979, 841.8355
234.3800, 828.3866
234.8622, 802.4858
235.3443, 778.9995
235.8264, 764.5090
236.3085, 764.1921
236.7906, 760.4101
237.2727, 751.4408
237.7549, 739.4231
238.2370, 730.0029
238.7191, 724.0880
239.2012, 719.3269
239.6833, 715.3603
240.1654, 715.1931
240.6476, 708.7245
241.1297, 691.8252
241.6118, 668.7123
242.0939, 654.5814
242.5760, 655.8822
243.0581, 657.3921
243.5403, 650.5143
244.0224, 629.5787
244.5045, 612.6696
244.9866, 601.1273
245.4687, 594.3091
245.9508, 589.4879
246.4330, 586.8304
246.9151, 585.9634
247.3972, 587.3837
247.8793, 594.1811
248.3614, 596.2911
248.8435, 590.7847
249.3257, 579.5385
249.8078, 572.5862
250.2899, 571.7183
250.7720, 572.7844
251.2541, 573.1424
251.7362, 572.4141
252.2184, 571.7731
252.7005, 571.4540
253.1826, 571.3423
253.6647, 570.3924
254.1468, 567.3514
254.6289, 565.1581
255.1111, 566.4287
255.5932, 573.5195
256.0753, 578.8255
256.5574, 582.1730
257.0395, 583.2737
257.5216, 578.4405
258.0038, 562.9014
258.4859, 548.1945
258.9680, 544.6671
259.4501, 557.9771
259.9322, 567.6579
260.4143, 569.1880
260.8965, 563.8007
261.3786, 565.2106
261.8607, 577.6174
262.3428, 590.3431
262.8249, 593.4055
263.3070, 582.2042
263.7892, 575.0779
264.2713, 576.6342
264.7534, 585.7542
265.2355, 590.2914
265.7176, 588.4710
266.1997, 585.2195
266.6819, 584.5541
267.1640, 586.5997
267.6461, 591.1707
268.1282, 599.7562
268.6103, 611.5150
269.0924, 617.2354
269.5746, 614.9231
270.0567, 610.5577
270.5388, 610.2095
271.0209, 615.1838
271.5030, 618.1963
271.9851, 616.5391
272.4673, 611.1741
272.9494, 610.1256
273.4315, 613.2276
273.9136, 620.9940
274.3957, 636.6831
274.8778, 662.5250
275.3599, 682.2441
275.8420, 691.3025
276.3242, 691.0329
276.8063, 689.4561
277.2884, 685.5917
277.7705, 683.3995
278.2526, 687.5408
278.7347, 698.5687
279.2169, 709.8417
279.6990, 720.1884
280.1811, 729.4531
280.6632, 737.0618
281.1453, 742.4737
281.6274, 748.1146
282.1096, 756.5239
282.5917, 767.7337
283.0738, 779.3939
283.5559, 791.1571
284.0380, 802.9155
284.5201, 813.6935
285.0023, 823.3420
285.4844, 833.1650
285.9665, 843.8179
286.4486, 855.3162
286.9307, 869.5295
287.4128, 887.8749
287.8950, 908.9550
288.3771, 927.8250
288.8592, 944.4161
289.3413, 961.0123
289.8234, 981.3597
290.3055, 1004.285
290.7877, 1023.027
291.2698, 1033.572
291.7519, 1040.368
292.2340, 1054.799
292.7161, 1076.738
293.1982, 1100.080
293.6804, 1119.601
294.1625, 1136.129
294.6446, 1152.138
295.1267, 1167.216
295.6088, 1183.231
296.0909, 1204.189
296.5731, 1229.792
297.0552, 1256.641
297.5373, 1281.782
298.0194, 1305.806
298.5015, 1330.163
298.9836, 1355.578
299.4658, 1380.810
299.9479, 1402.894
300.4300, 1422.199
300.9121, 1441.860
301.3942, 1465.413
301.8763, 1491.001
302.3585, 1514.867
302.8406, 1536.176
303.3227, 1555.737
303.8048, 1574.155
304.2869, 1591.487
304.7690, 1609.267
305.2512, 1633.174
305.7333, 1656.755
306.2154, 1670.952
306.6975, 1669.062
307.1796, 1664.161
307.6617, 1667.273
308.1439, 1676.938
308.6260, 1688.001
309.1081, 1704.184
309.5902, 1717.078
310.0723, 1717.106
310.5544, 1696.342
311.0366, 1673.161
311.5187, 1661.071
312.0008, 1656.380
312.4829, 1648.034
312.9650, 1627.506
313.4471, 1602.951
313.9293, 1581.607
314.4114, 1568.162
314.8935, 1550.569
315.3756, 1520.018
315.8577, 1480.710
316.3398, 1443.429
316.8220, 1412.823
317.3041, 1384.699
317.7862, 1357.203
318.2683, 1331.033
318.7504, 1302.863
319.2325, 1268.281
319.7147, 1231.436
320.1968, 1199.042
320.6789, 1176.092
321.1610, 1156.190
321.6431, 1138.213
322.1252, 1124.784
322.6074, 1104.796
323.0895, 1067.927
323.5716, 1025.002
324.0537, 991.8339
324.5358, 983.6990
325.0179, 974.6343
325.5001, 956.3372
325.9822, 925.2375
326.4643, 896.3831
326.9464, 870.9861
327.4285, 848.0602
327.9106, 826.2835
328.3928, 805.0267
328.8749, 785.9475
329.3570, 770.2950
329.8391, 759.0794
330.3212, 744.6177
330.8033, 723.4885
331.2854, 701.5053
331.7675, 684.4403
332.2497, 675.7458
332.7318, 666.3367
333.2139, 654.5572
333.6960, 640.3752
334.1781, 625.4982
334.6602, 608.1093
335.1424, 592.2336
335.6245, 581.9494
336.1066, 579.8648
336.5887, 576.1250
337.0708, 568.7825
337.5529, 558.3854
338.0351, 547.5663
338.5172, 535.4109
338.9993, 524.8663
339.4814, 518.7050
339.9635, 517.6411
340.4456, 516.4401
340.9278, 515.1518
341.4099, 512.7820
341.8920, 505.2406
342.3741, 491.5812
342.8562, 478.1982
343.3383, 468.5663
343.8205, 462.7551
344.3026, 461.5428
344.7847, 466.7118
345.2668, 473.7123
345.7489, 473.0227
346.2310, 464.9446
346.7132, 456.2716
347.1953, 451.6140
347.6774, 449.7572
348.1595, 446.2712
348.6416, 440.4998
349.1237, 434.2985
349.6059, 429.8734
350.0880, 427.0356
350.5701, 424.8428
351.0522, 422.6524
351.5343, 420.8378
352.0164, 420.1671
352.4986, 420.7778
352.9807, 421.7850
353.4628, 423.3998
353.9449, 424.7967
354.4270, 424.2440
354.9091, 418.3492
355.3913, 411.7489
355.8734, 409.1146
356.3555, 410.6311
356.8376, 412.6775
357.3197, 412.7103
357.8018, 411.9247
358.2840, 411.8175
358.7661, 415.3091
359.2482, 417.5877
359.7303, 415.3057
360.2124, 408.8753
360.6945, 402.4117
361.1767, 397.3989
361.6588, 393.2059
362.1409, 389.3198
362.6230, 384.4841
363.1051, 381.2508
363.5872, 381.5278
364.0694, 384.3701
364.5515, 385.9095
365.0336, 386.3991
365.5157, 384.5865
365.9978, 379.7058
366.4799, 369.8460
366.9621, 359.6583
367.4442, 348.3012
367.9263, 336.7892
368.4084, 327.6128
368.8905, 321.5138
369.3727, 317.0918
369.8548, 314.3146
370.3369, 314.2103
370.8190, 312.7610
371.3011, 310.0496
371.7832, 305.9444
372.2654, 299.8098
372.7475, 289.8981
373.2296, 281.3901
373.7117, 275.9979
374.1938, 273.9519
374.6759, 271.2624
375.1581, 267.6165
375.6402, 263.8240
376.1223, 261.1625
376.6044, 260.1058
377.0865, 257.5235
377.5686, 251.9512
378.0508, 244.3591
378.5329, 240.2271
379.0150, 240.1070
379.4971, 240.4021
379.9792, 237.5984
380.4613, 232.0087
380.9435, 227.8214
381.4256, 226.0706
381.9077, 225.6043
382.3898, 224.1414
382.8719, 221.7431
383.3540, 219.5708
383.8362, 218.2651
384.3183, 217.7324
384.8004, 218.0999
385.2825, 219.7772
385.7646, 220.9375
386.2467, 218.7214
386.7288, 214.1522
387.2109, 210.2419
387.6931, 208.6648
388.1752, 208.4554
388.6573, 209.3546
389.1394, 211.5166
389.6215, 212.1471
390.1036, 206.8015
390.5858, 199.2741
391.0679, 194.8850
391.5500, 199.1594
392.0321, 204.1307
392.5142, 204.4217
392.9963, 200.4064
393.4785, 198.2113
393.9606, 203.6663
394.4427, 210.0427
394.9248, 212.0622
395.4069, 201.9012
395.8890, 194.6732
396.3712, 196.1849
396.8533, 203.8563
397.3354, 208.0449
397.8175, 203.1172
398.2996, 197.9111
398.7817, 196.4926
399.2639, 202.4354
399.7460, 205.7914
400.2281, 204.6110
400.7102, 201.4218
401.1923, 200.9144
401.6744, 205.3232
402.1566, 208.9523
402.6387, 210.0970
403.1208, 208.5600
403.6029, 205.7791
404.0850, 200.6892
404.5671, 195.8197
405.0493, 194.5272
405.5314, 197.7796
406.0135, 199.8858
406.4956, 199.0542
406.9777, 196.1166
407.4598, 195.0286
407.9420, 195.9771
408.4241, 197.7382
408.9062, 199.2676
409.3883, 200.6797
409.8704, 203.1503
410.3525, 207.4870
410.8347, 211.7821
411.3168, 212.2836
411.7989, 209.3913
412.2810, 206.2423
412.7631, 204.0279
413.2452, 202.8816
413.7274, 203.6063
414.2095, 206.6374
414.6916, 209.3089
415.1737, 208.7649
415.6558, 206.1324
416.1379, 203.6900
416.6201, 201.7363
417.1022, 200.7857
417.5843, 201.5440
418.0664, 203.9581
418.5485, 206.5826
419.0306, 209.6522
419.5128, 212.1182
419.9949, 212.9871
420.4770, 210.3779
420.9591, 207.9482
421.4412, 206.9998
421.9233, 207.1290
422.4055, 206.7702
422.8876, 204.9968
423.3697, 203.1642
423.8518, 201.8009
424.3339, 200.8157
424.8160, 200.6696
425.2982, 202.7646
425.7803, 205.2242
426.2624, 204.8921
426.7445, 199.4925
427.2266, 194.8242
427.7087, 192.3766
428.1909, 192.2097
428.6730, 192.9538
429.1551, 194.5372
429.6372, 197.1419
430.1193, 201.6063
430.6014, 208.4668
431.0836, 213.4212
431.5657, 215.0579
432.0478, 214.6866
432.5299, 216.1448
433.0120, 219.5021
433.4941, 223.7841
433.9763, 228.4317
434.4584, 233.4731
434.9405, 239.3200
435.4226, 246.2977
435.9047, 253.0638
436.3868, 257.1319
436.8690, 259.3615
437.3511, 262.4237
437.8332, 267.7548
438.3153, 274.5078
438.7974, 281.9296
439.2795, 289.9939
439.7616, 298.2823
440.2437, 305.8462
440.7259, 313.6359
441.2080, 322.7581
441.6901, 335.1148
442.1722, 347.1176
442.6543, 357.1857
443.1364, 365.5588
443.6186, 373.1636
444.1007, 377.1676
444.5828, 382.6840
445.0649, 392.9126
445.5470, 411.3870
446.0291, 427.4702
446.5113, 438.6597
446.9934, 447.0935
447.4755, 455.9939
447.9576, 468.9309
448.4397, 477.6255
448.9218, 479.3232
449.4040, 473.8395
449.8861, 470.3215
450.3682, 471.1725
450.8503, 470.3868
451.3324, 461.4305
451.8145, 441.8939
452.2967, 426.9285
452.7788, 419.2962
453.2609, 416.4356
453.7430, 412.0997
454.2251, 406.2718
454.7072, 399.9528
455.1894, 393.8782
455.6715, 387.8587
456.1536, 380.7077
456.6357, 372.2439
457.1178, 364.2780
457.5999, 359.9048
458.0821, 357.8138
458.5642, 354.5438
459.0463, 346.4493
459.5284, 338.2636
460.0105, 335.4607
460.4926, 337.5106
460.9748, 341.3085
461.4569, 347.9229
461.9390, 353.9047
462.4211, 355.8250
462.9032, 351.3553
463.3853, 346.0435
463.8675, 340.3850
464.3496, 335.5856
464.8317, 334.0480
465.3138, 338.9339
465.7959, 344.7683
466.2780, 350.2874
466.7602, 355.7454
467.2423, 358.8231
467.7244, 357.8997
468.2065, 355.7823
468.6886, 354.8160
469.1707, 356.3201
469.6529, 356.0903
470.1350, 352.0601
470.6171, 346.2424
471.0992, 346.9362
471.5813, 356.2208
472.0634, 365.4967
472.5456, 369.7728
473.0277, 369.0928
473.5098, 370.3515
473.9919, 374.1893
474.4740, 378.1959
474.9561, 378.3650
475.4383, 375.4691
475.9204, 374.1751
476.4025, 376.7402
476.8846, 381.4128
477.3667, 385.9460
477.8488, 390.2144
478.3310, 393.4977
478.8131, 394.4116
479.2952, 394.4074
479.7773, 395.3115
480.2594, 397.7982
480.7415, 400.2859
481.2237, 401.8297
481.7058, 402.7340
482.1879, 403.5302
482.6700, 404.9116
483.1521, 405.7415
483.6342, 405.6286
484.1164, 404.5535
484.5985, 402.5040
485.0806, 400.1925
485.5627, 396.4236
486.0448, 390.1323
486.5269, 375.6896
487.0091, 367.9237
487.4912, 371.0930
487.9733, 380.2620
488.4554, 382.2529
488.9375, 374.5046
489.4196, 366.3144
489.9018, 361.6177
490.3839, 360.3796
490.8660, 358.2705
491.3481, 355.1007
491.8302, 351.8070
492.3123, 348.9208
492.7945, 346.5976
493.2766, 345.9546
493.7587, 347.9472
494.2408, 350.8318
494.7229, 352.3019
495.2050, 352.3269
495.6871, 350.6954
496.1693, 344.6960
496.6514, 338.2766
497.1335, 336.9075
497.6156, 341.9824
498.0977, 345.7575
498.5798, 341.3566
499.0620, 333.6023
499.5441, 328.3318
500.0262, 328.7086
500.5083, 330.4151
500.9904, 333.1491
501.4725, 336.4755
501.9547, 338.1373
502.4368, 334.6803
502.9189, 332.1071
503.4010, 333.5946
503.8831, 342.3269
504.3652, 346.4828
504.8474, 343.7723
505.3295, 338.4648
505.8116, 336.1782
506.2937, 337.5914
506.7758, 339.5831
507.2579, 341.1249
507.7401, 342.7162
508.2222, 347.6918
508.7043, 356.5024
509.1864, 363.7472
509.6685, 363.7544
510.1506, 358.8307
510.6328, 357.3381
511.1149, 360.6496
511.5970, 365.2576
512.0791, 368.2202
512.5612, 369.6224
513.0433, 369.5621
513.5255, 366.0867
514.0076, 362.7025
514.4897, 362.0878
514.9718, 364.0658
515.4539, 367.1560
515.9360, 373.1905
516.4182, 378.4070
516.9003, 380.0466
517.3824, 375.6187
517.8645, 371.9686
518.3466, 370.0319
518.8287, 369.5155
519.3109, 370.0964
519.7930, 374.1775
520.2751, 375.8083
520.7572, 373.2133
521.2393, 366.7990
521.7214, 360.6533
522.2036, 354.5388
522.6857, 349.2655
523.1678, 345.7147
523.6499, 343.9217
524.1320, 342.1242
524.6141, 340.4297
525.0963, 338.0562
525.5784, 333.8287
526.0605, 327.8618
526.5426, 320.8515
527.0247, 312.5194
527.5068, 303.6652
527.9890, 294.7802
528.4711, 286.0918
528.9532, 279.4320
529.4353, 278.1988
529.9174, 278.3912
530.3995, 276.1815
530.8817, 270.2292
531.3638, 264.0651
531.8459, 258.1022
532.3280, 252.9488
532.8101, 249.4887
533.2922, 249.6878
533.7744, 249.6004
534.2565, 247.9147
534.7386, 244.9117
535.2207, 243.3068
535.7028, 244.0932
536.1849, 244.8075
536.6671, 244.0684
537.1492, 241.5054
537.6313, 239.1967
538.1134, 237.1017
538.5955, 235.3108
539.0776, 234.0179
539.5598, 233.2023
540.0419, 232.5311
540.5240, 232.2101
541.0061, 231.6921
541.4882, 229.2761
541.9703, 225.3561
542.4525, 222.3368
542.9346, 222.8440
543.4167, 224.6530
543.8988, 225.2094
544.3809, 224.1077
544.8630, 222.7467
545.3452, 220.3038
545.8273, 218.6801
546.3094, 219.9962
546.7915, 231.0071
547.2736, 238.1398
547.7557, 235.5212
548.2379, 225.8308
548.7200, 220.7298
549.2021, 225.0651
549.6842, 228.5152
550.1663, 226.7387
550.6484, 218.6788
551.1306, 214.0591
551.6127, 213.6370
552.0948, 215.1693
552.5769, 216.6637
553.0590, 218.1131
553.5411, 219.9122
554.0233, 222.6293
554.5054, 224.8502
554.9875, 222.9237
555.4696, 217.7241
555.9517, 213.7090
556.4338, 214.5313
556.9160, 217.1443
557.3981, 218.0366
557.8802, 217.1555
558.3623, 215.5704
558.8444, 213.2872
559.3265, 210.9545
559.8087, 209.0705
560.2908, 207.5844
560.7729, 206.8572
561.2550, 207.4329
561.7371, 208.7393
562.2192, 209.8055
562.7014, 210.1644
563.1835, 210.7427
563.6656, 211.1463
564.1477, 211.6301
564.6298, 216.0004
565.1119, 226.9043
565.5941, 235.2580
566.0762, 232.8709
566.5583, 219.9733
567.0404, 213.8627
567.5225, 216.2537
568.0046, 221.8632
568.4868, 224.0920
568.9689, 224.0577
569.4510, 225.6100
569.9331, 231.2360
570.4152, 237.3662
570.8973, 239.7907
571.3795, 239.4901
571.8616, 239.7939
572.3437, 243.2303
572.8258, 247.1677
573.3079, 249.7964
573.7900, 250.7996
574.2722, 252.0615
574.7543, 254.3737
575.2364, 256.9113
575.7185, 259.0212
576.2006, 260.7131
576.6827, 261.8958
577.1648, 262.0475
577.6469, 261.9854
578.1290, 263.5106
578.6111, 266.9212
579.0933, 270.6387
579.5754, 274.4958
580.0575, 278.2318
580.5396, 280.7614
581.0217, 282.0794
581.5038, 282.6231
581.9860, 281.0040
582.4681, 279.2050
582.9502, 282.1873
583.4323, 291.5517
583.9144, 299.6263
584.3965, 296.7000
584.8787, 289.9055
585.3608, 289.0557
585.8429, 305.1032
586.3250, 319.5818
586.8071, 325.6233
587.2892, 325.0491
587.7714, 324.4237
588.2535, 323.0771
588.7356, 323.3314
589.2177, 326.0198
589.6998, 331.3062
590.1819, 337.5598
590.6641, 344.8415
591.1462, 353.0464
591.6283, 362.6776
592.1104, 373.7759
592.5925, 383.0540
593.0746, 389.7413
593.5568, 395.5995
594.0389, 403.0757
594.5210, 411.9072
595.0031, 420.8647
595.4852, 429.3494
595.9673, 437.8906
596.4495, 445.6922
596.9316, 453.5949
597.4137, 465.1024
597.8958, 486.7957
598.3779, 509.0964
598.8600, 525.6871
599.3422, 534.3700
599.8243, 543.8795
600.3064, 555.5591
600.7885, 568.6479
601.2706, 582.6238
601.7527, 598.4015
602.2349, 612.5975
602.7170, 623.0726
603.1991, 633.3594
603.6812, 652.9118
604.1633, 683.0905
604.6454, 707.1169
605.1276, 714.2524
605.6097, 712.5266
606.0918, 724.1300
606.5739, 748.2303
607.0560, 774.1514
607.5381, 795.2693
608.0203, 813.7990
608.5024, 832.8901
608.9845, 852.9991
609.4666, 872.2613
609.9487, 886.0745
610.4308, 900.2680
610.9130, 920.4218
611.3951, 957.1353
611.8772, 988.9053
612.3593, 1009.015
612.8414, 1023.215
613.3235, 1042.601
613.8057, 1068.291
614.2878, 1097.115
614.7699, 1129.206
615.2520, 1163.609
615.7341, 1194.721
616.2162, 1222.160
616.6984, 1247.909
617.1805, 1273.927
617.6626, 1299.329
618.1447, 1321.091
618.6268, 1338.718
619.1089, 1354.704
619.5911, 1371.205
620.0732, 1387.653
620.5553, 1403.821
621.0374, 1423.504
621.5195, 1436.989
622.0016, 1436.122
622.4838, 1426.502
622.9659, 1419.564
623.4480, 1425.417
623.9301, 1425.437
624.4122, 1414.905
624.8943, 1394.480
625.3765, 1369.431
625.8586, 1337.144
626.3407, 1306.161
626.8228, 1282.394
627.3049, 1265.651
627.7870, 1246.734
628.2692, 1225.172
628.7513, 1203.002
629.2334, 1182.581
629.7155, 1163.362
630.1976, 1144.496
630.6797, 1126.707
631.1619, 1107.613
631.6440, 1086.249
632.1261, 1062.037
632.6082, 1034.279
633.0903, 997.0289
633.5724, 961.5065
634.0546, 933.0562
634.5367, 910.8680
635.0188, 887.8094
635.5009, 861.9269
635.9830, 837.1680
636.4651, 814.1274
636.9473, 792.6872
637.4294, 776.9078
637.9115, 767.4440
638.3936, 762.0621
638.8757, 759.9069
639.3578, 760.4647
639.8400, 760.6863
640.3221, 759.9352
640.8042, 759.4044
641.2863, 759.4131
641.7684, 760.7200
642.2505, 764.7570
642.7327, 770.3771
643.2148, 780.6542
643.6969, 799.0622
644.1790, 823.6241
644.6611, 849.1129
645.1432, 870.7339
645.6254, 896.6784
646.1075, 930.5710
646.5896, 972.8848
647.0717, 1011.095
647.5538, 1040.692
648.0359, 1075.448
648.5181, 1124.838
649.0002, 1189.267
649.4823, 1255.853
649.9644, 1323.826
650.4465, 1394.092
650.9286, 1466.353
651.4108, 1540.967
651.8929, 1618.963
652.3750, 1701.320
652.8571, 1785.311
653.3392, 1869.172
653.8214, 1953.794
654.3035, 2041.479
654.7856, 2130.389
655.2677, 2225.148
655.7498, 2330.547
656.2319, 2443.921
656.7141, 2552.045
657.1962, 2656.604
657.6783, 2752.792
658.1604, 2836.237
658.6425, 2906.872
659.1246, 2977.926
659.6068, 3050.352
660.0889, 3119.315
660.5710, 3185.845
661.0531, 3246.364
661.5352, 3289.382
662.0173, 3312.435
662.4995, 3323.306
662.9816, 3332.666
663.4637, 3332.676
663.9458, 3312.175
664.4279, 3257.116
664.9100, 3194.659
665.3922, 3136.665
665.8743, 3077.199
666.3564, 3001.962
666.8385, 2901.483
667.3206, 2798.208
667.8027, 2698.693
668.2849, 2600.909
668.7670, 2493.947
669.2491, 2375.213
669.7312, 2258.989
670.2133, 2152.203
670.6954, 2053.586
671.1776, 1958.061
671.6597, 1866.019
672.1418, 1778.323
672.6239, 1696.109
673.1060, 1617.588
673.5881, 1539.562
674.0703, 1460.827
674.5524, 1387.967
675.0345, 1324.773
675.5166, 1268.878
675.9987, 1216.119
676.4808, 1166.611
676.9630, 1119.425
677.4451, 1075.169
677.9272, 1032.302
678.4093, 987.9875
678.8914, 940.9459
679.3735, 896.7898
679.8557, 856.5311
680.3378, 819.7871
680.8199, 784.2114
681.3020, 749.9807
681.7841, 719.4686
682.2662, 694.9075
682.7484, 673.8607
683.2305, 654.5920
683.7126, 636.6474
684.1947, 617.2366
684.6768, 591.8218
685.1589, 566.8632
685.6411, 546.4756
686.1232, 533.6265
686.6052, 518.2996
687.0873, 498.2902
687.5695, 478.2590
688.0516, 462.4276
688.5337, 451.0627
689.0158, 441.3736
689.4979, 433.8214
689.9800, 425.9172
690.4622, 413.0219
690.9443, 396.6732
691.4264, 381.7592
691.9085, 369.3744
692.3906, 359.4666
692.8727, 352.7968
693.3549, 348.5211
693.8370, 344.6855
694.3191, 341.7195
694.8012, 337.8563
695.2833, 331.6474
695.7654, 323.4814
696.2476, 317.0439
696.7297, 313.0565
697.2118, 309.5577
697.6939, 305.3989
698.1760, 300.6881
698.6581, 298.9149
699.1403, 300.4215
699.6224, 301.5049
700.1045, 298.5733
700.5866, 293.1154
701.0687, 288.4332
701.5508, 284.9949
702.0330, 281.3895
702.5151, 275.7093
702.9972, 269.8175
703.4793, 265.6859
703.9614, 264.5287
704.4435, 263.8153
704.9257, 264.6538
705.4078, 264.9950
705.8899, 261.6638
706.3720, 252.3403
706.8541, 246.2073
707.3362, 245.8336
707.8184, 248.0953
708.3005, 246.5344
708.7826, 241.2864
709.2647, 233.4643
709.7468, 220.0029
710.2289, 207.3859
710.7111, 207.2114
711.1932, 216.3912
711.6753, 223.5903
712.1574, 220.5502
712.6395, 216.0448
713.1216, 215.0148
713.6038, 217.8182
714.0859, 219.5656
714.5680, 219.4306
715.0501, 218.7837
715.5322, 218.9579
716.0143, 220.5007
716.4965, 215.8748
716.9786, 203.3707
717.4607, 191.5160
717.9428, 189.4937
718.4249, 194.3965
718.9070, 197.3883
719.3892, 197.2019
719.8713, 196.0415
720.3534, 196.3342
720.8355, 196.5306
721.3176, 194.5068
721.7997, 187.1471
722.2819, 181.6676
722.7640, 180.8605
723.2461, 182.6589
723.7282, 184.1881
724.2103, 185.7066
724.6924, 186.3938
725.1746, 186.3603
725.6567, 185.1823
726.1388, 180.4299
726.6209, 172.4219
727.1030, 167.8353
727.5851, 171.6221
728.0673, 178.1615
728.5494, 179.7864
729.0315, 177.3385
729.5136, 174.0652
729.9957, 170.7677
730.4778, 167.8150
730.9600, 165.2962
731.4421, 163.2416
731.9242, 161.9045
732.4063, 161.7480
732.8884, 161.6636
733.3705, 161.0654
733.8527, 159.9288
734.3348, 159.8955
734.8169, 161.2829
735.2990, 161.8500
735.7811, 158.0951
736.2632, 152.2583
736.7454, 150.8268
737.2275, 154.6172
737.7096, 158.6421
738.1917, 159.9069
738.6738, 159.1311
739.1559, 156.5179
739.6381, 149.9367
740.1202, 146.3633
740.6023, 150.6357
741.0844, 156.2120
741.5665, 156.0699
742.0486, 146.7608
742.5308, 144.5418
743.0129, 153.5442
743.4950, 165.3658
743.9771, 164.8730
744.4592, 154.5339
744.9413, 147.5019
745.4235, 148.7530
745.9056, 152.9317
746.3877, 156.7429
746.8698, 159.3671
747.3519, 159.0688
747.8340, 151.3088
748.3162, 144.7091
748.7983, 142.5189
749.2804, 143.7412
749.7625, 145.3029
750.2446, 147.9584
750.7267, 149.1185
751.2089, 147.4152
751.6910, 143.7471
752.1731, 141.5034
752.6552, 140.6960
753.1373, 140.7643
753.6194, 142.6629
754.1016, 144.5504
754.5837, 143.1723
755.0658, 138.9729
755.5479, 136.0547
756.0300, 136.9182
756.5121, 139.1641
756.9943, 141.9207
757.4764, 145.2905
757.9585, 147.3976
758.4406, 147.4622
758.9227, 147.4678
759.4048, 149.2067
759.8870, 152.6956
760.3691, 152.8779
760.8512, 149.3277
761.3333, 146.0307
761.8154, 147.3032
762.2975, 150.9906
762.7797, 153.9133
763.2618, 155.7626
763.7439, 155.7414
764.2260, 150.7696
764.7081, 145.2513
765.1902, 143.4068
765.6724, 150.8976
766.1545, 152.4273
766.6366, 143.8670
767.1187, 133.9997
767.6008, 134.5461
768.0829, 145.8516
768.5651, 152.9171
769.0472, 153.0841
769.5293, 149.7791
770.0114, 145.4050
770.4935, 141.1571
770.9756, 139.8009
771.4578, 144.1956
771.9399, 148.3459
772.4220, 148.9012
772.9041, 147.2834
773.3862, 145.8104
773.8683, 144.3672
774.3505, 143.7882
774.8326, 144.7850
775.3147, 146.2956
775.7968, 145.3505
776.2789, 141.7790
776.7610, 140.0473
777.2432, 142.5960
777.7253, 146.4346
778.2074, 146.4130
778.6895, 143.6173
779.1716, 141.3238
779.6537, 141.0247
780.1359, 141.6391
780.6180, 143.5361
781.1001, 146.0987
781.5822, 146.6296
782.0643, 143.1329
782.5464, 140.4831
783.0286, 140.3479
783.5107, 142.0578
783.9928, 142.1551
784.4749, 140.5750
784.9570, 139.5478
785.4391, 140.7229
785.9213, 143.0028
786.4034, 145.3418
786.8855, 147.4387
787.3676, 147.6776
787.8497, 142.0102
788.3318, 137.0904
788.8140, 138.0880
789.2961, 145.3614
789.7782, 147.4777
790.2603, 140.6277
790.7424, 134.3702
791.2245, 133.4785
791.7067, 137.4575
792.1888, 139.7548
792.6709, 140.3323
793.1530, 140.8023
793.6351, 142.8356
794.1172, 145.2482
794.5994, 146.0999
795.0815, 145.3192
795.5636, 145.1430
796.0457, 147.4302
796.5278, 150.0190
797.0099, 151.4292
797.4920, 151.2744
797.9741, 152.0572
798.4562, 154.7632
798.9384, 156.4316
799.4205, 154.0107
799.9026, 148.1331
800.3847, 144.6489
800.8668, 143.8286
801.3489, 144.1242
801.8311, 144.0474
802.3132, 144.4070
802.7953, 146.8409
803.2774, 152.1731
803.7595, 155.4299
804.2416, 152.9509
804.7238, 149.2013
805.2059, 147.3890
805.6880, 148.1845
806.1701, 148.6030
806.6522, 148.5579
807.1343, 148.3879
807.6165, 148.1391
808.0986, 148.0015
808.5807, 149.3560
809.0628, 152.6635
809.5449, 154.6783
810.0270, 149.8955
810.5092, 143.9541
810.9913, 143.3008
811.4734, 151.7443
811.9555, 158.5542
812.4376, 161.9024
812.9197, 163.1758
813.4019, 162.9754
813.8840, 160.8435
814.3661, 160.3662
814.8482, 162.1989
815.3303, 163.9209
815.8124, 161.8831
816.2946, 157.7872
816.7767, 155.1963
817.2588, 154.6364
817.7409, 156.3714
818.2230, 163.0392
818.7051, 170.7706
819.1873, 175.6625
819.6694, 174.7619
820.1515, 174.9254
820.6336, 176.8649
821.1157, 178.9964
821.5978, 179.1260
822.0800, 177.3151
822.5621, 177.8082
823.0442, 181.5549
823.5263, 185.5074
824.0084, 184.9656
824.4905, 182.7619
824.9727, 183.5027
825.4548, 189.2871
825.9369, 195.4214
826.4190, 201.3410
826.9011, 206.1539
827.3832, 209.0598
827.8654, 209.4469
828.3475, 209.0827
828.8296, 207.2772
829.3117, 206.4859
829.7938, 211.6996
830.2759, 220.9421
830.7581, 225.1653
831.2402, 221.5704
831.7223, 218.0996
832.2044, 223.1550
832.6865, 231.2998
833.1686, 236.2156
833.6508, 234.9537
834.1329, 233.0041
834.6150, 228.7689
835.0971, 225.9960
835.5792, 229.8420
836.0613, 241.4355
836.5435, 248.3017
837.0256, 248.4827
837.5077, 247.1994
837.9898, 251.5729
838.4719, 258.5333
838.9540, 261.8396
839.4362, 258.7116
839.9183, 256.5967
840.4004, 259.6332
840.8825, 265.0235
841.3646, 270.0959
841.8467, 274.6532
842.3289, 278.7596
842.8110, 281.9848
843.2931, 285.5541
843.7752, 291.3176
844.2573, 298.7521
844.7394, 305.3723
845.2216, 310.7716
845.7037, 315.7835
846.1858, 320.1870
846.6679, 325.0851
847.1500, 331.9671
847.6321, 342.1674
848.1143, 351.4483
848.5964, 358.6125
849.0785, 365.3197
849.5606, 372.9073
850.0427, 381.4445
850.5248, 390.4315
851.0070, 399.9057
851.4891, 409.6246
851.9712, 419.2411
852.4533, 428.7523
852.9354, 437.8794
853.4175, 446.4716
853.8997, 455.4742
854.3818, 467.0043
854.8639, 477.8478
855.3460, 484.6249
855.8281, 485.2346
856.3102, 490.6284
856.7924, 502.6047
857.2745, 514.9521
857.7566, 521.5223
858.2387, 524.0867
858.7208, 530.0805
859.2029, 540.0050
859.6851, 550.6368
860.1672, 561.0907
860.6493, 570.0621
861.1314, 575.7961
861.6135, 577.5995
862.0956, 579.9946
862.5778, 584.3146
863.0599, 588.1634
863.5420, 591.2565
864.0241, 593.4741
864.5062, 588.2018
864.9883, 575.1979
865.4705, 562.8523
865.9526, 561.4708
866.4347, 562.2026
866.9168, 552.1441
867.3989, 531.4095
867.8810, 513.7999
868.3632, 509.3850
868.8453, 504.7171
869.3274, 493.4465
869.8095, 475.8774
870.2916, 457.3170
870.7737, 436.9563
871.2559, 421.2678
871.7380, 416.7077
872.2201, 418.5161
872.7022, 417.1195
873.1843, 412.7352
873.6664, 406.5012
874.1486, 395.3488
874.6307, 386.1029
875.1128, 383.2911
875.5949, 386.2863
876.0770, 388.2574
876.5591, 388.2283
877.0413, 389.5208
877.5234, 393.5411
878.0055, 399.3874
878.4876, 404.8918
878.9697, 410.0801
879.4518, 415.0792
879.9340, 419.0684
880.4161, 423.7206
880.8982, 431.5296
881.3803, 440.9435
881.8624, 447.7453
882.3445, 446.8229
882.8267, 449.8283
883.3088, 459.5733
883.7909, 473.3305
884.2730, 486.0833
884.7551, 497.7552
885.2372, 506.3750
885.7194, 509.0870
886.2015, 513.2510
886.6836, 528.9379
887.1657, 550.9781
887.6478, 571.1246
888.1299, 583.3021
888.6121, 598.1822
889.0942, 618.1800
889.5763, 640.9301
890.0584, 664.0032
890.5405, 687.1012
891.0226, 711.8223
891.5048, 738.4573
891.9869, 766.7145
892.4690, 796.4570
892.9511, 827.9691
893.4332, 861.3784
893.9153, 896.2108
894.3975, 935.6232
894.8796, 981.4857
895.3617, 1031.896
895.8438, 1084.146
896.3259, 1137.667
896.8080, 1197.382
897.2902, 1263.073
897.7723, 1331.489
898.2544, 1394.604
898.7365, 1458.885
899.2186, 1537.497
899.7007, 1632.025
900.1829, 1732.139
900.6650, 1832.837
901.1471, 1935.598
901.6292, 2037.717
902.1113, 2139.598
902.5934, 2254.685
903.0756, 2384.987
903.5577, 2521.116
904.0398, 2658.997
904.5219, 2797.407
905.0040, 2927.865
905.4861, 3053.407
905.9682, 3190.298
906.4503, 3368.584
906.9324, 3543.278
907.4146, 3683.593
907.8967, 3795.481
908.3788, 3918.187
908.8609, 4065.068
909.3430, 4194.566
909.8251, 4295.230
910.3073, 4371.858
910.7894, 4438.615
911.2715, 4492.972
911.7536, 4523.607
912.2357, 4521.153
912.7178, 4501.552
913.2000, 4464.375
913.6821, 4420.117
914.1642, 4387.997
914.6463, 4392.721
915.1284, 4367.720
915.6105, 4300.003
916.0927, 4213.264
916.5748, 4138.348
917.0569, 4072.578
917.5390, 4002.319
918.0211, 3925.672
918.5032, 3842.390
918.9854, 3751.387
919.4675, 3654.418
919.9496, 3551.566
920.4317, 3440.751
920.9138, 3329.786
921.3959, 3218.449
921.8781, 3107.375
922.3602, 2996.898
922.8423, 2885.930
923.3244, 2768.286
923.8065, 2642.939
924.2886, 2520.965
924.7708, 2412.563
925.2529, 2307.744
925.7350, 2196.468
926.2171, 2079.307
926.6992, 1965.852
927.1813, 1846.012
927.6635, 1750.463
928.1456, 1699.620
928.6277, 1677.511
929.1098, 1613.558
929.5919, 1513.204
930.0740, 1423.345
930.5562, 1375.372
931.0383, 1341.296
931.5204, 1301.633
932.0025, 1258.609
932.4846, 1218.243
932.9667, 1182.682
933.4489, 1147.781
933.9310, 1112.317
934.4131, 1077.609
934.8952, 1045.049
935.3773, 1014.919
935.8594, 988.5408
936.3416, 966.6498
936.8237, 947.7529
937.3058, 932.0127
937.7879, 918.0703
938.2700, 904.8141
938.7521, 894.0545
939.2343, 878.2070
939.7164, 852.5540
940.1985, 829.0241
940.6806, 819.2005
941.1627, 821.1522
941.6448, 815.7299
942.1270, 802.6003
942.6091, 790.3612
943.0912, 786.0358
943.5733, 784.8992
944.0554, 783.8409
944.5375, 782.5735
945.0197, 779.9020
945.5018, 772.7399
945.9839, 769.8665
946.4660, 775.8759
946.9481, 787.4477
947.4302, 793.8642
947.9124, 795.8149
948.3945, 797.1754
948.8766, 799.4116
949.3587, 802.0370
949.8408, 805.0034
950.3229, 808.0974
950.8051, 810.9574
951.2872, 814.4921
951.7693, 816.1806
952.2514, 816.1367
952.7335, 813.5754
953.2156, 804.7332
953.6978, 792.1706
954.1799, 786.3380
954.6620, 790.0673
955.1441, 793.6011
955.6262, 789.4965
956.1083, 782.7857
956.5905, 777.6592
957.0726, 774.7843
957.5547, 772.5746
958.0368, 772.2689
958.5189, 769.2425
959.0010, 758.4256
959.4832, 742.8263
959.9653, 731.3978
960.4474, 723.9349
960.9295, 718.4080
961.4116, 716.6251
961.8937, 713.5284
962.3759, 703.9656
962.8580, 690.6660
963.3401, 684.6589
963.8222, 688.0792
964.3043, 690.6424
964.7864, 690.0972
965.2686, 686.7205
965.7507, 679.4664
966.2328, 669.8907
966.7149, 661.4611
967.1970, 656.3835
967.6791, 650.2922
968.1613, 639.2455
968.6434, 628.0818
969.1255, 622.0172
969.6076, 622.5827
970.0897, 619.3854
970.5718, 611.5707
971.0540, 604.0345
971.5361, 603.2759
972.0182, 604.3654
972.5003, 598.3008
972.9824, 585.0751
973.4645, 576.1882
973.9467, 578.5256
974.4288, 583.0510
974.9109, 587.9560
975.3930, 592.1878
975.8751, 588.3297
976.3572, 576.5665
976.8394, 568.1927
977.3215, 569.3459
977.8036, 573.5659
978.2857, 573.4152
978.7678, 571.3415
979.2499, 571.7334
979.7321, 578.0617
980.2142, 583.8567
980.6963, 588.9011
981.1784, 592.9702
981.6605, 595.2935
982.1426, 596.1990
982.6248, 596.9097
983.1069, 597.2819
983.5890, 602.0556
984.0711, 622.5781
984.5532, 643.3942
985.0353, 648.6691
985.5175, 634.8812
985.9996, 635.3247
986.4817, 657.0345
986.9638, 676.3228
987.4459, 680.4469
987.9280, 676.2723
988.4102, 682.8576
988.8923, 697.8823
989.3744, 712.6126
989.8565, 723.6251
990.3386, 732.5754
990.8207, 739.2989
991.3029, 744.4680
991.7850, 748.2151
992.2671, 748.7890
992.7492, 756.8417
993.2313, 775.3073
993.7134, 794.6708
994.1956, 803.9627
994.6777, 806.8856
995.1598, 808.2309
995.6419, 808.3967
996.1240, 810.1332
996.6061, 820.1115
997.0883, 825.7662
997.5704, 819.0083
998.0525, 801.5785
998.5346, 794.5132
999.0167, 797.4882
999.4988, 798.9220
999.9810, 791.2982
1000.463, 780.4891
1000.945, 772.3271
1001.427, 765.2282
1001.909, 755.3864
1002.392, 739.2729
1002.874, 724.9391
1003.356, 713.5538
1003.838, 703.7103
1004.320, 693.9524
1004.802, 684.1757
1005.284, 675.0010
1005.766, 666.5894
1006.248, 656.4933
1006.731, 640.9218
1007.213, 624.5533
1007.695, 611.1234
1008.177, 600.6290
1008.659, 589.9402
1009.141, 578.5611
1009.623, 568.6315
1010.105, 562.4050
1010.588, 557.1225
1011.070, 545.5624
1011.552, 530.8160
1012.034, 521.2434
1012.516, 527.1721
1012.998, 529.4194
1013.480, 522.1451
1013.962, 510.4821
1014.444, 500.2986
1014.927, 491.5316
1015.409, 485.8792
1015.891, 484.1346
1016.373, 479.6783
1016.855, 460.4465
1017.337, 439.8419
1017.819, 433.4462
1018.301, 444.1507
1018.783, 444.9555
1019.266, 429.3418
1019.748, 414.4758
1020.230, 407.1462
1020.712, 405.7296
1021.194, 407.5775
1021.676, 411.5479
1022.158, 413.5551
1022.640, 411.2104
1023.122, 407.2942
1023.605, 402.6506
1024.087, 397.1960
1024.569, 390.5619
1025.051, 381.9475
1025.533, 376.6980
1026.015, 375.4737
1026.497, 375.2888
1026.979, 373.5700
1027.462, 371.0540
1027.944, 368.7603
1028.426, 366.7365
1028.908, 364.4655
1029.390, 362.5806
1029.872, 359.2534
1030.354, 353.1681
1030.836, 345.7590
1031.318, 341.7304
1031.801, 340.4834
1032.283, 338.3669
1032.765, 333.4268
1033.247, 328.7881
1033.729, 325.9451
1034.211, 324.8118
1034.693, 325.5103
1035.175, 328.7635
1035.658, 332.1916
1036.140, 336.8302
1036.622, 337.0688
1037.104, 323.5090
1037.586, 304.8706
1038.068, 296.1729
1038.550, 296.6092
1039.032, 298.5632
1039.515, 300.5544
1039.997, 302.0731
1040.479, 302.8759
1040.961, 303.2673
1041.443, 304.4665
1041.925, 306.1823
1042.407, 305.4476
1042.889, 301.2179
1043.371, 296.0866
1043.854, 290.4813
1044.336, 286.0386
1044.818, 285.3564
1045.300, 289.7531
1045.782, 289.7019
1046.264, 284.0161
1046.746, 278.0140
1047.228, 274.0527
1047.710, 272.1852
1048.193, 274.8434
1048.675, 279.9096
1049.157, 281.0534
1049.639, 269.1337
1050.121, 262.0584
1050.603, 266.9676
1051.085, 274.8065
1051.567, 271.7981
1052.050, 259.1443
1052.532, 253.4093
1053.014, 256.7271
1053.496, 260.2084
1053.978, 255.7074
1054.460, 249.4607
1054.942, 245.9731
1055.424, 245.6147
1055.906, 246.5840
1056.389, 250.1676
1056.871, 250.0329
1057.353, 242.5039
1057.835, 232.4692
1058.317, 227.0340
1058.799, 225.2766
1059.281, 225.5634
1059.763, 228.5135
1060.245, 231.3382
1060.728, 234.4361
1061.210, 236.1825
1061.692, 234.4849
1062.174, 229.7920
1062.656, 227.4886
1063.138, 227.4803
1063.620, 227.6544
1064.102, 227.2105
1064.585, 225.9726
1065.067, 223.2234
1065.549, 219.6121
1066.031, 216.9917
1066.513, 215.1927
1066.995, 215.5173
1067.477, 218.7744
1067.959, 221.9897
1068.442, 221.4037
1068.924, 218.5112
1069.406, 214.7274
1069.888, 209.9557
1070.370, 207.3860
1070.852, 207.4285
1071.334, 210.0451
1071.816, 216.8131
1072.298, 225.3767
1072.781, 226.9391
1073.263, 222.9901
1073.745, 219.6246
1074.227, 220.8188
1074.709, 220.9041
1075.191, 215.7819
1075.673, 208.9226
1076.155, 204.0899
1076.637, 201.3233
1077.120, 200.4262
1077.602, 201.4994
1078.084, 203.1658
1078.566, 204.9007
1079.048, 206.2899
1079.530, 206.8910
1080.012, 206.7551
1080.494, 206.1450
1080.976, 204.6748
1081.459, 203.7791
1081.941, 203.8680
1082.423, 204.3312
1082.905, 204.5958
1083.387, 204.4469
1083.869, 202.9535
1084.351, 199.6246
1084.833, 197.8049
1085.316, 201.6182
1085.798, 204.0726
1086.280, 200.7126
1086.762, 193.4407
1087.244, 193.4549
1087.726, 199.8631
1088.208, 205.0124
1088.690, 205.9456
1089.172, 204.1896
1089.655, 198.4681
1090.137, 191.8214
1090.619, 188.1669
1091.101, 188.1534
1091.583, 189.6466
1092.065, 193.0812
1092.547, 194.9777
1093.029, 190.1735
1093.511, 183.9409
1093.994, 183.7180
1094.476, 188.1799
1094.958, 190.8819
1095.440, 189.8193
1095.922, 187.9210
1096.404, 185.0635
1096.886, 182.5184
1097.368, 183.2874
1097.851, 185.6245
1098.333, 184.7304
1098.815, 179.7873
1099.297, 174.1116
1099.779, 166.8580
1100.261, 161.7874
1100.743, 160.9044
1101.225, 163.3844
1101.708, 167.1207
1102.190, 171.5768
1102.672, 171.7549
1103.154, 163.4508
1103.636, 156.0752
1104.118, 157.4108
1104.600, 162.7279
1105.082, 167.3941
1105.564, 171.6757
1106.047, 171.9912
1106.529, 167.7950
1107.011, 164.3190
1107.493, 167.0239
1107.975, 170.7392
1108.457, 167.3129
1108.939, 159.9307
1109.421, 157.2599
1109.903, 165.9301
1110.386, 169.9966
1110.868, 167.0535
1111.350, 162.2406
1111.832, 161.5605
1112.314, 163.1563
1112.796, 162.6654
1113.278, 159.9207
1113.760, 157.4500
1114.243, 155.0891
1114.725, 154.9262
1115.207, 158.8253
1115.689, 164.1569
1116.171, 164.1048
1116.653, 159.7766
1117.135, 157.1602
1117.617, 157.6596
1118.099, 159.4397
1118.582, 162.6563
1119.064, 165.5921
1119.546, 167.0511
1120.028, 167.1016
1120.510, 166.9116
1120.992, 166.4868
1121.474, 164.9933
1121.956, 160.8498
1122.438, 157.4755
1122.921, 159.1454
1123.403, 163.0617
1123.885, 165.4455
1124.367, 166.4814
1124.849, 163.4054
1125.331, 154.8763
1125.813, 148.9457
1126.295, 155.4837
1126.778, 165.5592
1127.260, 165.0841
1127.742, 157.1906
1128.224, 152.1573
1128.706, 153.6384
1129.188, 156.8733
1129.670, 162.3538
1130.152, 167.4750
1130.635, 168.9479
1131.117, 167.7097
1131.599, 165.6275
1132.081, 162.8993
1132.563, 160.0553
1133.045, 156.2788
1133.527, 153.6848
1134.009, 152.7898
1134.491, 153.5044
1134.974, 156.7162
1135.456, 161.5929
1135.938, 164.0180
1136.420, 162.7579
1136.902, 161.3998
1137.384, 162.1669
1137.866, 163.4621
1138.348, 164.4582
1138.830, 165.0932
1139.313, 164.6817
1139.795, 163.3068
1140.277, 162.5275
1140.759, 164.0448
1141.241, 164.1379
1141.723, 155.7780
1142.205, 146.8668
1142.687, 148.2009
1143.170, 162.8053
1143.652, 167.3752
1144.134, 161.1208
1144.616, 154.5785
1145.098, 154.7043
1145.580, 157.6710
1146.062, 160.5314
1146.544, 162.9743
1147.026, 164.2746
1147.509, 164.1163
1147.991, 163.3865
1148.473, 161.8635
1148.955, 160.7708
1149.437, 161.5961
1149.919, 163.3408
1150.401, 165.0539
1150.883, 166.4818
1151.365, 166.6171
1151.848, 163.5471
1152.330, 162.6094
1152.812, 165.7521
1153.294, 168.8618
1153.776, 163.4124
1154.258, 154.5776
1154.740, 154.9677
1155.222, 165.9960
1155.705, 172.3987
1156.187, 163.3638
1156.669, 155.9555
1157.151, 155.3837
1157.633, 158.6155
1158.115, 158.4275
1158.597, 156.2246
1159.079, 157.0825
1159.562, 163.2054
1160.044, 167.2669
1160.526, 163.6410
1161.008, 159.6698
1161.490, 159.3174
1161.972, 161.5442
1162.454, 161.1221
1162.936, 158.5871
1163.418, 156.8581
1163.901, 157.3791
1164.383, 158.1991
1164.865, 158.3669
1165.347, 158.3625
1165.829, 158.8312
1166.311, 159.7652
1166.793, 158.3832
1167.275, 154.9446
1167.757, 152.8190
1168.240, 156.3554
1168.722, 159.1485
1169.204, 155.4866
1169.686, 149.7790
1170.168, 148.8164
1170.650, 153.6374
1171.132, 153.8017
1171.614, 148.7908
1172.097, 145.4126
1172.579, 150.8096
1173.061, 157.7217
1173.543, 160.5679
1174.025, 160.4905
1174.507, 161.2067
1174.989, 162.8936
1175.471, 165.1899
1175.953, 168.3862
1176.436, 169.4533
1176.918, 161.7366
1177.400, 153.5555
1177.882, 154.0555
1178.364, 162.1571
1178.846, 167.4477
1179.328, 170.0294
1179.810, 167.0662
1180.292, 156.6022
1180.775, 146.3483
1181.257, 145.1605
1181.739, 148.9100
1182.221, 154.1770
1182.703, 160.4037
1183.185, 162.3431
1183.667, 158.1999
1184.149, 155.7260
1184.631, 157.9249
1185.114, 161.0303
1185.596, 158.1581
1186.078, 153.4214
1186.560, 153.6867
1187.042, 161.6165
1187.524, 163.8475
1188.006, 157.4950
1188.488, 152.1905
1188.971, 152.3142
1189.453, 155.4057
1189.935, 158.7523
1190.417, 161.5054
1190.899, 162.0349
1191.381, 159.1651
1191.863, 155.9977
1192.345, 152.1813
1192.828, 149.4707
1193.310, 148.9848
1193.792, 150.1725
1194.274, 153.4312
1194.756, 157.2437
1195.238, 158.1537
1195.720, 151.8791
1196.202, 148.4448
1196.684, 148.7829
1197.167, 151.0283
1197.649, 154.1403
1198.131, 157.9579
1198.613, 162.9189
1199.095, 168.3106
1199.577, 171.8723
1200.059, 173.3810
1200.541, 171.5933
1201.023, 165.0818
1201.506, 158.2945
1201.988, 155.3955
1202.470, 155.4783
1202.952, 158.6199
1203.434, 163.3804
1203.916, 163.6289
1204.398, 149.6422
1204.880, 142.3712
1205.363, 146.8634
1205.845, 154.2231
1206.327, 152.4547
1206.809, 146.0426
1207.291, 146.2218
1207.773, 152.9281
1208.255, 158.8649
1208.737, 162.0297
1209.219, 162.9392
1209.702, 160.2586
1210.184, 157.9048
1210.666, 164.2593
1211.148, 174.4693
1211.630, 175.9479
1212.112, 167.7283
1212.594, 162.7300
1213.076, 169.5286
1213.558, 173.7775
1214.041, 171.8042
1214.523, 166.5125
1215.005, 161.6694
1215.487, 157.7084
1215.969, 155.6511
1216.451, 155.7424
1216.933, 156.1423
1217.415, 155.7021
1217.898, 156.7350
1218.380, 160.7393
1218.862, 165.4090
1219.344, 165.8797
1219.826, 163.6203
1220.308, 161.4633
1220.790, 159.8860
1221.272, 158.9508
1221.755, 159.0428
1222.237, 158.9257
1222.719, 157.5712
1223.201, 156.4920
1223.683, 161.2038
1224.165, 168.0609
1224.647, 168.6697
1225.129, 158.9911
1225.611, 151.9801
1226.094, 149.2230
1226.576, 150.0788
1227.058, 156.2610
1227.540, 163.5447
1228.022, 161.0233
1228.504, 153.1895
1228.986, 149.4932
1229.468, 153.7280
1229.950, 157.7731
1230.433, 160.9641
1230.915, 163.4697
1231.397, 165.1193
1231.879, 166.3931
1232.361, 168.4241
1232.843, 170.7489
1233.325, 172.5697
1233.807, 174.4144
1234.290, 173.2961
1234.772, 167.9586
1235.254, 163.2369
1235.736, 162.5169
1236.218, 163.9047
1236.700, 164.6581
1237.182, 164.8506
1237.664, 164.5632
1238.146, 162.6448
1238.629, 163.1988
1239.111, 167.1555
1239.593, 170.1379
1240.075, 167.9373
1240.557, 163.8191
1241.039, 162.2963
1241.521, 162.5663
1242.003, 162.9843
1242.485, 162.9108
1242.968, 163.9514
1243.450, 166.2810
1243.932, 168.8338
1244.414, 172.4460
1244.896, 174.4351
1245.378, 168.9113
1245.860, 160.0771
1246.342, 157.8670
1246.825, 166.0257
1247.307, 168.8757
1247.789, 165.4217
1248.271, 161.6240
1248.753, 162.4379
1249.235, 164.6463
1249.717, 166.1615
1250.199, 166.5888
1250.682, 164.7541
1251.164, 159.4331
1251.646, 159.6738
1252.128, 166.1752
1252.610, 171.6927
1253.092, 168.2316
1253.574, 164.3896
1254.056, 168.6131
1254.538, 176.2673
1255.021, 177.5886
1255.503, 172.0364
1255.985, 169.9941
1256.467, 172.1082
1256.949, 172.7493
1257.431, 165.0673
1257.913, 157.7459
1258.395, 156.9043
1258.877, 159.2910
1259.360, 159.9883
1259.842, 159.1637
1260.324, 159.9459
1260.806, 162.4644
1261.288, 164.7775
1261.770, 164.9582
1262.252, 165.6088
1262.734, 168.7822
1263.217, 172.1322
1263.699, 171.9470
1264.181, 168.8960
1264.663, 166.0008
1265.145, 163.5776
1265.627, 162.3049
1266.109, 162.2208
1266.591, 164.2484
1267.073, 170.2934
1267.556, 175.8766
1268.038, 172.8019
1268.520, 164.6602
1269.002, 161.3220
1269.484, 163.2528
1269.966, 166.6306
1270.448, 172.9429
1270.930, 176.2539
1271.412, 175.2225
1271.895, 171.7066
1272.377, 165.9718
1272.859, 160.4284
1273.341, 160.7523
1273.823, 166.3281
1274.305, 169.2141
1274.787, 167.1382
1275.269, 164.3752
1275.752, 161.2704
1276.234, 158.7376
1276.716, 157.5046
1277.198, 157.7048
1277.680, 160.3700
1278.162, 164.8997
1278.644, 167.7133
1279.126, 168.6862
1279.609, 167.5678
1280.091, 163.9639
1280.573, 160.7918
1281.055, 161.7471
1281.537, 163.5611
1282.019, 162.5697
1282.501, 160.0733
1282.983, 161.6908
1283.465, 167.9040
1283.948, 169.5964
1284.430, 165.3061
1284.912, 161.2718
1285.394, 163.5603
1285.876, 166.1578
1286.358, 164.2274
1286.840, 160.5881
1287.322, 161.4144
1287.804, 165.9531
1288.287, 167.4876
1288.769, 165.3065
1289.251, 163.7483
1289.733, 166.0350
1290.215, 168.6828
1290.697, 171.6961
1291.179, 172.8942
##END=



