##NAMES=Albite
##RRUFFID=R070268
##IDEAL CHEMISTRY=NaAlSi_3_O_8_
##LOCALITY=Kitty Hawk, North Carolina, USA
##OWNER=RRUFF
##SOURCE=Michael Scott
##DESCRIPTION=White cleavage fragment showing polysynthetic twinning, associated with smoky quartz. Variety oligoclase.
##STATUS=The identification of this mineral has been confirmed by X-ray diffraction and chemical analysis
##URL=rruff.info/R070268
##MEASURED CHEMISTRY=Na_0.77_Ca_0.22_Al_1.22_Si_2.78_O_8_
127.2869, 489.0855
127.7690, 516.8840
128.2512, 547.5394
128.7333, 581.6285
129.2154, 616.8586
129.6975, 659.4161
130.1796, 710.8158
130.6617, 769.6486
131.1439, 834.3419
131.6260, 904.4537
132.1081, 979.1837
132.5902, 1052.239
133.0723, 1139.346
133.5544, 1207.787
134.0366, 1249.884
134.5187, 1268.496
135.0008, 1267.482
135.4829, 1247.890
135.9650, 1210.810
136.4471, 1178.926
136.9293, 1156.868
137.4114, 1134.796
137.8935, 1109.865
138.3756, 1082.524
138.8577, 1053.786
139.3398, 1023.967
139.8220, 992.9898
140.3041, 966.8245
140.7862, 941.8710
141.2683, 923.6733
141.7504, 912.8470
142.2325, 910.5378
142.7147, 920.0582
143.1968, 945.0271
143.6789, 986.1561
144.1610, 1030.556
144.6431, 1074.342
145.1252, 1123.910
145.6074, 1186.476
146.0895, 1260.354
146.5716, 1334.341
147.0537, 1399.447
147.5358, 1455.209
148.0179, 1512.660
148.5001, 1579.168
148.9822, 1641.935
149.4643, 1691.951
149.9464, 1729.086
150.4285, 1757.896
150.9106, 1781.608
151.3928, 1799.510
151.8749, 1811.535
152.3570, 1823.984
152.8391, 1826.656
153.3212, 1805.878
153.8033, 1760.118
154.2855, 1709.036
154.7676, 1665.057
155.2497, 1628.032
155.7318, 1597.801
156.2139, 1575.481
156.6960, 1559.448
157.1782, 1549.807
157.6603, 1547.537
158.1424, 1545.122
158.6245, 1532.287
159.1066, 1514.444
159.5887, 1505.799
160.0709, 1516.401
160.5530, 1535.829
161.0351, 1549.126
161.5172, 1554.836
161.9993, 1558.406
162.4814, 1563.106
162.9636, 1568.435
163.4457, 1573.597
163.9278, 1578.262
164.4099, 1582.581
164.8920, 1587.063
165.3741, 1592.171
165.8563, 1596.064
166.3384, 1596.261
166.8205, 1594.616
167.3026, 1594.222
167.7847, 1595.848
168.2668, 1599.668
168.7490, 1606.960
169.2311, 1619.975
169.7132, 1631.353
170.1953, 1636.229
170.6774, 1637.241
171.1595, 1638.163
171.6417, 1639.889
172.1238, 1642.969
172.6059, 1650.032
173.0880, 1665.112
173.5701, 1675.777
174.0522, 1673.470
174.5344, 1664.439
175.0165, 1657.449
175.4986, 1656.732
175.9807, 1660.784
176.4628, 1666.118
176.9449, 1674.726
177.4271, 1680.731
177.9092, 1680.116
178.3913, 1676.372
178.8734, 1674.041
179.3555, 1675.136
179.8376, 1679.244
180.3197, 1685.474
180.8019, 1695.325
181.2840, 1704.683
181.7661, 1714.716
182.2482, 1722.961
182.7303, 1725.407
183.2124, 1718.919
183.6946, 1707.339
184.1767, 1701.679
184.6588, 1704.018
185.1409, 1709.278
185.6230, 1719.970
186.1051, 1730.941
186.5873, 1735.347
187.0694, 1729.097
187.5515, 1717.045
188.0336, 1712.875
188.5157, 1724.189
188.9978, 1730.208
189.4800, 1721.806
189.9621, 1708.628
190.4442, 1700.948
190.9263, 1703.608
191.4084, 1712.534
191.8905, 1717.853
192.3727, 1717.430
192.8548, 1717.017
193.3369, 1716.563
193.8190, 1717.053
194.3011, 1720.056
194.7832, 1726.247
195.2654, 1733.619
195.7475, 1737.402
196.2296, 1734.357
196.7117, 1733.882
197.1938, 1740.234
197.6759, 1747.609
198.1581, 1750.545
198.6402, 1747.279
199.1223, 1740.800
199.6044, 1736.293
200.0865, 1733.272
200.5686, 1733.628
201.0508, 1739.394
201.5329, 1746.745
202.0150, 1753.294
202.4971, 1758.242
202.9792, 1761.387
203.4613, 1762.714
203.9435, 1763.339
204.4256, 1759.180
204.9077, 1745.318
205.3898, 1730.670
205.8719, 1722.238
206.3540, 1720.947
206.8362, 1721.605
207.3183, 1717.107
207.8004, 1705.922
208.2825, 1693.247
208.7646, 1679.905
209.2467, 1664.731
209.7289, 1646.991
210.2110, 1626.693
210.6931, 1604.156
211.1752, 1578.810
211.6573, 1548.678
212.1395, 1523.726
212.6216, 1505.856
213.1037, 1491.204
213.5858, 1478.999
214.0679, 1468.669
214.5500, 1459.444
215.0322, 1451.329
215.5143, 1445.283
215.9964, 1433.851
216.4785, 1403.250
216.9606, 1380.004
217.4427, 1380.500
217.9249, 1398.484
218.4070, 1414.473
218.8891, 1410.743
219.3712, 1386.480
219.8533, 1372.123
220.3354, 1378.617
220.8176, 1384.906
221.2997, 1385.298
221.7818, 1381.118
222.2639, 1375.650
222.7460, 1370.697
223.2281, 1366.545
223.7103, 1366.736
224.1924, 1377.479
224.6745, 1385.976
225.1566, 1387.292
225.6387, 1385.153
226.1208, 1386.071
226.6030, 1394.432
227.0851, 1407.166
227.5672, 1410.918
228.0493, 1396.255
228.5314, 1384.970
229.0135, 1380.323
229.4957, 1380.951
229.9778, 1386.057
230.4599, 1395.437
230.9420, 1407.075
231.4241, 1415.929
231.9062, 1419.883
232.3884, 1424.524
232.8705, 1430.616
233.3526, 1437.542
233.8347, 1445.178
234.3168, 1453.396
234.7989, 1461.481
235.2811, 1468.114
235.7632, 1472.893
236.2453, 1477.131
236.7274, 1479.964
237.2095, 1483.066
237.6916, 1486.270
238.1738, 1490.108
238.6559, 1497.320
239.1380, 1513.618
239.6201, 1543.754
240.1022, 1565.259
240.5843, 1572.211
241.0665, 1574.586
241.5486, 1573.471
242.0307, 1570.988
242.5128, 1572.709
242.9949, 1587.450
243.4770, 1617.359
243.9592, 1634.375
244.4413, 1624.310
244.9234, 1614.141
245.4055, 1614.263
245.8876, 1622.657
246.3697, 1632.498
246.8519, 1640.014
247.3340, 1644.994
247.8161, 1644.199
248.2982, 1627.775
248.7803, 1619.228
249.2624, 1632.424
249.7446, 1657.124
250.2267, 1676.693
250.7088, 1681.845
251.1909, 1676.661
251.6730, 1672.180
252.1551, 1667.004
252.6373, 1665.637
253.1194, 1670.248
253.6015, 1678.571
254.0836, 1688.955
254.5657, 1701.285
255.0478, 1713.610
255.5300, 1723.664
256.0121, 1732.172
256.4942, 1735.419
256.9763, 1726.223
257.4584, 1714.772
257.9406, 1708.430
258.4227, 1708.817
258.9048, 1712.169
259.3869, 1713.560
259.8690, 1712.694
260.3511, 1717.555
260.8333, 1736.120
261.3154, 1755.284
261.7975, 1765.410
262.2796, 1766.439
262.7617, 1764.980
263.2438, 1766.955
263.7260, 1771.030
264.2081, 1768.201
264.6902, 1752.231
265.1723, 1737.542
265.6544, 1735.424
266.1365, 1743.133
266.6187, 1752.036
267.1008, 1759.185
267.5829, 1764.579
268.0650, 1767.693
268.5471, 1767.804
269.0292, 1767.948
269.5114, 1773.931
269.9935, 1781.095
270.4756, 1779.984
270.9577, 1758.651
271.4398, 1735.843
271.9219, 1735.983
272.4041, 1759.780
272.8862, 1782.854
273.3683, 1793.860
273.8504, 1795.855
274.3325, 1795.873
274.8146, 1794.015
275.2968, 1790.528
275.7789, 1783.196
276.2610, 1773.663
276.7431, 1769.017
277.2252, 1772.703
277.7073, 1781.266
278.1895, 1789.688
278.6716, 1798.604
279.1537, 1804.934
279.6358, 1806.067
280.1179, 1804.199
280.6000, 1802.678
281.0822, 1802.088
281.5643, 1802.898
282.0464, 1807.304
282.5285, 1816.056
283.0106, 1818.504
283.4927, 1805.906
283.9749, 1791.266
284.4570, 1786.042
284.9391, 1791.096
285.4212, 1802.297
285.9033, 1818.973
286.3854, 1840.365
286.8676, 1848.253
287.3497, 1832.451
287.8318, 1814.380
288.3139, 1803.437
288.7960, 1798.546
289.2781, 1796.531
289.7603, 1796.392
290.2424, 1796.540
290.7245, 1790.030
291.2066, 1771.746
291.6887, 1753.645
292.1708, 1741.705
292.6530, 1729.408
293.1351, 1705.852
293.6172, 1667.511
294.0993, 1624.564
294.5814, 1595.658
295.0635, 1591.238
295.5457, 1581.667
296.0278, 1564.385
296.5099, 1544.307
296.9920, 1523.859
297.4741, 1503.867
297.9562, 1485.289
298.4384, 1468.979
298.9205, 1454.985
299.4026, 1442.896
299.8847, 1435.665
300.3668, 1427.345
300.8489, 1413.669
301.3311, 1397.264
301.8131, 1384.129
302.2953, 1378.693
302.7774, 1379.153
303.2595, 1376.464
303.7416, 1370.736
304.2237, 1361.157
304.7058, 1344.586
305.1880, 1325.849
305.6701, 1309.922
306.1522, 1298.651
306.6343, 1290.619
307.1164, 1283.539
307.5985, 1277.204
308.0807, 1272.718
308.5628, 1272.693
309.0449, 1272.937
309.5270, 1270.912
310.0091, 1266.420
310.4912, 1261.074
310.9734, 1256.953
311.4555, 1253.703
311.9376, 1247.050
312.4197, 1234.333
312.9018, 1221.594
313.3839, 1211.334
313.8661, 1203.783
314.3482, 1199.953
314.8303, 1203.176
315.3124, 1209.129
315.7945, 1209.717
316.2766, 1204.153
316.7588, 1197.732
317.2409, 1191.548
317.7230, 1187.015
318.2051, 1187.038
318.6872, 1194.710
319.1693, 1202.154
319.6515, 1203.450
320.1336, 1199.444
320.6157, 1193.062
321.0978, 1183.528
321.5799, 1174.870
322.0620, 1174.971
322.5442, 1185.192
323.0263, 1193.299
323.5084, 1194.174
323.9905, 1191.747
324.4726, 1190.901
324.9547, 1192.456
325.4369, 1194.983
325.9190, 1196.694
326.4011, 1197.426
326.8832, 1202.044
327.3653, 1212.984
327.8474, 1225.415
328.3296, 1239.572
328.8117, 1253.362
329.2938, 1260.651
329.7759, 1257.093
330.2580, 1245.683
330.7401, 1240.134
331.2223, 1246.190
331.7044, 1251.007
332.1865, 1254.161
332.6686, 1255.042
333.1507, 1252.281
333.6328, 1245.703
334.1150, 1237.583
334.5971, 1230.895
335.0792, 1224.818
335.5613, 1222.763
336.0434, 1229.025
336.5255, 1235.028
337.0077, 1237.033
337.4898, 1234.846
337.9719, 1229.326
338.4540, 1220.032
338.9361, 1207.846
339.4182, 1201.158
339.9004, 1204.779
340.3825, 1206.949
340.8646, 1203.301
341.3467, 1196.727
341.8288, 1190.374
342.3109, 1185.097
342.7931, 1181.884
343.2752, 1183.955
343.7573, 1192.688
344.2394, 1196.609
344.7215, 1188.042
345.2036, 1177.556
345.6858, 1174.521
346.1679, 1179.178
346.6500, 1183.177
347.1321, 1179.477
347.6142, 1171.125
348.0963, 1167.123
348.5785, 1169.520
349.0606, 1172.600
349.5427, 1171.144
350.0248, 1166.672
350.5069, 1163.687
350.9890, 1165.246
351.4712, 1166.760
351.9533, 1164.289
352.4354, 1158.321
352.9175, 1150.803
353.3996, 1141.376
353.8817, 1132.428
354.3639, 1131.183
354.8460, 1140.595
355.3281, 1149.531
355.8102, 1157.170
356.2923, 1162.310
356.7744, 1162.623
357.2566, 1157.841
357.7387, 1150.922
358.2208, 1145.113
358.7029, 1140.717
359.1850, 1135.678
359.6671, 1125.437
360.1493, 1119.097
360.6314, 1124.806
361.1135, 1137.474
361.5956, 1145.570
362.0777, 1141.893
362.5598, 1130.135
363.0420, 1123.944
363.5241, 1127.533
364.0062, 1130.147
364.4883, 1129.730
364.9704, 1128.402
365.4525, 1127.238
365.9347, 1126.745
366.4168, 1128.111
366.8989, 1135.254
367.3810, 1149.121
367.8631, 1152.951
368.3452, 1137.310
368.8274, 1121.869
369.3095, 1116.213
369.7916, 1118.366
370.2737, 1123.464
370.7558, 1130.760
371.2379, 1138.444
371.7201, 1143.243
372.2022, 1144.945
372.6843, 1145.770
373.1664, 1146.780
373.6485, 1147.236
374.1306, 1146.096
374.6128, 1143.067
375.0949, 1139.394
375.5770, 1133.610
376.0591, 1128.008
376.5412, 1128.748
377.0233, 1137.844
377.5055, 1147.302
377.9876, 1148.250
378.4697, 1139.547
378.9518, 1134.218
379.4339, 1134.434
379.9160, 1136.250
380.3982, 1137.765
380.8803, 1138.978
381.3624, 1140.330
381.8445, 1142.073
382.3266, 1144.068
382.8087, 1145.898
383.2909, 1145.802
383.7730, 1147.999
384.2551, 1156.360
384.7372, 1164.556
385.2193, 1166.597
385.7014, 1162.078
386.1836, 1155.688
386.6657, 1152.173
387.1478, 1151.673
387.6299, 1151.577
388.1120, 1151.311
388.5941, 1152.232
389.0763, 1155.480
389.5584, 1159.986
390.0405, 1164.143
390.5226, 1167.363
391.0047, 1169.778
391.4868, 1170.543
391.9690, 1169.089
392.4511, 1171.848
392.9332, 1185.153
393.4153, 1199.084
393.8974, 1203.869
394.3795, 1199.481
394.8617, 1193.436
395.3438, 1184.556
395.8259, 1177.996
396.3080, 1185.970
396.7901, 1210.432
397.2722, 1232.746
397.7544, 1238.351
398.2365, 1230.617
398.7186, 1229.607
399.2007, 1242.211
399.6828, 1253.663
400.1649, 1256.676
400.6471, 1255.142
401.1292, 1255.196
401.6113, 1258.861
402.0934, 1265.224
402.5755, 1272.993
403.0576, 1281.977
403.5398, 1293.161
404.0219, 1310.915
404.5040, 1326.634
404.9861, 1335.641
405.4682, 1338.910
405.9503, 1339.000
406.4325, 1336.939
406.9146, 1334.268
407.3967, 1337.426
407.8788, 1351.723
408.3609, 1360.805
408.8430, 1357.438
409.3252, 1350.804
409.8073, 1348.199
410.2894, 1350.655
410.7715, 1353.871
411.2536, 1353.909
411.7357, 1351.445
412.2179, 1350.915
412.7000, 1354.837
413.1821, 1355.302
413.6642, 1342.718
414.1463, 1322.986
414.6284, 1308.255
415.1106, 1305.791
415.5927, 1302.671
416.0748, 1285.989
416.5569, 1260.492
417.0390, 1242.283
417.5211, 1238.129
418.0033, 1238.514
418.4854, 1228.355
418.9675, 1202.410
419.4496, 1184.048
419.9317, 1181.234
420.4138, 1180.456
420.8960, 1171.144
421.3781, 1155.341
421.8602, 1142.315
422.3423, 1138.411
422.8244, 1141.011
423.3065, 1138.504
423.7887, 1124.531
424.2708, 1115.439
424.7529, 1117.623
425.2350, 1121.733
425.7171, 1120.010
426.1992, 1111.486
426.6814, 1100.704
427.1635, 1089.452
427.6456, 1078.343
428.1277, 1076.833
428.6098, 1089.477
429.0919, 1103.042
429.5741, 1113.919
430.0562, 1120.589
430.5383, 1118.904
431.0204, 1104.084
431.5025, 1088.992
431.9846, 1085.800
432.4668, 1091.449
432.9489, 1095.190
433.4310, 1094.333
433.9131, 1090.539
434.3952, 1083.715
434.8773, 1072.975
435.3595, 1071.194
435.8416, 1087.119
436.3237, 1104.976
436.8058, 1115.264
437.2879, 1119.503
437.7701, 1122.990
438.2522, 1128.371
438.7343, 1135.025
439.2164, 1141.117
439.6985, 1144.046
440.1806, 1151.261
440.6628, 1169.260
441.1449, 1185.914
441.6270, 1191.248
442.1091, 1187.179
442.5912, 1184.000
443.0733, 1190.287
443.5555, 1203.155
444.0376, 1210.518
444.5197, 1209.426
445.0018, 1211.125
445.4839, 1222.685
445.9660, 1237.849
446.4482, 1250.999
446.9303, 1261.347
447.4124, 1270.098
447.8945, 1276.977
448.3766, 1282.975
448.8587, 1290.078
449.3409, 1298.600
449.8230, 1307.686
450.3051, 1315.672
450.7872, 1323.444
451.2693, 1337.871
451.7514, 1365.663
452.2336, 1391.751
452.7157, 1414.379
453.1978, 1431.138
453.6799, 1435.068
454.1620, 1425.302
454.6441, 1414.294
455.1263, 1419.767
455.6084, 1446.513
456.0905, 1462.500
456.5726, 1457.651
457.0547, 1451.743
457.5368, 1448.739
458.0190, 1449.051
458.5011, 1453.094
458.9832, 1461.451
459.4653, 1471.657
459.9474, 1480.705
460.4295, 1488.565
460.9117, 1494.807
461.3938, 1498.073
461.8759, 1501.436
462.3580, 1507.673
462.8401, 1516.403
463.3222, 1526.017
463.8044, 1537.683
464.2865, 1548.844
464.7686, 1554.914
465.2507, 1557.884
465.7328, 1565.773
466.2149, 1582.275
466.6971, 1604.735
467.1792, 1628.006
467.6613, 1653.556
468.1434, 1676.784
468.6255, 1693.180
469.1076, 1711.225
469.5898, 1735.557
470.0719, 1766.118
470.5540, 1802.123
471.0361, 1844.576
471.5182, 1888.592
472.0003, 1914.241
472.4825, 1901.457
472.9646, 1924.881
473.4467, 2053.596
473.9288, 2185.396
474.4109, 2246.402
474.8930, 2238.428
475.3752, 2225.895
475.8573, 2245.424
476.3394, 2283.886
476.8215, 2321.627
477.3036, 2358.113
477.7857, 2391.198
478.2679, 2420.481
478.7500, 2445.047
479.2321, 2463.312
479.7142, 2478.275
480.1963, 2481.285
480.6784, 2468.390
481.1606, 2444.375
481.6427, 2410.739
482.1248, 2369.391
482.6069, 2325.678
483.0890, 2283.216
483.5711, 2241.793
484.0533, 2199.338
484.5354, 2156.147
485.0175, 2111.162
485.4996, 2059.927
485.9817, 2010.050
486.4638, 1967.294
486.9460, 1932.329
487.4281, 1903.597
487.9102, 1882.900
488.3923, 1867.322
488.8744, 1845.940
489.3565, 1816.632
489.8387, 1793.433
490.3208, 1783.118
490.8029, 1784.236
491.2850, 1792.401
491.7671, 1809.220
492.2492, 1828.231
492.7314, 1850.619
493.2135, 1872.058
493.6956, 1883.495
494.1777, 1886.408
494.6598, 1895.631
495.1419, 1922.989
495.6241, 1965.971
496.1062, 2009.114
496.5883, 2050.345
497.0704, 2094.568
497.5525, 2141.575
498.0346, 2192.241
498.5168, 2246.652
498.9989, 2305.098
499.4810, 2368.538
499.9631, 2437.531
500.4452, 2512.279
500.9273, 2592.647
501.4095, 2679.047
501.8916, 2770.376
502.3737, 2871.601
502.8558, 2974.753
503.3379, 3065.437
503.8200, 3139.419
504.3022, 3216.427
504.7843, 3314.335
505.2664, 3412.885
505.7485, 3487.505
506.2306, 3537.321
506.7127, 3573.793
507.1949, 3605.380
507.6770, 3629.162
508.1591, 3632.405
508.6412, 3611.975
509.1233, 3573.302
509.6054, 3510.089
510.0876, 3434.973
510.5697, 3359.357
511.0518, 3281.924
511.5339, 3190.958
512.0161, 3072.713
512.4982, 2938.509
512.9803, 2819.490
513.4624, 2719.109
513.9445, 2617.131
514.4266, 2503.514
514.9088, 2387.803
515.3909, 2279.882
515.8730, 2179.094
516.3551, 2090.798
516.8372, 2022.124
517.3193, 1962.301
517.8015, 1900.958
518.2836, 1838.735
518.7657, 1779.645
519.2478, 1726.070
519.7299, 1676.966
520.2120, 1629.904
520.6942, 1584.070
521.1763, 1541.748
521.6584, 1499.447
522.1405, 1463.447
522.6226, 1442.452
523.1047, 1430.420
523.5869, 1411.990
524.0690, 1376.519
524.5511, 1336.110
525.0332, 1312.003
525.5153, 1304.087
525.9974, 1294.655
526.4796, 1278.913
526.9617, 1261.372
527.4438, 1246.818
527.9259, 1234.867
528.4080, 1223.122
528.8901, 1211.269
529.3723, 1199.498
529.8544, 1187.523
530.3365, 1175.759
530.8186, 1165.207
531.3007, 1156.140
531.7828, 1147.852
532.2650, 1138.998
532.7471, 1128.869
533.2292, 1122.470
533.7113, 1123.081
534.1934, 1123.772
534.6755, 1125.435
535.1577, 1124.790
535.6398, 1115.099
536.1219, 1093.201
536.6040, 1073.681
537.0861, 1074.690
537.5682, 1089.166
538.0504, 1092.885
538.5325, 1081.836
539.0146, 1069.357
539.4967, 1065.273
539.9788, 1067.534
540.4609, 1065.868
540.9431, 1057.013
541.4252, 1049.147
541.9073, 1042.711
542.3894, 1038.769
542.8715, 1039.537
543.3536, 1044.335
543.8358, 1049.485
544.3179, 1052.294
544.8000, 1052.873
545.2821, 1051.185
545.7642, 1045.777
546.2463, 1042.103
546.7285, 1042.937
547.2106, 1045.032
547.6927, 1045.810
548.1748, 1045.311
548.6569, 1045.372
549.1390, 1046.069
549.6211, 1048.234
550.1032, 1055.129
550.5853, 1064.945
551.0674, 1069.289
551.5496, 1064.351
552.0317, 1054.877
552.5138, 1048.038
552.9959, 1043.104
553.4780, 1043.562
553.9601, 1055.948
554.4423, 1065.952
554.9244, 1066.239
555.4065, 1060.849
555.8886, 1055.958
556.3707, 1053.764
556.8528, 1053.894
557.3350, 1056.160
557.8171, 1060.458
558.2992, 1066.457
558.7813, 1075.018
559.2634, 1082.394
559.7455, 1085.199
560.2277, 1085.003
560.7098, 1086.874
561.1919, 1090.834
561.6740, 1096.890
562.1561, 1107.919
562.6382, 1119.293
563.1204, 1123.995
563.6025, 1123.055
564.0846, 1125.712
564.5667, 1139.729
565.0488, 1160.896
565.5309, 1172.162
566.0131, 1169.308
566.4952, 1167.215
566.9773, 1170.089
567.4594, 1173.113
567.9415, 1171.017
568.4236, 1165.651
568.9058, 1165.818
569.3879, 1179.973
569.8700, 1197.019
570.3521, 1206.617
570.8342, 1209.765
571.3163, 1209.291
571.7985, 1205.884
572.2806, 1200.795
572.7627, 1195.562
573.2448, 1190.287
573.7269, 1183.679
574.2090, 1171.586
574.6912, 1163.093
575.1733, 1166.368
575.6554, 1171.336
576.1375, 1164.787
576.6196, 1144.666
577.1017, 1123.464
577.5839, 1114.314
578.0660, 1113.112
578.5481, 1104.577
579.0302, 1087.351
579.5123, 1073.262
579.9944, 1068.627
580.4766, 1069.489
580.9587, 1068.771
581.4408, 1066.584
581.9229, 1062.923
582.4050, 1057.134
582.8871, 1050.479
583.3693, 1041.653
583.8514, 1032.918
584.3335, 1029.824
584.8156, 1035.015
585.2977, 1042.284
585.7798, 1040.302
586.2620, 1027.822
586.7441, 1021.497
587.2262, 1026.463
587.7083, 1030.390
588.1904, 1023.593
588.6725, 1011.843
589.1547, 1004.792
589.6368, 1005.290
590.1189, 1006.258
590.6010, 1003.861
591.0831, 1000.247
591.5652, 998.2830
592.0474, 998.0295
592.5295, 997.5787
593.0116, 995.4734
593.4937, 992.8716
593.9758, 993.8824
594.4579, 1001.554
594.9401, 1005.570
595.4222, 1004.539
595.9043, 1000.012
596.3864, 988.0614
596.8685, 973.2791
597.3506, 967.5853
597.8328, 979.6639
598.3149, 993.8110
598.7970, 994.5466
599.2791, 986.4014
599.7612, 981.1337
600.2433, 980.9964
600.7255, 981.9517
601.2076, 980.4854
601.6897, 977.0609
602.1718, 975.4724
602.6539, 977.1290
603.1360, 978.7796
603.6182, 978.9542
604.1003, 979.9966
604.5824, 985.2965
605.0645, 993.4971
605.5466, 998.8388
606.0287, 996.9668
606.5109, 991.9247
606.9930, 989.6115
607.4751, 989.7415
607.9572, 989.9092
608.4393, 989.3295
608.9214, 989.4915
609.4036, 992.4154
609.8857, 998.1147
610.3678, 1001.194
610.8499, 998.8989
611.3320, 997.7227
611.8141, 1002.744
612.2963, 1007.354
612.7784, 1003.043
613.2605, 990.3129
613.7426, 978.1463
614.2247, 973.1244
614.7068, 973.6313
615.1890, 977.0839
615.6711, 983.7338
616.1532, 987.1608
616.6353, 984.0410
617.1174, 979.6813
617.5995, 980.3822
618.0817, 986.2748
618.5638, 990.9788
619.0459, 994.6275
619.5280, 996.6165
620.0101, 993.8289
620.4922, 990.6775
620.9744, 994.4913
621.4565, 1005.440
621.9386, 1014.961
622.4207, 1014.957
622.9028, 1007.543
623.3849, 1000.359
623.8671, 993.1353
624.3492, 987.8671
624.8313, 985.9763
625.3134, 985.3663
625.7955, 982.6985
626.2776, 978.1287
626.7598, 977.2726
627.2419, 985.3672
627.7240, 992.5256
628.2061, 991.3409
628.6882, 987.0204
629.1703, 989.1082
629.6525, 998.7527
630.1346, 1006.463
630.6167, 1001.412
631.0988, 986.6636
631.5809, 979.8547
632.0630, 982.7405
632.5452, 986.8693
633.0273, 991.5580
633.5094, 994.6187
633.9915, 993.4219
634.4736, 988.1719
634.9557, 981.7074
635.4379, 970.3804
635.9200, 962.4393
636.4021, 963.9457
636.8842, 971.3574
637.3663, 980.7651
637.8484, 990.3923
638.3306, 996.8525
638.8127, 995.8853
639.2948, 988.9489
639.7769, 985.4267
640.2590, 986.7113
640.7411, 986.1033
641.2233, 978.1534
641.7054, 971.0302
642.1875, 975.0397
642.6696, 989.0934
643.1517, 999.5101
643.6339, 1000.457
644.1160, 1000.304
644.5981, 1004.386
645.0802, 1010.051
645.5623, 1013.544
646.0444, 1013.872
646.5266, 1011.328
647.0087, 1005.510
647.4908, 997.4617
647.9729, 992.5421
648.4550, 991.8252
648.9371, 989.7921
649.4193, 982.6653
649.9014, 976.3701
650.3835, 978.2421
650.8656, 986.8766
651.3477, 992.2975
651.8298, 991.5638
652.3120, 988.7452
652.7941, 984.2185
653.2762, 979.4876
653.7583, 976.3111
654.2404, 975.0646
654.7225, 975.5342
655.2047, 977.7981
655.6868, 981.3047
656.1689, 984.5988
656.6510, 987.9883
657.1331, 988.7880
657.6152, 984.0147
658.0974, 979.9932
658.5795, 985.3008
659.0616, 997.0728
659.5437, 1002.043
660.0258, 994.4711
660.5079, 985.6274
660.9901, 976.0183
661.4722, 969.1356
661.9543, 971.2036
662.4364, 980.4082
662.9185, 987.4294
663.4006, 985.7938
663.8828, 978.9919
664.3649, 973.8718
664.8470, 970.4285
665.3291, 969.0211
665.8112, 970.1290
666.2933, 972.4664
666.7755, 977.2788
667.2576, 982.5235
667.7397, 979.5822
668.2218, 958.4854
668.7039, 945.4564
669.1860, 952.1042
669.6682, 963.2708
670.1503, 969.3205
670.6324, 969.1947
671.1145, 962.7751
671.5966, 949.1099
672.0787, 935.7047
672.5609, 933.9669
673.0430, 942.5055
673.5251, 952.7033
674.0072, 964.8352
674.4893, 971.9099
674.9714, 967.9978
675.4536, 957.5990
675.9357, 952.4290
676.4178, 954.7392
676.8999, 957.4153
677.3820, 960.4879
677.8641, 963.6884
678.3463, 968.6096
678.8284, 972.9705
679.3105, 971.9338
679.7926, 963.9791
680.2747, 956.4335
680.7568, 958.7554
681.2390, 966.0004
681.7211, 963.8622
682.2032, 952.5725
682.6853, 947.9485
683.1674, 958.2443
683.6495, 973.7227
684.1317, 978.9915
684.6138, 971.7021
685.0959, 966.5374
685.5780, 963.6375
686.0601, 962.6910
686.5422, 964.0411
687.0244, 967.0718
687.5065, 973.0474
687.9886, 981.3044
688.4707, 985.0324
688.9528, 974.3908
689.4349, 961.8281
689.9171, 963.4927
690.3992, 975.0625
690.8813, 984.1614
691.3634, 987.3526
691.8455, 986.5853
692.3276, 982.9881
692.8098, 977.3293
693.2919, 977.2800
693.7740, 987.5370
694.2561, 992.9290
694.7382, 986.1496
695.2203, 977.6752
695.7025, 973.9093
696.1846, 974.4396
696.6667, 977.3492
697.1488, 985.6966
697.6309, 991.0170
698.1130, 983.8804
698.5952, 973.9501
699.0773, 975.0435
699.5594, 986.4149
700.0415, 997.5757
700.5236, 1002.386
701.0057, 1001.631
701.4879, 994.2897
701.9700, 979.6127
702.4521, 974.9501
702.9342, 985.5455
703.4163, 996.8672
703.8984, 1002.051
704.3806, 1001.387
704.8627, 994.2283
705.3448, 975.0241
705.8269, 965.5760
706.3090, 975.9695
706.7911, 989.7693
707.2733, 999.8536
707.7554, 1005.618
708.2375, 1005.780
708.7196, 1000.390
709.2017, 995.7957
709.6838, 1000.708
710.1660, 1010.330
710.6481, 1011.089
711.1302, 1003.396
711.6123, 997.1442
712.0944, 995.6304
712.5765, 997.9354
713.0587, 1003.930
713.5408, 1014.043
714.0229, 1018.581
714.5050, 1012.236
714.9871, 1007.462
715.4692, 1005.129
715.9514, 1005.887
716.4335, 1013.047
716.9156, 1024.433
717.3977, 1030.695
717.8798, 1024.372
718.3619, 1017.010
718.8441, 1019.407
719.3262, 1026.389
719.8083, 1028.075
720.2904, 1024.076
720.7725, 1022.099
721.2546, 1027.641
721.7368, 1037.201
722.2189, 1042.969
722.7010, 1045.059
723.1831, 1041.648
723.6652, 1028.617
724.1473, 1017.978
724.6295, 1019.143
725.1116, 1026.221
725.5937, 1026.540
726.0758, 1017.453
726.5579, 1010.753
727.0400, 1010.410
727.5222, 1011.143
728.0043, 1008.160
728.4864, 1004.712
728.9685, 1007.107
729.4506, 1016.585
729.9327, 1027.152
730.4149, 1033.773
730.8970, 1037.446
731.3791, 1040.594
731.8612, 1043.058
732.3433, 1042.948
732.8254, 1039.452
733.3076, 1034.937
733.7897, 1031.815
734.2718, 1029.961
734.7539, 1027.204
735.2360, 1018.108
735.7181, 1017.382
736.2003, 1037.173
736.6824, 1055.780
737.1645, 1056.535
737.6466, 1045.406
738.1287, 1040.316
738.6108, 1048.486
739.0930, 1057.288
739.5751, 1061.170
740.0572, 1060.866
740.5393, 1052.086
741.0214, 1039.605
741.5035, 1039.804
741.9857, 1060.476
742.4678, 1086.062
742.9499, 1092.166
743.4320, 1080.607
743.9141, 1077.933
744.3962, 1085.897
744.8784, 1095.020
745.3605, 1102.780
745.8426, 1108.357
746.3247, 1110.086
746.8068, 1107.415
747.2889, 1106.045
747.7711, 1103.857
748.2532, 1105.594
748.7353, 1116.584
749.2174, 1128.841
749.6995, 1133.517
750.1816, 1132.213
750.6638, 1134.855
751.1459, 1148.698
751.6280, 1163.166
752.1101, 1167.113
752.5922, 1165.251
753.0743, 1165.324
753.5565, 1168.651
754.0386, 1176.094
754.5207, 1188.539
755.0028, 1202.406
755.4849, 1209.623
755.9670, 1208.982
756.4492, 1213.297
756.9313, 1224.092
757.4134, 1236.853
757.8955, 1251.872
758.3776, 1266.233
758.8597, 1275.514
759.3419, 1279.594
759.8240, 1281.192
760.3061, 1280.538
760.7882, 1277.397
761.2703, 1267.119
761.7524, 1257.290
762.2346, 1257.310
762.7167, 1266.549
763.1988, 1276.336
763.6809, 1283.603
764.1630, 1285.993
764.6451, 1277.323
765.1273, 1262.270
765.6094, 1253.141
766.0915, 1251.139
766.5736, 1248.476
767.0557, 1239.876
767.5378, 1229.919
768.0200, 1230.539
768.5021, 1245.092
768.9842, 1249.169
769.4663, 1238.106
769.9484, 1225.722
770.4305, 1217.041
770.9127, 1210.909
771.3948, 1205.228
771.8769, 1199.768
772.3590, 1197.547
772.8411, 1204.666
773.3232, 1208.216
773.8054, 1199.547
774.2875, 1187.244
774.7696, 1180.624
775.2517, 1179.931
775.7338, 1179.710
776.2159, 1177.257
776.6981, 1173.454
777.1802, 1168.294
777.6623, 1162.777
778.1444, 1159.152
778.6265, 1157.664
779.1086, 1158.083
779.5908, 1160.537
780.0729, 1163.042
780.5550, 1160.579
781.0371, 1151.948
781.5192, 1151.799
782.0013, 1164.841
782.4835, 1173.614
782.9656, 1168.955
783.4477, 1159.220
783.9298, 1153.816
784.4119, 1152.675
784.8940, 1156.844
785.3762, 1171.085
785.8583, 1184.546
786.3404, 1196.365
786.8225, 1204.587
787.3046, 1204.764
787.7867, 1199.865
788.2689, 1199.930
788.7510, 1211.194
789.2331, 1221.802
789.7152, 1218.340
790.1973, 1209.537
790.6794, 1208.150
791.1616, 1214.903
791.6437, 1228.663
792.1258, 1249.056
792.6079, 1269.181
793.0900, 1278.011
793.5721, 1277.333
794.0543, 1287.471
794.5364, 1311.560
795.0185, 1325.834
795.5006, 1319.997
795.9827, 1309.548
796.4648, 1308.895
796.9470, 1317.382
797.4291, 1327.934
797.9112, 1347.951
798.3933, 1359.194
798.8754, 1353.854
799.3575, 1346.489
799.8397, 1346.204
800.3218, 1349.696
800.8039, 1349.618
801.2860, 1343.842
801.7681, 1337.821
802.2502, 1334.029
802.7324, 1331.411
803.2145, 1327.337
803.6966, 1324.216
804.1787, 1329.543
804.6608, 1343.374
805.1429, 1352.597
805.6251, 1343.738
806.1072, 1326.296
806.5893, 1321.571
807.0714, 1327.841
807.5535, 1332.858
808.0356, 1334.661
808.5178, 1332.433
808.9999, 1324.139
809.4820, 1314.587
809.9641, 1317.412
810.4462, 1338.630
810.9283, 1349.808
811.4105, 1344.785
811.8926, 1339.833
812.3747, 1343.080
812.8568, 1348.272
813.3389, 1349.385
813.8210, 1346.306
814.3032, 1337.372
814.7853, 1318.592
815.2674, 1298.690
815.7495, 1276.994
816.2316, 1258.324
816.7137, 1249.328
817.1959, 1247.201
817.6780, 1243.001
818.1601, 1233.073
818.6422, 1219.783
819.1243, 1203.512
819.6064, 1185.940
820.0886, 1169.464
820.5707, 1154.097
821.0528, 1138.958
821.5349, 1123.708
822.0170, 1110.772
822.4991, 1103.499
822.9813, 1100.256
823.4634, 1093.893
823.9455, 1084.224
824.4276, 1073.695
824.9097, 1061.914
825.3918, 1052.966
825.8740, 1050.328
826.3561, 1052.578
826.8382, 1055.207
827.3203, 1059.608
827.8024, 1061.109
828.2845, 1056.390
828.7667, 1052.841
829.2488, 1054.785
829.7309, 1058.313
830.2130, 1058.289
830.6951, 1054.447
831.1772, 1051.909
831.6594, 1053.337
832.1415, 1054.543
832.6236, 1051.885
833.1057, 1049.461
833.5878, 1053.391
834.0699, 1061.519
834.5521, 1065.675
835.0342, 1061.830
835.5163, 1055.425
835.9984, 1048.682
836.4805, 1044.163
836.9626, 1048.510
837.4448, 1059.197
837.9269, 1066.731
838.4090, 1067.865
838.8911, 1064.855
839.3732, 1058.810
839.8553, 1051.579
840.3375, 1050.892
840.8196, 1056.907
841.3017, 1061.701
841.7838, 1064.180
842.2659, 1063.370
842.7480, 1057.292
843.2302, 1049.170
843.7123, 1047.392
844.1944, 1054.108
844.6765, 1060.186
845.1586, 1067.548
845.6407, 1071.395
846.1229, 1064.789
846.6050, 1057.626
847.0871, 1063.969
847.5692, 1081.878
848.0513, 1086.229
848.5334, 1059.011
849.0156, 1037.641
849.4977, 1035.207
849.9798, 1039.714
850.4619, 1043.574
850.9440, 1046.429
851.4261, 1050.399
851.9083, 1056.435
852.3904, 1059.237
852.8725, 1051.946
853.3546, 1042.561
853.8367, 1038.205
854.3188, 1038.720
854.8010, 1044.672
855.2831, 1055.052
855.7652, 1064.879
856.2473, 1070.906
856.7294, 1073.036
857.2115, 1067.099
857.6937, 1056.626
858.1758, 1060.385
858.6579, 1079.522
859.1400, 1095.690
859.6221, 1100.621
860.1042, 1096.868
860.5864, 1085.800
861.0685, 1068.141
861.5506, 1064.300
862.0327, 1079.445
862.5148, 1087.726
862.9969, 1080.976
863.4791, 1070.949
863.9612, 1066.077
864.4433, 1065.438
864.9254, 1065.941
865.4075, 1069.353
865.8896, 1070.195
866.3718, 1063.285
866.8539, 1060.097
867.3360, 1069.117
867.8181, 1081.082
868.3002, 1084.891
868.7823, 1080.364
869.2645, 1076.505
869.7466, 1076.828
870.2287, 1076.636
870.7108, 1071.734
871.1929, 1067.570
871.6750, 1069.829
872.1572, 1076.734
872.6393, 1083.795
873.1214, 1089.595
873.6035, 1093.802
874.0856, 1097.179
874.5677, 1098.048
875.0499, 1090.511
875.5320, 1080.202
876.0141, 1081.767
876.4962, 1095.402
876.9783, 1104.188
877.4604, 1095.520
877.9426, 1080.907
878.4247, 1080.260
878.9068, 1089.529
879.3889, 1094.069
879.8710, 1092.934
880.3531, 1087.445
880.8353, 1077.765
881.3174, 1069.850
881.7995, 1070.982
882.2816, 1080.108
882.7637, 1092.816
883.2458, 1110.954
883.7280, 1116.616
884.2101, 1102.653
884.6922, 1090.188
885.1743, 1094.407
885.6564, 1107.205
886.1385, 1110.532
886.6207, 1101.702
887.1028, 1095.452
887.5849, 1092.483
888.0670, 1091.015
888.5491, 1091.275
889.0313, 1092.266
889.5134, 1091.805
889.9955, 1091.041
890.4776, 1095.618
890.9597, 1112.871
891.4418, 1122.802
891.9240, 1117.030
892.4061, 1109.509
892.8882, 1107.611
893.3703, 1108.460
893.8524, 1106.691
894.3345, 1102.061
894.8167, 1101.195
895.2988, 1112.139
895.7809, 1120.942
896.2630, 1115.538
896.7451, 1107.811
897.2272, 1113.764
897.7094, 1127.847
898.1915, 1131.814
898.6736, 1119.072
899.1557, 1105.482
899.6378, 1104.286
900.1199, 1108.811
900.6021, 1111.760
901.0842, 1113.711
901.5663, 1116.642
902.0484, 1120.582
902.5305, 1123.786
903.0126, 1125.249
903.4948, 1124.867
903.9769, 1121.206
904.4590, 1115.749
904.9411, 1112.814
905.4232, 1112.647
905.9053, 1115.770
906.3875, 1122.311
906.8696, 1130.277
907.3517, 1138.433
907.8338, 1145.385
908.3159, 1145.028
908.7980, 1137.278
909.2802, 1135.129
909.7623, 1140.783
910.2444, 1145.624
910.7265, 1145.683
911.2086, 1142.175
911.6907, 1136.390
912.1729, 1128.368
912.6550, 1120.550
913.1371, 1110.316
913.6192, 1109.277
914.1013, 1123.724
914.5834, 1139.726
915.0656, 1148.741
915.5477, 1152.664
916.0298, 1155.836
916.5119, 1158.379
916.9940, 1159.705
917.4761, 1159.020
917.9583, 1158.242
918.4404, 1159.597
918.9225, 1159.495
919.4046, 1151.320
919.8867, 1139.010
920.3688, 1137.766
920.8510, 1155.765
921.3331, 1169.110
921.8152, 1174.190
922.2973, 1174.160
922.7794, 1166.219
923.2615, 1156.741
923.7437, 1152.578
924.2258, 1154.127
924.7079, 1158.650
925.1900, 1168.353
925.6721, 1175.903
926.1542, 1175.992
926.6364, 1174.917
927.1185, 1178.071
927.6006, 1183.541
928.0827, 1188.132
928.5648, 1190.892
929.0469, 1190.808
929.5291, 1185.346
930.0112, 1179.120
930.4933, 1173.855
930.9754, 1170.964
931.4575, 1173.762
931.9396, 1180.392
932.4218, 1185.555
932.9039, 1187.356
933.3860, 1187.954
933.8681, 1188.384
934.3502, 1189.312
934.8323, 1190.997
935.3145, 1194.052
935.7966, 1201.744
936.2787, 1212.638
936.7608, 1219.445
937.2429, 1218.308
937.7250, 1211.197
938.2072, 1193.187
938.6893, 1173.912
939.1714, 1181.488
939.6535, 1208.516
940.1356, 1223.399
940.6177, 1219.961
941.0999, 1213.963
941.5820, 1216.266
942.0641, 1223.734
942.5462, 1233.533
943.0283, 1243.854
943.5104, 1242.647
943.9926, 1230.567
944.4747, 1221.971
944.9568, 1221.219
945.4389, 1228.556
945.9210, 1246.540
946.4031, 1267.247
946.8853, 1263.567
947.3674, 1235.701
947.8495, 1228.453
948.3316, 1246.911
948.8137, 1258.667
949.2958, 1250.051
949.7780, 1235.697
950.2601, 1230.904
950.7422, 1235.277
951.2243, 1249.907
951.7064, 1278.671
952.1885, 1290.266
952.6707, 1276.782
953.1528, 1264.639
953.6349, 1266.439
954.1170, 1274.972
954.5991, 1281.028
955.0812, 1284.649
955.5634, 1287.687
956.0455, 1290.991
956.5276, 1290.358
957.0097, 1281.584
957.4918, 1276.609
957.9739, 1282.950
958.4561, 1295.825
958.9382, 1308.674
959.4203, 1322.052
959.9024, 1327.750
960.3845, 1322.562
960.8666, 1315.816
961.3488, 1305.411
961.8309, 1298.473
962.3130, 1299.879
962.7951, 1307.452
963.2772, 1317.748
963.7593, 1331.815
964.2415, 1343.022
964.7236, 1352.214
965.2057, 1357.310
965.6878, 1353.067
966.1699, 1349.403
966.6520, 1353.005
967.1342, 1361.767
967.6163, 1371.954
968.0984, 1385.574
968.5805, 1392.094
969.0626, 1386.597
969.5447, 1379.896
970.0269, 1371.394
970.5090, 1365.642
970.9911, 1366.551
971.4732, 1372.843
971.9553, 1382.258
972.4374, 1397.915
972.9196, 1404.728
973.4017, 1389.308
973.8838, 1379.269
974.3659, 1390.340
974.8480, 1405.838
975.3301, 1409.154
975.8123, 1404.266
976.2944, 1406.424
976.7765, 1420.749
977.2586, 1432.982
977.7407, 1437.730
978.2228, 1442.418
978.7050, 1452.502
979.1871, 1462.318
979.6692, 1465.689
980.1513, 1463.641
980.6334, 1460.754
981.1155, 1456.401
981.5977, 1456.327
982.0798, 1467.248
982.5619, 1476.990
983.0440, 1477.567
983.5261, 1475.045
984.0082, 1477.414
984.4904, 1483.286
984.9725, 1484.152
985.4546, 1475.134
985.9367, 1468.921
986.4188, 1468.517
986.9009, 1473.947
987.3831, 1489.858
987.8652, 1508.423
988.3473, 1521.193
988.8294, 1527.795
989.3115, 1531.596
989.7936, 1533.541
990.2758, 1532.968
990.7579, 1525.873
991.2400, 1520.241
991.7221, 1518.812
992.2042, 1523.391
992.6863, 1542.716
993.1685, 1570.853
993.6506, 1581.110
994.1327, 1556.276
994.6148, 1537.394
995.0969, 1548.034
995.5790, 1565.069
996.0612, 1573.138
996.5433, 1578.003
997.0254, 1591.947
997.5075, 1611.785
997.9896, 1617.720
998.4717, 1597.369
998.9539, 1579.621
999.4360, 1576.238
999.9181, 1581.719
1000.400, 1598.499
1000.882, 1617.831
1001.364, 1628.822
1001.847, 1631.769
1002.329, 1633.222
1002.811, 1633.102
1003.293, 1639.115
1003.775, 1665.021
1004.257, 1687.379
1004.739, 1685.107
1005.221, 1685.264
1005.703, 1707.818
1006.186, 1723.214
1006.668, 1731.814
1007.150, 1713.307
1007.632, 1729.802
1008.114, 1732.269
1008.596, 1734.162
1009.078, 1755.584
1009.560, 1741.019
1010.043, 1762.145
1010.525, 1769.015
1011.007, 1740.940
1011.489, 1760.070
1011.971, 1776.132
1012.453, 1777.240
1012.935, 1775.507
1013.417, 1775.952
1013.899, 1779.264
1014.382, 1787.698
1014.864, 1799.261
1015.346, 1806.610
1015.828, 1805.207
1016.310, 1810.464
1016.792, 1839.441
1017.274, 1863.450
1017.756, 1857.533
1018.239, 1846.177
1018.721, 1858.928
1019.203, 1888.613
1019.685, 1906.114
1020.167, 1901.728
1020.649, 1900.495
1021.131, 1912.228
1021.613, 1926.884
1022.095, 1944.336
1022.578, 1958.810
1023.060, 1960.794
1023.542, 1956.401
1024.024, 1962.774
1024.506, 1985.303
1024.988, 2003.394
1025.470, 2005.984
1025.952, 2010.673
1026.435, 2027.724
1026.917, 2045.894
1027.399, 2052.053
1027.881, 2053.390
1028.363, 2068.471
1028.845, 2102.177
1029.327, 2127.252
1029.809, 2132.128
1030.292, 2136.985
1030.774, 2146.277
1031.256, 2158.274
1031.738, 2175.313
1032.220, 2192.724
1032.702, 2200.966
1033.184, 2198.447
1033.666, 2200.347
1034.148, 2210.073
1034.630, 2221.509
1035.113, 2232.285
1035.595, 2246.063
1036.077, 2267.740
1036.559, 2292.135
1037.041, 2310.911
1037.523, 2323.824
1038.005, 2338.477
1038.487, 2363.130
1038.970, 2376.033
1039.452, 2362.532
1039.934, 2354.718
1040.416, 2370.996
1040.898, 2396.354
1041.380, 2413.432
1041.862, 2422.861
1042.344, 2431.686
1042.826, 2437.476
1043.309, 2448.437
1043.791, 2470.316
1044.273, 2486.498
1044.755, 2485.378
1045.237, 2484.268
1045.719, 2502.815
1046.201, 2535.936
1046.683, 2560.758
1047.166, 2578.114
1047.648, 2582.842
1048.130, 2567.704
1048.612, 2561.984
1049.094, 2576.855
1049.576, 2597.496
1050.058, 2611.310
1050.540, 2621.733
1051.022, 2638.717
1051.505, 2663.236
1051.987, 2685.245
1052.469, 2705.409
1052.951, 2716.489
1053.433, 2714.944
1053.915, 2713.629
1054.397, 2720.482
1054.879, 2735.336
1055.361, 2759.772
1055.844, 2792.616
1056.326, 2822.099
1056.808, 2848.376
1057.290, 2860.003
1057.772, 2854.823
1058.254, 2855.539
1058.736, 2874.310
1059.218, 2901.595
1059.701, 2927.327
1060.183, 2949.217
1060.665, 2954.951
1061.147, 2948.830
1061.629, 2953.497
1062.111, 2971.377
1062.593, 3000.608
1063.075, 3039.832
1063.557, 3076.673
1064.040, 3098.412
1064.522, 3111.228
1065.004, 3126.557
1065.486, 3141.585
1065.968, 3148.886
1066.450, 3149.230
1066.932, 3141.690
1067.414, 3129.651
1067.896, 3137.407
1068.379, 3187.360
1068.861, 3241.477
1069.343, 3249.454
1069.825, 3240.520
1070.307, 3256.263
1070.789, 3287.015
1071.271, 3313.464
1071.753, 3330.289
1072.236, 3332.604
1072.718, 3314.972
1073.200, 3306.367
1073.682, 3339.504
1074.164, 3377.878
1074.646, 3387.040
1075.128, 3386.526
1075.610, 3403.936
1076.093, 3433.480
1076.575, 3452.243
1077.057, 3454.000
1077.539, 3452.657
1078.021, 3442.046
1078.503, 3445.749
1078.985, 3491.134
1079.467, 3538.428
1079.949, 3554.362
1080.432, 3552.204
1080.914, 3557.240
1081.396, 3571.766
1081.878, 3580.135
1082.360, 3573.177
1082.842, 3569.717
1083.324, 3572.698
1083.806, 3579.592
1084.288, 3586.661
1084.771, 3599.104
1085.253, 3632.429
1085.735, 3677.587
1086.217, 3688.115
1086.699, 3642.832
1087.181, 3619.538
1087.663, 3626.271
1088.145, 3640.078
1088.628, 3661.641
1089.110, 3676.062
1089.592, 3669.355
1090.074, 3651.751
1090.556, 3645.408
1091.038, 3650.683
1091.520, 3655.792
1092.002, 3659.061
1092.484, 3676.721
1092.967, 3715.401
1093.449, 3739.855
1093.931, 3730.372
1094.413, 3709.593
1094.895, 3707.403
1095.377, 3716.396
1095.859, 3705.029
1096.341, 3677.592
1096.823, 3670.325
1097.306, 3683.996
1097.788, 3693.473
1098.270, 3691.325
1098.752, 3697.121
1099.234, 3729.888
1099.716, 3763.932
1100.198, 3750.795
1100.680, 3715.108
1101.163, 3707.835
1101.645, 3721.073
1102.127, 3732.899
1102.609, 3737.807
1103.091, 3733.951
1103.573, 3719.942
1104.055, 3706.528
1104.537, 3703.533
1105.020, 3704.200
1105.502, 3702.794
1105.984, 3701.092
1106.466, 3702.372
1106.948, 3704.968
1107.430, 3704.178
1107.912, 3699.283
1108.394, 3696.030
1108.876, 3699.786
1109.359, 3700.993
1109.841, 3695.587
1110.323, 3687.147
1110.805, 3674.041
1111.287, 3661.789
1111.769, 3658.200
1112.251, 3661.841
1112.733, 3663.906
1113.215, 3666.309
1113.698, 3660.053
1114.180, 3626.891
1114.662, 3614.663
1115.144, 3651.282
1115.626, 3686.794
1116.108, 3684.181
1116.590, 3662.214
1117.072, 3655.871
1117.555, 3665.237
1118.037, 3673.791
1118.519, 3683.502
1119.001, 3678.787
1119.483, 3654.967
1119.965, 3635.615
1120.447, 3630.812
1120.929, 3632.954
1121.411, 3634.532
1121.894, 3636.532
1122.376, 3643.203
1122.858, 3652.744
1123.340, 3655.091
1123.822, 3651.007
1124.304, 3644.817
1124.786, 3599.693
1125.268, 3617.324
1125.750, 3627.784
1126.233, 3631.463
1126.715, 3608.032
1127.197, 3619.604
1127.679, 3617.148
1128.161, 3614.118
1128.643, 3630.615
1129.125, 3611.127
1129.607, 3627.316
1130.090, 3629.265
1130.572, 3637.730
1131.054, 3632.081
1131.536, 3630.791
1132.018, 3643.620
1132.500, 3648.631
1132.982, 3641.357
1133.464, 3664.042
1133.947, 3670.919
1134.429, 3679.668
1134.911, 3684.977
1135.393, 3681.329
1135.875, 3690.956
1136.357, 3734.210
1136.839, 3762.753
1137.321, 3760.688
1137.803, 3753.063
1138.286, 3750.863
1138.768, 3755.418
1139.250, 3771.237
1139.732, 3795.926
1140.214, 3804.228
1140.696, 3792.048
1141.178, 3798.978
1141.660, 3830.097
1142.142, 3850.324
1142.625, 3847.799
1143.107, 3842.073
1143.589, 3848.001
1144.071, 3861.286
1144.553, 3876.926
1145.035, 3893.016
1145.517, 3900.068
1145.999, 3903.084
1146.482, 3920.547
1146.964, 3950.686
1147.446, 3973.557
1147.928, 3982.584
1148.410, 3998.309
1148.892, 4047.337
1149.374, 4089.622
1149.856, 4073.625
1150.339, 4048.363
1150.821, 4066.254
1151.303, 4105.968
1151.785, 4132.366
1152.267, 4144.207
1152.749, 4160.584
1153.231, 4188.285
1153.713, 4211.548
1154.195, 4221.098
1154.677, 4233.922
1155.160, 4256.266
1155.642, 4282.318
1156.124, 4312.105
1156.606, 4340.211
1157.088, 4355.628
1157.570, 4360.548
1158.052, 4382.467
1158.534, 4426.339
1159.017, 4464.782
1159.499, 4496.235
1159.981, 4519.783
1160.463, 4533.067
1160.945, 4558.488
1161.427, 4615.409
1161.909, 4679.222
1162.391, 4706.006
1162.874, 4707.033
1163.356, 4715.370
1163.838, 4731.958
1164.320, 4765.359
1164.802, 4810.255
1165.284, 4843.413
1165.766, 4858.515
1166.248, 4870.572
1166.730, 4887.725
1167.213, 4909.987
1167.695, 4936.582
1168.177, 4969.098
1168.659, 5017.312
1169.141, 5065.980
1169.623, 5092.283
1170.105, 5103.166
1170.587, 5124.087
1171.069, 5160.951
1171.552, 5195.933
1172.034, 5227.411
1172.516, 5254.649
1172.998, 5267.472
1173.480, 5291.417
1173.962, 5346.176
1174.444, 5404.045
1174.926, 5434.015
1175.409, 5445.419
1175.891, 5470.388
1176.373, 5509.955
1176.855, 5550.858
1177.337, 5593.531
1177.819, 5620.187
1178.301, 5628.134
1178.783, 5643.118
1179.266, 5677.759
1179.748, 5713.525
1180.230, 5727.694
1180.712, 5736.542
1181.194, 5769.172
1181.676, 5812.921
1182.158, 5848.283
1182.640, 5875.674
1183.122, 5901.212
1183.604, 5923.731
1184.087, 5931.469
1184.569, 5916.970
1185.051, 5912.192
1185.533, 5938.236
1186.015, 5968.166
1186.497, 5994.871
1186.979, 6017.136
1187.461, 6023.862
1187.944, 6032.733
1188.426, 6077.342
1188.908, 6148.348
1189.390, 6184.462
1189.872, 6170.201
1190.354, 6179.217
1190.836, 6220.268
1191.318, 6242.577
1191.801, 6231.273
1192.283, 6227.850
1192.765, 6257.141
1193.247, 6294.884
1193.729, 6310.929
1194.211, 6312.809
1194.693, 6314.517
1195.175, 6318.866
1195.657, 6335.129
1196.140, 6360.456
1196.622, 6387.118
1197.104, 6412.483
1197.586, 6434.820
1198.068, 6453.439
1198.550, 6468.138
1199.032, 6481.274
1199.514, 6487.212
1199.996, 6471.774
1200.479, 6459.240
1200.961, 6466.185
1201.443, 6489.777
1201.925, 6537.009
1202.407, 6599.374
1202.889, 6617.190
1203.371, 6565.981
1203.853, 6550.507
1204.336, 6584.990
1204.818, 6607.110
1205.300, 6600.282
1205.782, 6600.633
1206.264, 6628.687
1206.746, 6663.845
1207.228, 6679.942
1207.710, 6688.721
1208.193, 6731.450
1208.675, 6787.068
1209.157, 6779.532
1209.639, 6732.879
1210.121, 6725.537
1210.603, 6764.423
1211.085, 6811.751
1211.567, 6852.948
1212.049, 6887.056
1212.531, 6914.590
##END=



