##NAMES=Bismuthinite
##RRUFFID=R061077
##IDEAL CHEMISTRY=Bi^3+^_2_S^2-^_3_
##LOCALITY=Jersey mine, Salmo, British Columbia, Canada
##OWNER=RRUFF
##SOURCE=Lloyd Twaites
##DESCRIPTION=Metallic grey prismatic single crystals
##STATUS=The identification of this mineral has been confirmed by single-crystal X-ray diffraction.
##URL=rruff.info/R061077
121.0460, 1233.591
121.5281, 1248.699
122.0102, 1253.972
122.4924, 1283.160
122.9745, 1349.722
123.4566, 1427.434
123.9387, 1505.011
124.4208, 1586.762
124.9029, 1681.412
125.3851, 1795.221
125.8672, 1928.561
126.3493, 2076.988
126.8314, 2239.974
127.3135, 2420.582
127.7956, 2620.642
128.2778, 2840.146
128.7599, 3083.333
129.2420, 3358.025
129.7241, 3673.005
130.2062, 3964.781
130.6883, 4256.822
131.1705, 4510.300
131.6526, 4717.893
132.1347, 4872.611
132.6168, 4961.971
133.0989, 4967.142
133.5810, 4866.236
134.0632, 4737.914
134.5453, 4584.060
135.0274, 4407.741
135.5095, 4191.735
135.9916, 3942.455
136.4737, 3698.153
136.9559, 3510.572
137.4380, 3396.826
137.9201, 3317.239
138.4022, 3263.242
138.8843, 3244.846
139.3664, 3279.046
139.8486, 3367.877
140.3307, 3487.431
140.8128, 3600.260
141.2949, 3698.903
141.7770, 3805.572
142.2591, 3921.570
142.7413, 4044.892
143.2234, 4170.903
143.7055, 4297.424
144.1876, 4433.583
144.6697, 4600.540
145.1518, 4814.344
145.6340, 5024.335
146.1161, 5235.934
146.5982, 5368.015
147.0803, 5383.804
147.5624, 5338.391
148.0445, 5259.081
148.5267, 5195.480
149.0088, 5154.728
149.4909, 5107.619
149.9730, 5043.051
150.4551, 4967.053
150.9372, 4889.492
151.4194, 4811.014
151.9015, 4735.050
152.3836, 4668.615
152.8657, 4608.789
153.3478, 4556.212
153.8299, 4514.979
154.3121, 4480.443
154.7942, 4438.837
155.2763, 4379.154
155.7584, 4314.582
156.2405, 4272.248
156.7226, 4237.344
157.2048, 4252.911
157.6869, 4261.773
158.1690, 4264.291
158.6511, 4241.462
159.1332, 4251.363
159.6153, 4248.147
160.0975, 4244.395
160.5796, 4258.902
161.0617, 4239.760
161.5438, 4253.979
162.0259, 4254.880
162.5080, 4261.876
162.9902, 4255.675
163.4723, 4253.550
163.9544, 4251.029
164.4365, 4276.726
164.9186, 4310.146
165.4007, 4339.239
165.8829, 4364.413
166.3650, 4382.921
166.8471, 4390.212
167.3292, 4392.468
167.8113, 4398.253
168.2934, 4408.420
168.7756, 4422.152
169.2577, 4438.936
169.7398, 4458.775
170.2219, 4481.082
170.7040, 4507.156
171.1861, 4534.714
171.6683, 4561.728
172.1504, 4589.265
172.6325, 4613.071
173.1146, 4626.376
173.5967, 4627.975
174.0788, 4631.042
174.5610, 4642.914
175.0431, 4658.028
175.5252, 4668.827
176.0073, 4670.276
176.4894, 4673.856
176.9715, 4695.156
177.4537, 4736.522
177.9358, 4777.319
178.4179, 4809.162
178.9000, 4835.547
179.3821, 4858.041
179.8642, 4874.360
180.3464, 4892.541
180.8285, 4927.080
181.3106, 4982.392
181.7927, 5028.328
182.2748, 5048.646
182.7569, 5055.358
183.2391, 5055.878
183.7212, 5050.251
184.2033, 5043.793
184.6854, 5045.123
185.1675, 5056.651
185.6496, 5063.943
186.1318, 5062.276
186.6139, 5053.436
187.0960, 5037.846
187.5781, 5015.460
188.0602, 4986.996
188.5423, 4954.086
189.0245, 4918.222
189.5066, 4872.064
189.9887, 4792.307
190.4708, 4711.374
190.9529, 4659.397
191.4350, 4649.254
191.9172, 4652.536
192.3993, 4632.014
192.8814, 4583.630
193.3635, 4530.965
193.8456, 4478.184
194.3277, 4425.665
194.8099, 4372.224
195.2920, 4316.707
195.7741, 4264.863
196.2562, 4224.042
196.7383, 4194.847
197.2204, 4172.910
197.7026, 4170.288
198.1847, 4167.446
198.6668, 4144.876
199.1489, 4095.551
199.6310, 4044.682
200.1131, 4027.651
200.5953, 4051.800
201.0774, 4068.174
201.5595, 4056.171
202.0416, 4035.017
202.5237, 4013.957
203.0058, 3994.278
203.4880, 3982.003
203.9701, 3986.750
204.4522, 4010.957
204.9343, 4034.363
205.4164, 4054.102
205.8985, 4069.625
206.3807, 4077.636
206.8628, 4077.412
207.3449, 4078.132
207.8270, 4091.784
208.3091, 4119.975
208.7912, 4143.477
209.2734, 4148.858
209.7555, 4155.205
210.2376, 4174.439
210.7197, 4208.068
211.2018, 4251.570
211.6839, 4303.711
212.1660, 4364.907
212.6482, 4422.780
213.1303, 4470.325
213.6124, 4517.604
214.0945, 4574.396
214.5766, 4640.134
215.0587, 4701.386
215.5409, 4740.472
216.0230, 4758.258
216.5051, 4788.780
216.9872, 4845.141
217.4693, 4907.498
217.9514, 4961.283
218.4336, 5007.222
218.9157, 5056.482
219.3978, 5119.469
219.8799, 5194.666
220.3620, 5267.631
220.8441, 5337.300
221.3263, 5404.353
221.8084, 5468.116
222.2905, 5529.576
222.7726, 5592.401
223.2547, 5657.648
223.7368, 5726.179
224.2190, 5802.888
224.7011, 5892.594
225.1832, 5984.408
225.6653, 6075.427
226.1474, 6163.830
226.6295, 6243.544
227.1117, 6303.187
227.5938, 6350.848
228.0759, 6412.999
228.5580, 6495.812
229.0401, 6581.867
229.5222, 6664.013
230.0044, 6741.028
230.4865, 6808.022
230.9686, 6856.009
231.4507, 6893.921
231.9328, 6942.765
232.4149, 7007.963
232.8971, 7067.953
233.3792, 7103.805
233.8613, 7126.034
234.3434, 7152.061
234.8255, 7196.223
235.3076, 7241.537
235.7898, 7262.153
236.2719, 7255.072
236.7540, 7241.200
237.2361, 7232.580
237.7182, 7224.545
238.2003, 7208.878
238.6825, 7181.334
239.1646, 7148.665
239.6467, 7117.269
240.1288, 7087.073
240.6109, 7058.077
241.0930, 7036.087
241.5752, 7012.004
242.0573, 6969.516
242.5394, 6897.035
243.0215, 6822.597
243.5036, 6769.039
243.9857, 6733.904
244.4679, 6697.949
244.9500, 6650.181
245.4321, 6600.585
245.9142, 6567.160
246.3963, 6554.947
246.8784, 6545.558
247.3606, 6534.022
247.8427, 6518.301
248.3248, 6486.957
248.8069, 6426.828
249.2890, 6364.650
249.7711, 6347.143
250.2533, 6380.295
250.7354, 6416.506
251.2175, 6440.876
251.6996, 6456.561
252.1817, 6468.200
252.6638, 6476.090
253.1460, 6483.215
253.6281, 6496.251
254.1102, 6517.477
254.5923, 6527.421
255.0744, 6520.566
255.5565, 6501.604
256.0387, 6472.387
256.5208, 6433.308
257.0029, 6394.844
257.4850, 6372.047
257.9671, 6369.442
258.4492, 6342.125
258.9314, 6275.434
259.4135, 6193.234
259.8956, 6112.535
260.3777, 6034.430
260.8598, 5953.804
261.3419, 5867.115
261.8241, 5774.407
262.3062, 5664.012
262.7883, 5521.945
263.2704, 5378.426
263.7525, 5244.115
264.2346, 5119.888
264.7168, 5003.779
265.1989, 4895.300
265.6810, 4793.378
266.1631, 4693.300
266.6452, 4596.176
267.1273, 4498.471
267.6095, 4394.188
268.0916, 4289.371
268.5737, 4193.952
269.0558, 4113.050
269.5379, 4043.646
270.0201, 3978.131
270.5022, 3925.870
270.9843, 3865.732
271.4664, 3787.026
271.9485, 3704.255
272.4306, 3632.312
272.9128, 3576.517
273.3949, 3531.310
273.8770, 3488.386
274.3591, 3453.300
274.8412, 3409.607
275.3233, 3353.339
275.8055, 3292.535
276.2876, 3227.563
276.7697, 3161.022
277.2518, 3103.365
277.7339, 3070.802
278.2160, 3074.363
278.6982, 3057.228
279.1803, 3001.477
279.6624, 2941.828
280.1445, 2890.494
280.6266, 2848.017
281.1087, 2810.203
281.5909, 2775.395
282.0730, 2743.172
282.5551, 2703.965
283.0372, 2647.296
283.5193, 2595.875
284.0014, 2559.318
284.4836, 2532.694
284.9657, 2507.677
285.4478, 2480.284
285.9299, 2451.020
286.4120, 2421.748
286.8941, 2391.899
287.3763, 2363.417
287.8584, 2336.868
288.3405, 2311.988
288.8226, 2288.232
289.3047, 2265.062
289.7868, 2233.268
290.2690, 2233.482
290.7511, 2226.996
291.2332, 2214.166
291.7153, 2175.988
292.1974, 2170.541
292.6795, 2151.976
293.1617, 2132.870
293.6438, 2132.029
294.1259, 2097.539
294.6080, 2096.408
295.0901, 2081.961
295.5722, 2073.607
296.0544, 2052.054
296.5365, 2034.580
297.0186, 2030.308
297.5007, 2018.726
297.9828, 1995.657
298.4649, 1971.674
298.9471, 1951.548
299.4292, 1923.041
299.9113, 1896.480
300.3934, 1881.904
300.8755, 1877.853
301.3576, 1872.974
301.8398, 1869.182
302.3219, 1861.905
302.8040, 1843.467
303.2861, 1815.995
303.7682, 1794.101
304.2503, 1788.415
304.7325, 1794.997
305.2146, 1792.628
305.6967, 1781.283
306.1788, 1762.745
306.6609, 1728.575
307.1430, 1688.694
307.6252, 1662.854
308.1073, 1660.183
308.5894, 1670.260
309.0715, 1670.498
309.5536, 1651.602
310.0357, 1636.234
310.5179, 1629.342
311.0000, 1623.660
311.4821, 1611.709
311.9642, 1592.366
312.4463, 1570.605
312.9284, 1552.211
313.4106, 1536.721
313.8927, 1526.752
314.3748, 1528.785
314.8569, 1529.464
315.3390, 1520.403
315.8211, 1503.852
316.3033, 1488.414
316.7854, 1481.458
317.2675, 1481.839
317.7496, 1475.213
318.2317, 1455.412
318.7138, 1435.735
319.1960, 1418.372
319.6781, 1403.462
320.1602, 1390.703
320.6423, 1379.757
321.1244, 1371.739
321.6065, 1370.119
322.0887, 1377.559
322.5708, 1383.082
323.0529, 1383.003
323.5350, 1380.584
324.0171, 1377.772
324.4992, 1374.941
324.9814, 1372.101
325.4635, 1369.903
325.9456, 1368.139
326.4277, 1363.850
326.9098, 1354.494
327.3919, 1345.383
327.8741, 1341.410
328.3562, 1341.771
328.8383, 1341.886
329.3204, 1341.422
329.8025, 1338.958
330.2846, 1330.537
330.7668, 1315.155
331.2489, 1300.563
331.7310, 1292.425
332.2131, 1289.744
332.6952, 1287.689
333.1773, 1284.951
333.6595, 1283.652
334.1415, 1287.843
334.6237, 1295.258
335.1058, 1296.857
335.5879, 1287.030
336.0700, 1271.396
336.5521, 1265.340
337.0342, 1274.925
337.5164, 1281.799
337.9985, 1279.807
338.4806, 1274.876
338.9627, 1276.274
339.4448, 1285.520
339.9269, 1292.121
340.4091, 1281.329
340.8912, 1244.667
341.3733, 1221.576
341.8554, 1215.307
342.3375, 1217.275
342.8196, 1227.629
343.3018, 1242.882
343.7839, 1256.597
344.2660, 1264.654
344.7481, 1266.831
345.2302, 1260.265
345.7123, 1227.926
346.1945, 1210.043
346.6766, 1227.121
347.1587, 1256.580
347.6408, 1271.587
348.1229, 1261.856
348.6050, 1240.022
349.0872, 1225.413
349.5693, 1219.238
350.0514, 1214.380
350.5335, 1212.709
351.0156, 1209.581
351.4977, 1199.363
351.9799, 1182.833
352.4620, 1170.189
352.9441, 1172.267
353.4262, 1184.463
353.9083, 1189.037
354.3904, 1182.028
354.8726, 1174.449
355.3547, 1178.485
355.8368, 1188.404
356.3189, 1190.559
356.8010, 1171.826
357.2831, 1151.758
357.7653, 1150.786
358.2474, 1166.273
358.7295, 1179.569
359.2116, 1181.245
359.6937, 1175.870
360.1758, 1176.253
360.6580, 1188.933
361.1401, 1193.768
361.6222, 1178.483
362.1043, 1155.242
362.5864, 1138.369
363.0685, 1131.396
363.5507, 1132.484
364.0328, 1140.747
364.5149, 1159.811
364.9970, 1170.023
365.4791, 1166.397
365.9612, 1160.050
366.4434, 1154.651
366.9255, 1151.096
367.4076, 1150.738
367.8897, 1155.176
368.3718, 1162.298
368.8539, 1161.327
369.3361, 1143.346
369.8182, 1131.056
370.3003, 1130.168
370.7824, 1135.052
371.2645, 1141.422
371.7466, 1147.932
372.2288, 1153.654
372.7109, 1158.561
373.1930, 1162.951
373.6751, 1160.805
374.1572, 1143.954
374.6393, 1128.826
375.1215, 1128.910
375.6036, 1140.596
376.0857, 1149.001
376.5678, 1144.114
377.0499, 1132.207
377.5320, 1124.571
378.0142, 1121.785
378.4963, 1118.377
378.9784, 1109.522
379.4605, 1098.430
379.9426, 1093.495
380.4247, 1097.002
380.9069, 1103.248
381.3890, 1111.972
381.8711, 1121.209
382.3532, 1127.054
382.8353, 1128.299
383.3174, 1125.960
383.7996, 1120.634
384.2817, 1109.206
384.7638, 1104.746
385.2459, 1115.780
385.7280, 1126.547
386.2101, 1125.080
386.6923, 1113.634
387.1744, 1102.360
387.6565, 1098.354
388.1386, 1101.016
388.6207, 1106.425
389.1028, 1120.231
389.5850, 1128.959
390.0671, 1127.238
390.5492, 1121.320
391.0313, 1118.256
391.5134, 1120.047
391.9955, 1121.806
392.4777, 1115.784
392.9598, 1100.926
393.4419, 1090.577
393.9240, 1086.263
394.4061, 1086.964
394.8882, 1095.255
395.3704, 1108.406
395.8525, 1116.901
396.3346, 1113.546
396.8167, 1104.045
397.2988, 1095.981
397.7809, 1089.234
398.2631, 1087.039
398.7452, 1093.987
399.2273, 1105.082
399.7094, 1108.111
400.1915, 1099.108
400.6736, 1090.172
401.1558, 1086.509
401.6379, 1085.605
402.1200, 1082.573
402.6021, 1076.280
403.0842, 1071.939
403.5663, 1076.758
404.0485, 1094.171
404.5306, 1102.371
405.0127, 1092.945
405.4948, 1083.918
405.9769, 1085.272
406.4590, 1093.177
406.9412, 1098.451
407.4233, 1095.851
407.9054, 1088.263
408.3875, 1083.845
408.8696, 1083.300
409.3517, 1084.616
409.8339, 1091.121
410.3160, 1096.702
410.7981, 1094.886
411.2802, 1085.944
411.7623, 1078.573
412.2444, 1082.292
412.7266, 1094.404
413.2087, 1101.926
413.6908, 1104.357
414.1729, 1102.188
414.6550, 1090.005
415.1371, 1074.091
415.6193, 1066.580
416.1014, 1074.826
416.5835, 1085.556
417.0656, 1088.442
417.5477, 1085.765
418.0298, 1085.135
418.5120, 1089.589
418.9941, 1095.300
419.4762, 1096.504
419.9583, 1092.176
420.4404, 1085.957
420.9225, 1071.533
421.4047, 1060.368
421.8868, 1065.588
422.3689, 1082.548
422.8510, 1092.995
423.3331, 1083.031
423.8152, 1057.927
424.2974, 1045.998
424.7795, 1056.757
425.2616, 1067.061
425.7437, 1074.198
426.2258, 1079.160
426.7079, 1082.730
427.1901, 1085.114
427.6722, 1086.354
428.1543, 1087.038
428.6364, 1086.983
429.1185, 1082.652
429.6006, 1069.558
430.0828, 1059.800
430.5649, 1063.528
431.0470, 1075.871
431.5291, 1087.506
432.0112, 1098.755
432.4933, 1105.365
432.9755, 1100.655
433.4576, 1087.411
433.9397, 1076.336
434.4218, 1070.875
434.9039, 1070.000
435.3860, 1072.532
435.8682, 1079.533
436.3503, 1086.705
436.8324, 1097.388
437.3145, 1105.363
437.7966, 1103.953
438.2787, 1095.241
438.7609, 1087.419
439.2430, 1086.261
439.7251, 1090.018
440.2072, 1089.536
440.6893, 1077.171
441.1714, 1073.305
441.6536, 1091.053
442.1357, 1110.781
442.6178, 1113.325
443.0999, 1096.642
443.5820, 1077.955
444.0641, 1074.071
444.5463, 1082.515
445.0284, 1088.053
445.5105, 1090.019
445.9926, 1089.166
446.4747, 1081.952
446.9568, 1072.733
447.4390, 1070.639
447.9211, 1082.448
448.4032, 1094.092
448.8853, 1096.522
449.3674, 1091.864
449.8495, 1083.686
450.3317, 1072.546
450.8138, 1062.836
451.2959, 1061.231
451.7780, 1071.165
452.2601, 1074.669
452.7422, 1063.338
453.2244, 1054.106
453.7065, 1057.461
454.1886, 1069.205
454.6707, 1080.504
455.1528, 1086.860
455.6349, 1088.414
456.1171, 1083.985
456.5992, 1069.400
457.0813, 1060.775
457.5634, 1066.087
458.0455, 1073.702
458.5276, 1077.048
459.0098, 1076.223
459.4919, 1074.931
459.9740, 1075.664
460.4561, 1077.329
460.9382, 1077.987
461.4203, 1077.646
461.9025, 1075.916
462.3846, 1071.753
462.8667, 1066.599
463.3488, 1064.104
463.8309, 1065.880
464.3130, 1066.275
464.7952, 1061.527
465.2773, 1055.790
465.7594, 1053.508
466.2415, 1055.293
466.7236, 1059.907
467.2057, 1066.872
467.6879, 1075.913
468.1700, 1081.285
468.6521, 1080.204
469.1342, 1078.526
469.6163, 1077.470
470.0984, 1076.126
470.5806, 1072.832
471.0627, 1067.330
471.5448, 1062.285
472.0269, 1061.747
472.5090, 1065.109
472.9911, 1064.419
473.4733, 1056.241
473.9554, 1049.821
474.4375, 1054.015
474.9196, 1064.234
475.4017, 1071.549
475.8839, 1073.930
476.3660, 1073.732
476.8481, 1071.815
477.3302, 1068.506
477.8123, 1064.501
478.2944, 1059.997
478.7766, 1054.709
479.2587, 1047.364
479.7408, 1035.760
480.2229, 1034.138
480.7050, 1055.550
481.1871, 1071.680
481.6693, 1066.063
482.1514, 1048.693
482.6335, 1037.126
483.1156, 1039.247
483.5977, 1047.555
484.0798, 1048.948
484.5620, 1041.875
485.0441, 1039.278
485.5262, 1047.425
486.0083, 1054.848
486.4904, 1052.216
486.9725, 1042.317
487.4547, 1034.915
487.9368, 1035.336
488.4189, 1038.250
488.9010, 1038.800
489.3831, 1037.282
489.8652, 1034.945
490.3474, 1032.171
490.8295, 1028.917
491.3116, 1024.370
491.7937, 1015.624
492.2758, 1014.753
492.7579, 1031.363
493.2401, 1046.891
493.7222, 1050.983
494.2043, 1045.393
494.6864, 1034.803
495.1685, 1020.904
495.6506, 1008.129
496.1328, 1008.634
496.6149, 1027.685
497.0970, 1040.561
497.5791, 1040.515
498.0612, 1035.498
498.5433, 1027.756
499.0254, 1018.778
499.5075, 1014.594
499.9897, 1024.441
500.4718, 1036.372
500.9539, 1033.180
501.4360, 1017.144
501.9181, 1003.845
502.4002, 999.3511
502.8824, 1002.075
503.3645, 1010.082
503.8466, 1027.495
504.3287, 1039.792
504.8108, 1045.677
505.2929, 1047.195
505.7751, 1044.195
506.2572, 1037.979
506.7393, 1030.660
507.2214, 1023.295
507.7035, 1016.599
508.1856, 1012.114
508.6678, 1009.477
509.1499, 1010.610
509.6320, 1022.093
510.1141, 1031.869
510.5962, 1029.973
511.0783, 1018.175
511.5605, 1007.478
512.0426, 1002.343
512.5247, 1000.803
513.0068, 1001.830
513.4890, 1004.860
513.9711, 1007.110
514.4532, 1007.654
514.9353, 1006.142
515.4174, 1001.114
515.8995, 987.4369
516.3817, 983.8315
516.8638, 1002.817
517.3459, 1020.088
517.8280, 1017.083
518.3101, 1001.566
518.7922, 994.1821
519.2744, 1006.880
519.7565, 1027.619
520.2386, 1031.344
520.7207, 1015.098
521.2028, 999.8552
521.6849, 986.1734
522.1671, 977.8183
522.6492, 978.4791
523.1313, 986.6733
523.6134, 995.8593
524.0955, 1009.429
524.5776, 1018.545
525.0598, 1013.433
525.5419, 984.9290
526.0240, 998.3841
526.5061, 1005.135
526.9882, 1005.541
527.4703, 980.6008
527.9525, 988.3896
528.4346, 983.0627
528.9167, 977.1978
529.3988, 989.5936
529.8809, 968.3400
530.3630, 980.4465
530.8452, 979.2357
531.3273, 984.1202
531.8094, 975.8071
532.2915, 971.5703
532.7736, 980.5351
533.2557, 982.1903
533.7379, 972.3574
534.2200, 977.6295
534.7021, 955.9149
535.1842, 957.8812
535.6663, 970.0648
536.1484, 960.8962
536.6306, 966.4088
537.1127, 966.3304
537.5948, 940.8401
538.0769, 959.5433
538.5590, 947.5135
539.0411, 948.6022
539.5233, 951.8517
540.0054, 957.2881
540.4875, 959.4238
540.9696, 957.9243
541.4517, 953.2237
541.9338, 940.4224
542.4160, 927.4875
542.8981, 925.6005
543.3802, 936.9188
543.8623, 944.4552
544.3444, 928.8306
544.8265, 901.1251
545.3087, 888.1166
545.7908, 891.9830
546.2729, 900.1771
546.7550, 907.0552
547.2371, 911.9804
547.7192, 912.4363
548.2014, 903.5737
548.6835, 899.1086
549.1656, 904.5253
549.6477, 911.8643
550.1298, 915.4045
550.6119, 914.9280
551.0941, 912.5242
551.5762, 909.3242
552.0583, 905.7497
552.5404, 903.9455
553.0225, 905.3120
553.5046, 901.6254
553.9868, 887.2273
554.4689, 870.9551
554.9510, 859.1462
555.4331, 851.9093
555.9152, 849.6525
556.3973, 856.6791
556.8795, 865.1688
557.3616, 868.0372
557.8437, 867.2673
558.3258, 869.4087
558.8079, 876.9874
559.2900, 884.2553
559.7722, 882.1139
560.2543, 867.4470
560.7364, 859.0275
561.2185, 865.0959
561.7006, 868.6506
562.1827, 862.4938
562.6649, 851.7179
563.1470, 844.0074
563.6291, 841.8154
564.1112, 839.9861
564.5933, 834.0882
565.0754, 824.6527
565.5576, 810.9470
566.0397, 791.8431
566.5218, 779.9698
567.0039, 787.3495
567.4860, 808.0513
567.9681, 815.1500
568.4503, 793.7920
568.9324, 781.8638
569.4145, 792.1888
569.8966, 808.1461
570.3787, 816.9928
570.8608, 817.8012
571.3430, 815.0751
571.8251, 811.3258
572.3072, 807.2687
572.7893, 804.3833
573.2714, 787.6462
573.7535, 800.2546
574.2357, 806.9962
574.7178, 808.1868
575.1999, 787.1993
575.6820, 794.8500
576.1641, 791.0239
576.6462, 786.7272
577.1284, 798.4084
577.6105, 780.6468
578.0926, 792.0748
578.5747, 791.8508
579.0568, 795.2519
579.5389, 796.9849
580.0211, 796.1456
580.5032, 792.3657
580.9852, 791.0167
581.4673, 795.0800
581.9495, 797.2438
582.4316, 791.8401
582.9137, 785.0736
583.3958, 786.3683
583.8779, 798.3958
584.3600, 806.0075
584.8422, 793.7919
585.3243, 773.7155
585.8064, 765.4855
586.2885, 769.5273
586.7706, 775.8012
587.2527, 779.1645
587.7349, 779.8955
588.2170, 778.4045
588.6991, 771.3226
589.1812, 768.3709
589.6633, 774.4739
590.1454, 779.5999
590.6276, 775.7186
591.1097, 766.9891
591.5918, 763.8961
592.0739, 772.8558
592.5560, 783.4419
593.0381, 781.2546
593.5203, 768.8097
594.0024, 758.4676
594.4845, 751.9821
594.9666, 749.9175
595.4487, 754.9845
595.9308, 765.6893
596.4130, 767.3312
596.8951, 747.0510
597.3772, 735.6825
597.8593, 746.3182
598.3414, 763.2837
598.8235, 774.3401
599.3057, 777.2922
599.7878, 773.7767
600.2699, 763.2464
600.7520, 749.0029
601.2341, 737.9494
601.7162, 729.6555
602.1984, 731.5846
602.6805, 753.3450
603.1626, 775.3694
603.6447, 769.9921
604.1268, 738.7380
604.6089, 720.7604
605.0911, 734.0837
605.5732, 746.2973
606.0553, 736.8286
606.5374, 718.1328
607.0195, 709.4816
607.5016, 715.6588
607.9838, 727.3700
608.4659, 735.6824
608.9480, 740.6964
609.4301, 743.3270
609.9122, 742.9752
610.3943, 742.0352
610.8765, 742.1456
611.3586, 741.5254
611.8407, 737.5754
612.3228, 729.8978
612.8049, 722.7669
613.2870, 714.7759
613.7692, 710.0543
614.2513, 715.4240
614.7334, 726.4942
615.2155, 732.0880
615.6976, 727.7736
616.1797, 719.0104
616.6619, 713.5183
617.1440, 711.4435
617.6261, 711.1451
618.1082, 712.8382
618.5903, 716.0045
619.0724, 723.7644
619.5546, 731.3968
620.0367, 731.1240
620.5188, 719.8547
621.0009, 712.1191
621.4830, 717.8251
621.9651, 728.1203
622.4473, 734.3076
622.9294, 735.9376
623.4115, 734.6971
623.8936, 731.3829
624.3757, 726.3122
624.8578, 719.3796
625.3400, 709.1373
625.8221, 702.7338
626.3042, 702.0376
626.7863, 703.1931
627.2684, 705.6360
627.7505, 708.2657
628.2327, 709.0615
628.7148, 707.1332
629.1969, 704.9824
629.6790, 704.1072
630.1611, 703.8489
630.6432, 702.8011
631.1254, 701.2036
631.6075, 701.4826
632.0896, 705.4419
632.5717, 710.9037
633.0538, 711.4163
633.5359, 703.5659
634.0181, 700.4023
634.5002, 705.1920
634.9823, 712.1919
635.4644, 721.8068
635.9465, 731.0412
636.4286, 733.0415
636.9108, 722.8049
637.3929, 713.4370
637.8750, 716.3789
638.3571, 724.5830
638.8392, 727.3287
639.3214, 723.4487
639.8035, 715.3898
640.2856, 704.0201
640.7677, 691.6246
641.2498, 685.5293
641.7319, 688.6096
642.2141, 690.6876
642.6962, 690.7126
643.1783, 689.8365
643.6604, 687.5480
644.1425, 684.9129
644.6246, 684.5256
645.1068, 688.1935
645.5889, 691.8289
646.0710, 691.7683
646.5531, 690.2999
647.0352, 692.4006
647.5173, 697.8314
647.9995, 699.9365
648.4816, 693.3502
648.9637, 681.9064
649.4458, 678.2797
649.9279, 685.8675
650.4100, 691.9507
650.8922, 695.0449
651.3743, 696.6835
651.8564, 696.8572
652.3385, 696.3348
652.8206, 697.3951
653.3027, 703.0259
653.7849, 705.3422
654.2670, 696.3891
654.7491, 682.7309
655.2312, 673.2667
655.7133, 669.0035
656.1954, 667.1259
656.6776, 665.8600
657.1597, 665.3195
657.6418, 665.8233
658.1239, 667.4265
658.6060, 670.2955
659.0881, 679.2409
659.5703, 683.5158
660.0524, 669.2331
660.5345, 646.5851
661.0166, 640.6677
661.4987, 665.5256
661.9808, 687.8168
662.4630, 687.8277
662.9451, 679.1183
663.4272, 678.7654
663.9093, 686.4086
664.3914, 690.7087
664.8735, 684.5014
665.3557, 672.5455
665.8378, 665.0361
666.3199, 662.1265
666.8020, 663.1338
667.2841, 670.4580
667.7662, 677.6174
668.2484, 680.4919
668.7305, 680.1950
669.2126, 678.8004
669.6947, 675.9174
670.1768, 673.1685
670.6589, 671.1338
671.1411, 669.4155
671.6232, 667.3328
672.1053, 665.2311
672.5874, 664.3353
673.0695, 665.3470
673.5516, 666.9931
674.0338, 666.6094
674.5159, 664.3182
674.9980, 665.6476
675.4801, 673.1932
675.9622, 676.8550
676.4443, 666.9913
676.9265, 650.9102
677.4086, 648.6044
677.8907, 668.5922
678.3728, 678.6235
678.8549, 664.1663
679.3370, 648.4687
679.8192, 646.7979
680.3013, 654.7046
680.7834, 662.2055
681.2655, 665.5597
681.7476, 666.7532
682.2297, 668.5939
682.7119, 670.1371
683.1940, 664.9625
683.6761, 652.0067
684.1582, 649.1953
684.6403, 669.7179
685.1224, 696.7719
685.6046, 698.3608
686.0867, 661.6942
686.5688, 640.7027
687.0509, 646.4269
687.5330, 653.8614
688.0151, 653.0327
688.4973, 649.3306
688.9794, 650.9731
689.4615, 659.5399
689.9436, 668.0389
690.4257, 671.1496
690.9078, 671.3154
691.3900, 672.5049
691.8721, 674.3328
692.3542, 674.3954
692.8363, 671.8464
693.3184, 667.1599
693.8005, 660.2656
694.2827, 650.8428
694.7648, 646.8141
695.2469, 652.2156
695.7290, 656.5334
696.2111, 656.8785
696.6932, 655.4047
697.1754, 653.3641
697.6575, 651.0136
698.1396, 649.3014
698.6217, 647.1022
699.1038, 647.1314
699.5859, 652.8644
700.0681, 661.6804
700.5502, 670.2894
701.0323, 677.3698
701.5144, 681.0833
701.9965, 680.0674
702.4786, 674.1546
702.9608, 659.2726
703.4429, 631.2010
703.9250, 618.7960
704.4071, 634.1454
704.8892, 656.4590
705.3713, 671.7360
705.8535, 679.8883
706.3356, 681.1186
706.8177, 667.9704
707.2998, 658.1714
707.7819, 657.2839
708.2640, 660.3205
708.7462, 666.9764
709.2283, 673.6503
709.7104, 670.2100
710.1925, 649.2783
710.6746, 627.5616
711.1567, 633.6309
711.6389, 659.4394
712.1210, 666.1364
712.6031, 648.4744
713.0852, 633.5530
713.5673, 638.6918
714.0494, 654.6849
714.5316, 658.7590
715.0137, 642.9876
715.4958, 634.8975
715.9779, 639.4548
716.4600, 645.9363
716.9421, 653.5690
717.4243, 659.2728
717.9064, 657.0800
718.3885, 645.2821
718.8706, 637.2178
719.3527, 644.7971
719.8348, 656.9220
720.3170, 661.7069
720.7991, 660.1428
721.2812, 655.8712
721.7633, 650.3319
722.2454, 646.2037
722.7275, 646.9057
723.2097, 652.0753
723.6918, 658.0116
724.1739, 666.1174
724.6560, 669.9345
725.1381, 664.1458
725.6202, 657.1058
726.1024, 660.1472
726.5845, 671.6880
727.0666, 676.4645
727.5487, 668.3712
728.0308, 659.3378
728.5129, 652.1298
728.9951, 646.6071
729.4772, 641.9664
729.9593, 638.6727
730.4414, 639.2777
730.9235, 647.1111
731.4056, 654.7980
731.8878, 648.4254
732.3699, 632.3935
732.8520, 625.3132
733.3341, 629.9481
733.8162, 638.3353
734.2983, 646.1719
734.7805, 652.7329
735.2626, 655.8511
735.7447, 654.0308
736.2268, 652.2374
736.7089, 647.9739
737.1910, 646.6384
737.6732, 654.1240
738.1553, 664.1611
738.6374, 667.2112
739.1195, 661.2005
739.6016, 654.0093
740.0837, 636.0657
740.5659, 652.6861
741.0480, 661.4850
741.5301, 662.8820
742.0122, 634.7083
742.4943, 644.7190
742.9764, 639.4273
743.4586, 633.5076
743.9407, 648.8928
744.4228, 625.0201
744.9049, 640.0672
745.3870, 639.5782
745.8691, 646.1999
746.3513, 640.8785
746.8334, 638.5577
747.3155, 627.1421
747.7976, 623.4333
748.2797, 636.4741
748.7618, 644.4664
749.2440, 642.7933
749.7261, 637.8030
750.2082, 632.4677
750.6903, 627.5897
751.1724, 624.0010
751.6545, 621.9543
752.1367, 621.3751
752.6188, 623.2808
753.1009, 626.0391
753.5830, 626.6498
754.0651, 625.6306
754.5472, 625.9492
755.0294, 629.0081
755.5115, 634.2123
755.9936, 642.3252
756.4757, 653.3595
756.9578, 655.8053
757.4399, 646.9063
757.9221, 639.5523
758.4042, 639.2065
758.8863, 642.1204
759.3684, 644.8568
759.8505, 648.0015
760.3326, 643.4973
760.8148, 620.2511
761.2969, 603.3000
761.7790, 601.6860
762.2611, 607.7900
762.7432, 618.3101
763.2253, 630.1503
763.7075, 635.1542
764.1896, 625.8563
764.6717, 587.4294
765.1538, 613.3765
765.6359, 627.5905
766.1180, 630.7021
766.6002, 589.4574
767.0823, 605.4896
767.5644, 598.5677
768.0465, 590.7048
768.5286, 614.7982
769.0107, 580.0053
769.4929, 603.5918
769.9750, 600.6338
770.4571, 597.0378
770.9392, 599.4975
771.4213, 606.0079
771.9034, 614.6333
772.3856, 626.7946
772.8677, 632.8618
773.3498, 624.2396
773.8319, 619.3420
774.3140, 631.2463
774.7961, 645.6425
775.2783, 645.5024
775.7604, 631.1379
776.2425, 617.7307
776.7246, 611.9415
777.2067, 612.4088
777.6888, 623.4708
778.1710, 638.0236
778.6531, 640.1058
779.1352, 629.0999
779.6173, 616.6957
780.0994, 610.1160
780.5815, 608.2977
781.0637, 609.9053
781.5458, 615.1187
782.0279, 620.2281
782.5100, 626.0773
782.9921, 627.6148
783.4742, 619.2267
783.9564, 608.2586
784.4385, 608.0079
784.9206, 621.7478
785.4027, 632.0594
785.8848, 638.2254
786.3669, 641.8946
786.8491, 645.3036
787.3312, 645.2430
787.8133, 634.7543
788.2954, 616.1321
788.7775, 604.3076
789.2596, 608.8224
789.7418, 618.4751
790.2239, 628.7185
790.7060, 636.6708
791.1881, 636.4069
791.6702, 628.9195
792.1523, 620.8185
792.6345, 615.6445
793.1166, 613.8557
793.5987, 618.9135
794.0808, 629.3578
794.5629, 630.3870
795.0450, 620.1497
795.5272, 609.4847
796.0093, 602.1010
796.4914, 599.4659
796.9735, 605.9493
797.4556, 624.3007
797.9377, 627.4821
798.4199, 600.3837
798.9020, 579.9039
799.3841, 576.7878
799.8662, 580.0506
800.3483, 581.9365
800.8304, 582.4795
801.3126, 584.2320
801.7947, 587.8471
802.2768, 592.7156
802.7589, 601.3468
803.2410, 608.9905
803.7231, 610.8602
804.2053, 607.6359
804.6874, 600.2761
805.1695, 588.8633
805.6516, 582.2622
806.1337, 596.3514
806.6158, 620.3440
807.0980, 626.4130
807.5801, 616.4176
808.0622, 611.0163
808.5443, 617.5106
809.0264, 625.4155
809.5085, 622.2888
809.9907, 609.9699
810.4728, 604.1483
810.9549, 606.3956
811.4370, 609.9095
811.9191, 615.4949
812.4012, 618.7540
812.8834, 613.7673
813.3655, 603.8361
813.8476, 602.2448
814.3297, 617.9457
814.8118, 623.8774
815.2939, 607.8495
815.7761, 592.1565
816.2582, 587.8336
816.7403, 591.3787
817.2224, 598.6221
817.7045, 608.3947
818.1866, 615.0363
818.6688, 613.7430
819.1509, 609.5577
819.6330, 603.8354
820.1151, 599.5168
820.5972, 604.8361
821.0793, 618.6521
821.5615, 627.0286
822.0436, 619.3058
822.5257, 604.1964
823.0078, 596.5350
823.4899, 595.7220
823.9720, 599.3541
824.4542, 607.3780
824.9363, 612.3597
825.4184, 609.8539
825.9005, 604.1979
826.3826, 603.2784
826.8647, 608.0783
827.3469, 607.7312
827.8290, 597.1655
828.3111, 592.2443
828.7932, 604.0512
829.2753, 616.9901
829.7574, 612.4366
830.2396, 593.9296
830.7217, 585.2160
831.2038, 594.3506
831.6859, 604.3584
832.1680, 616.1048
832.6501, 623.9916
833.1323, 622.0654
833.6144, 613.8931
834.0965, 606.0986
834.5786, 600.4850
835.0607, 597.5283
835.5428, 599.8295
836.0250, 603.0410
836.5071, 601.4030
836.9892, 597.3280
837.4713, 596.0956
837.9534, 598.9817
838.4355, 604.7623
838.9177, 613.6965
839.3998, 622.4971
839.8819, 623.4125
840.3640, 617.5633
840.8461, 612.0800
841.3282, 607.9607
841.8104, 603.9446
842.2925, 599.0346
842.7746, 594.7920
843.2567, 595.2535
843.7388, 601.9114
844.2209, 600.5149
844.7031, 585.3357
845.1852, 575.7306
845.6673, 579.1781
846.1494, 589.3478
846.6315, 602.7653
847.1136, 618.7515
847.5958, 625.6112
848.0779, 616.0806
848.5600, 607.8339
849.0421, 603.3894
849.5242, 600.5811
850.0063, 598.5814
850.4885, 596.9802
850.9706, 594.1165
851.4527, 588.8020
851.9348, 588.9940
852.4169, 606.7567
852.8990, 623.3977
853.3812, 621.2617
853.8633, 609.2454
854.3454, 601.5569
854.8275, 600.9299
855.3096, 602.5980
855.7917, 603.7550
856.2739, 604.8591
856.7560, 607.1604
857.2381, 609.7844
857.7202, 610.2935
858.2023, 608.6144
858.6844, 605.6805
859.1666, 601.7974
859.6487, 599.2537
860.1308, 602.3959
860.6129, 610.5163
861.0950, 616.0582
861.5771, 619.4308
862.0593, 615.5662
862.5414, 600.9667
863.0235, 585.6127
863.5056, 578.2419
863.9877, 577.9356
864.4698, 580.4012
864.9520, 589.0995
865.4341, 592.2297
865.9162, 582.0390
866.3983, 575.8463
866.8804, 587.7236
867.3625, 605.7145
867.8447, 612.1087
868.3268, 605.0706
868.8089, 600.4816
869.2910, 601.6620
869.7731, 603.7562
870.2552, 608.0272
870.7374, 610.2692
871.2195, 603.7280
871.7016, 591.7837
872.1837, 586.4163
872.6658, 594.1149
873.1479, 601.0601
873.6301, 597.2359
874.1122, 590.6329
874.5943, 589.4788
875.0764, 591.6192
875.5585, 590.3896
876.0406, 584.7776
876.5228, 582.4853
877.0049, 593.4221
877.4870, 606.6360
877.9691, 603.5200
878.4512, 589.6649
878.9333, 577.5356
879.4155, 570.1673
879.8976, 574.9535
880.3797, 597.0294
880.8618, 621.4802
881.3439, 619.7691
881.8260, 595.7424
882.3082, 588.9813
882.7903, 600.7329
883.2724, 605.8687
883.7545, 595.2566
884.2366, 583.2434
884.7188, 584.3226
885.2009, 595.3785
885.6830, 600.5953
886.1651, 598.9296
886.6472, 594.0341
887.1293, 581.2864
887.6115, 575.3383
888.0936, 588.6819
888.5757, 609.1886
889.0578, 616.7697
889.5399, 609.4711
890.0220, 601.8054
890.5042, 591.9113
890.9863, 584.1354
891.4684, 575.9450
891.9505, 573.0999
892.4326, 585.9066
892.9147, 607.1024
893.3969, 615.2085
893.8790, 601.0169
894.3611, 589.8170
894.8432, 565.2108
895.3253, 592.1581
895.8074, 607.3724
896.2896, 611.4841
896.7717, 571.2399
897.2538, 588.2721
897.7359, 582.3505
898.2180, 575.4877
898.7001, 600.5814
899.1823, 566.7886
899.6644, 591.3755
900.1465, 592.6583
900.6286, 604.6068
901.1107, 593.4597
901.5928, 589.4460
902.0750, 608.5355
902.5571, 614.8325
903.0392, 594.2886
903.5213, 594.1213
904.0034, 591.4009
904.4855, 593.2219
904.9677, 600.1568
905.4498, 605.8489
905.9319, 606.0608
906.4140, 603.3988
906.8961, 602.5747
907.3782, 602.9999
907.8604, 600.7797
908.3425, 595.8661
908.8246, 591.8530
909.3067, 590.0093
909.7888, 588.8865
910.2709, 587.0652
910.7530, 584.6617
911.2351, 581.6019
911.7172, 577.3475
912.1993, 578.1188
912.6815, 587.6141
913.1636, 589.3827
913.6457, 569.4863
914.1278, 546.7221
914.6099, 554.1559
915.0920, 595.2927
915.5742, 615.2737
916.0563, 604.8958
916.5384, 592.5200
917.0205, 582.0197
917.5026, 572.4950
917.9847, 560.4734
918.4669, 549.4506
918.9490, 550.8074
919.4311, 550.5826
919.9132, 577.6824
920.3953, 593.0493
920.8774, 597.3135
921.3596, 557.2220
921.8417, 574.4068
922.3238, 568.6378
922.8059, 561.9276
923.2880, 587.1738
923.7701, 553.5336
924.2523, 578.2732
924.7344, 579.7086
925.2165, 591.8096
925.6986, 580.8151
926.1807, 576.9542
926.6628, 596.1961
927.1450, 602.6458
927.6271, 588.9926
928.1092, 601.7717
928.5913, 567.3248
929.0734, 574.3193
929.5555, 599.1939
930.0377, 586.7021
930.5198, 576.8774
931.0019, 580.3888
931.4840, 588.3991
931.9661, 594.7362
932.4482, 592.8144
932.9304, 589.2771
933.4125, 591.9686
933.8946, 597.1381
934.3767, 598.6865
934.8588, 595.9930
935.3409, 591.2050
935.8231, 585.2975
936.3052, 578.6566
936.7873, 567.2658
937.2694, 557.9664
937.7515, 568.0614
938.2336, 590.3755
938.7158, 602.8419
939.1979, 600.6337
939.6800, 591.8077
940.1621, 581.2173
940.6442, 571.3655
941.1263, 567.4888
941.6085, 567.8038
942.0906, 564.6039
942.5727, 558.7003
943.0548, 560.6282
943.5369, 574.0298
944.0190, 589.3265
944.5012, 597.6272
944.9833, 599.1860
945.4654, 591.4727
945.9475, 575.9096
946.4296, 570.4466
946.9117, 577.2703
947.3939, 583.4201
947.8760, 582.3101
948.3581, 580.2009
948.8402, 587.1176
949.3223, 600.9143
949.8044, 601.6210
950.2866, 587.7399
950.7687, 578.4808
951.2508, 577.0812
951.7329, 582.1837
952.2150, 595.8211
952.6971, 608.1566
953.1793, 596.5965
953.6614, 558.1224
954.1435, 548.9661
954.6256, 579.4587
955.1077, 598.7180
955.5898, 592.7869
956.0720, 577.5444
956.5541, 561.9315
957.0362, 548.8329
957.5183, 546.8796
958.0004, 558.7954
958.4825, 571.6232
958.9647, 589.3035
959.4468, 598.5075
959.9289, 590.9283
960.4110, 579.4837
960.8931, 575.3787
961.3752, 577.5950
961.8574, 581.5770
962.3395, 590.7222
962.8216, 594.0444
963.3037, 588.1639
963.7858, 581.4045
964.2679, 575.3082
964.7501, 570.9604
965.2322, 571.2748
965.7143, 575.4458
966.1964, 574.0377
966.6785, 558.9824
967.1606, 550.9658
967.6428, 556.0897
968.1249, 561.5755
968.6070, 560.8141
969.0891, 558.2102
969.5712, 558.5120
970.0533, 561.8797
970.5355, 569.1475
971.0176, 589.4048
971.4997, 600.2382
971.9818, 588.1751
972.4639, 577.2059
972.9460, 585.5720
973.4282, 600.7719
973.9103, 601.6073
974.3924, 585.9016
974.8745, 575.6648
975.3566, 578.1124
975.8387, 581.0692
976.3209, 584.0459
976.8030, 584.1628
977.2851, 575.2863
977.7672, 563.8093
978.2493, 562.5627
978.7314, 574.1425
979.2136, 582.8716
979.6957, 584.9100
980.1778, 583.9628
980.6599, 578.2184
981.1420, 572.8151
981.6241, 570.7724
982.1063, 572.5026
982.5884, 579.2208
983.0705, 591.9641
983.5526, 602.3685
984.0347, 610.3482
984.5168, 612.4087
984.9990, 603.5031
985.4811, 590.9550
985.9632, 579.1567
986.4453, 569.7286
986.9274, 565.4196
987.4095, 567.9036
987.8917, 569.0720
988.3738, 564.3087
988.8559, 559.5314
989.3380, 557.0501
989.8201, 556.6175
990.3022, 560.7725
990.7844, 566.3524
991.2665, 563.9218
991.7486, 549.0221
992.2307, 536.3091
992.7128, 528.2927
993.1949, 528.2321
993.6771, 545.6982
994.1592, 566.5229
994.6413, 573.3970
995.1234, 569.2363
995.6055, 570.2475
996.0876, 583.5120
996.5698, 592.0446
997.0519, 580.3555
997.5340, 570.3856
998.0161, 579.7767
998.4982, 595.9434
998.9803, 606.2988
999.4625, 608.9886
999.9446, 603.7704
1000.427, 587.0051
1000.909, 576.4742
1001.391, 587.6328
1001.873, 599.6481
1002.355, 598.2448
1002.837, 590.1173
1003.319, 582.2309
1003.802, 576.1505
1004.284, 572.2201
1004.766, 569.7173
1005.248, 572.4136
1005.730, 589.5356
1006.212, 604.3029
1006.694, 603.9608
1007.176, 595.6992
1007.658, 584.9346
1008.141, 575.1194
1008.623, 574.6876
1009.105, 589.7137
1009.587, 603.3524
1010.069, 611.8915
1010.551, 612.3405
1011.033, 596.5581
1011.515, 575.6830
1011.997, 560.6933
1012.480, 553.4221
1012.962, 554.8436
1013.444, 569.7436
1013.926, 578.9645
1014.408, 565.1984
1014.890, 553.7750
1015.372, 567.9225
1015.854, 587.8615
1016.337, 587.1076
1016.819, 568.9120
1017.301, 556.3611
1017.783, 556.4699
1018.265, 560.8101
1018.747, 571.9393
1019.229, 579.8693
1019.711, 576.0025
1020.193, 568.1002
1020.676, 566.7410
1021.158, 569.6096
1021.640, 563.8809
1022.122, 541.8889
1022.604, 526.5881
1023.086, 531.4020
1023.568, 537.2487
1024.050, 531.9243
1024.533, 525.1053
1025.015, 526.1279
1025.497, 534.8170
1025.979, 548.9368
1026.461, 572.5484
1026.943, 586.1489
1027.425, 577.4272
1027.907, 567.5141
1028.390, 560.8712
1028.872, 560.7515
1029.354, 577.4123
1029.836, 602.3314
1030.318, 609.1168
1030.800, 589.8020
1031.282, 568.2530
1031.764, 535.7346
1032.246, 517.9797
1032.729, 538.0302
1033.211, 563.6187
1033.693, 564.5948
1034.175, 550.5374
1034.657, 550.9520
1035.139, 573.4279
1035.621, 588.8549
1036.103, 593.5709
1036.585, 593.0373
1037.068, 583.6996
1037.550, 574.2000
1038.032, 571.0509
1038.514, 572.1904
1038.996, 572.5912
1039.478, 571.6426
1039.960, 572.7923
1040.442, 576.5233
1040.925, 581.8297
1041.407, 594.4443
1041.889, 600.9753
1042.371, 586.7770
1042.853, 564.9798
1043.335, 561.6204
1043.817, 579.5427
1044.299, 587.7877
1044.781, 580.3541
1045.264, 576.9136
1045.746, 584.9119
1046.228, 587.7477
1046.710, 570.5210
1047.192, 550.0110
1047.674, 554.3358
1048.156, 582.9630
1048.638, 601.9307
1049.120, 610.8391
1049.603, 610.0616
1050.085, 596.1807
1050.567, 582.3967
1051.049, 573.3696
1051.531, 571.4990
1052.013, 581.8862
1052.495, 601.6851
1052.977, 610.3163
1053.460, 606.4611
1053.942, 602.1570
1054.424, 598.4560
1054.906, 593.9311
1055.388, 588.0120
1055.870, 580.6133
1056.352, 570.2656
1056.834, 560.7214
1057.317, 567.6837
1057.799, 590.2007
1058.281, 605.0517
1058.763, 610.8099
1059.245, 604.3118
1059.727, 584.2090
1060.209, 568.4871
1060.691, 573.3029
1061.173, 588.6014
1061.656, 595.5692
1062.138, 594.4953
1062.620, 581.8674
1063.102, 561.1338
1063.584, 554.7205
1064.066, 566.7180
1064.548, 580.3720
1065.030, 585.0537
1065.512, 583.5157
1065.995, 574.5518
1066.477, 564.7701
1066.959, 571.6378
1067.441, 589.3458
1067.923, 602.7318
1068.405, 608.7074
1068.887, 607.5479
1069.369, 599.1907
1069.852, 590.3083
1070.334, 587.8812
1070.816, 588.2057
1071.298, 587.5571
1071.780, 585.9288
1072.262, 582.8543
1072.744, 578.9318
1073.226, 547.2523
1073.708, 574.2396
1074.191, 589.4943
1074.673, 593.6459
1075.155, 553.4417
1075.637, 570.5139
1076.119, 564.6323
1076.601, 557.8095
1077.083, 582.9432
1077.565, 549.1904
1078.047, 573.8173
1078.530, 575.1404
1079.012, 587.1290
1079.494, 576.0219
1079.976, 588.8907
1080.458, 601.4533
1080.940, 599.7263
1081.422, 592.5396
1081.904, 591.5834
1082.386, 596.7827
1082.869, 600.8468
1083.351, 604.5196
1083.833, 602.8434
1084.315, 590.5465
1084.797, 578.6894
1085.279, 571.1119
1085.761, 565.7037
1086.243, 558.7136
1086.726, 552.5663
1087.208, 555.5351
1087.690, 571.1153
1088.172, 581.8372
1088.654, 588.3676
1089.136, 588.2783
1089.618, 578.2857
1090.100, 566.4161
1090.583, 555.2136
1091.065, 549.1570
1091.547, 558.9084
1092.029, 583.6906
1092.511, 589.7809
1092.993, 573.4708
1093.475, 565.5261
1093.957, 571.1757
1094.439, 575.2857
1094.922, 570.8466
1095.404, 562.8377
1095.886, 555.5814
1096.368, 551.2126
1096.850, 559.9451
1097.332, 578.9946
1097.814, 587.1049
1098.296, 583.8883
1098.778, 577.7659
1099.261, 571.7472
1099.743, 570.7747
1100.225, 580.1675
1100.707, 588.4528
1101.189, 571.3550
1101.671, 544.7966
1102.153, 543.3842
1102.635, 558.8941
1103.118, 569.7471
1103.600, 572.4875
1104.082, 572.1876
1104.564, 557.9355
1105.046, 584.2196
1105.528, 598.7708
1106.010, 602.2192
1106.492, 561.3119
1106.974, 577.6809
1107.457, 571.0951
1107.939, 563.5692
1108.421, 587.9997
1108.903, 553.5439
1109.385, 577.4675
1109.867, 578.0873
1110.349, 589.3726
1110.831, 589.1004
1111.313, 613.3552
1111.796, 614.3737
1112.278, 603.8420
1112.760, 598.2823
1113.242, 597.1068
1113.724, 587.2895
1114.206, 554.4111
1114.688, 541.4471
1115.170, 565.7975
1115.653, 584.3433
1116.135, 582.3859
1116.617, 575.8707
1117.099, 575.8340
1117.581, 580.3475
1118.063, 586.2022
1118.545, 594.0540
1119.027, 590.4282
1119.510, 572.1143
1119.992, 559.4495
1120.474, 555.6173
1120.956, 558.1980
1121.438, 567.0840
1121.920, 575.3195
1122.402, 574.6998
1122.884, 566.2482
1123.366, 545.6920
1123.849, 519.1503
1124.331, 529.1745
1124.813, 570.6963
1125.295, 592.6826
1125.777, 582.4478
1126.259, 567.3691
1126.741, 566.1968
1127.223, 569.4726
1127.705, 564.9596
1128.188, 558.1658
1128.670, 556.3547
1129.152, 558.7394
1129.634, 566.8067
1130.116, 576.9351
1130.598, 576.7582
1131.080, 561.7715
1131.562, 552.5688
1132.045, 567.6249
1132.527, 582.8444
1133.009, 585.2111
1133.491, 582.0188
1133.973, 577.8786
1134.455, 573.0912
1134.937, 565.3262
1135.419, 555.4780
1135.901, 553.5132
1136.384, 568.8044
1136.866, 577.5662
1137.348, 572.1005
1137.830, 568.4561
1138.312, 575.6512
1138.794, 580.0003
1139.276, 567.7469
1139.758, 547.2769
1140.240, 537.6193
1140.723, 538.9315
1141.205, 552.7221
1141.687, 582.9136
1142.169, 596.2691
1142.651, 585.8788
1143.133, 577.6666
1143.615, 584.5348
1144.097, 590.7534
1144.580, 576.2574
1145.062, 553.6417
1145.544, 559.3928
1146.026, 583.1449
1146.508, 588.5044
1146.990, 578.0417
1147.472, 569.2277
1147.954, 566.3175
1148.437, 566.0292
1148.919, 566.8561
1149.401, 567.1404
1149.883, 565.7078
1150.365, 562.6514
1150.847, 555.6655
1151.329, 548.9545
1151.811, 546.7961
1152.293, 549.4525
1152.776, 558.8878
1153.258, 574.8607
1153.740, 582.2899
1154.222, 567.9727
1154.704, 557.3481
1155.186, 556.2879
1155.668, 560.6614
1156.150, 574.0511
1156.632, 587.3041
1157.115, 593.0383
1157.597, 590.7984
1158.079, 576.8486
1158.561, 545.5745
1159.043, 534.9066
1159.525, 551.8942
1160.007, 561.0288
1160.489, 554.4807
1160.972, 546.4228
1161.454, 543.7661
1161.936, 545.8292
1162.418, 552.6738
1162.900, 562.0874
1163.382, 567.9266
1163.864, 570.3873
1164.346, 568.6916
1164.828, 564.2210
1165.311, 563.0212
1165.793, 565.9877
1166.275, 568.9198
1166.757, 569.6153
1167.239, 567.9037
1167.721, 558.2648
1168.203, 551.7717
1168.685, 565.9513
1169.167, 584.2029
1169.650, 584.1709
1170.132, 572.6310
1170.614, 569.0046
1171.096, 576.1792
1171.578, 578.5934
1172.060, 564.2977
1172.542, 557.2396
1173.024, 571.1631
1173.507, 580.4297
1173.989, 567.1161
1174.471, 554.6687
1174.953, 565.9484
1175.435, 590.0064
1175.917, 599.5109
1176.399, 593.6852
1176.881, 586.6597
1177.364, 578.3249
1177.846, 567.6380
1178.328, 553.9153
1178.810, 552.0301
1179.292, 568.7742
1179.774, 583.9774
1180.256, 576.4138
1180.738, 560.0264
1181.220, 561.9222
1181.703, 572.8749
1182.185, 572.2122
1182.667, 564.2475
1183.149, 560.3030
1183.631, 561.9398
1184.113, 567.0989
1184.595, 575.1517
1185.077, 580.6802
1185.559, 580.0085
1186.042, 576.6905
1186.524, 569.9547
1187.006, 563.9973
1187.488, 562.6110
1187.970, 563.3776
1188.452, 561.5176
1188.934, 558.1617
1189.416, 562.0522
1189.899, 577.4808
1190.381, 586.6850
1190.863, 589.3342
1191.345, 585.6501
1191.827, 573.3440
1192.309, 562.9272
1192.791, 560.0934
1193.273, 562.8566
1193.755, 569.7309
1194.238, 578.6067
1194.720, 583.0934
1195.202, 583.6843
1195.684, 581.8561
1196.166, 578.0619
1196.648, 572.8513
1197.130, 566.8422
1197.612, 561.8792
1198.094, 558.8072
1198.577, 557.9150
1199.059, 561.0585
1199.541, 564.5064
1200.023, 565.3914
1200.505, 565.3318
1200.987, 568.1572
1201.469, 569.8672
1201.951, 560.7852
1202.434, 542.4950
1202.916, 534.2743
1203.398, 545.4548
1203.880, 550.4716
1204.362, 545.6204
1204.844, 542.5694
1205.326, 544.8922
1205.808, 546.0558
1206.291, 540.7590
1206.773, 536.8945
1207.255, 546.6889
1207.737, 565.6565
1208.219, 578.4777
1208.701, 585.0496
1209.183, 580.4099
1209.665, 568.5121
1210.147, 572.0767
1210.630, 591.2255
1211.112, 593.6755
1211.594, 561.6988
1212.076, 531.6496
1212.558, 536.6004
1213.040, 550.1500
1213.522, 554.9911
1214.004, 556.1669
1214.486, 556.5891
1214.969, 557.8119
1215.451, 561.6583
1215.933, 568.0410
1216.415, 575.6578
1216.897, 586.6838
1217.379, 592.2159
1217.861, 589.5958
1218.343, 588.4428
1218.826, 592.1075
1219.308, 591.8091
1219.790, 581.7529
1220.272, 570.5142
1220.754, 568.7208
1221.236, 573.1425
1221.718, 575.5146
1222.200, 576.4606
1222.682, 577.7933
1223.165, 579.7455
1223.647, 585.0322
1224.129, 591.6604
1224.611, 587.7742
1225.093, 568.6716
1225.575, 556.3143
1226.057, 575.0062
1226.539, 590.1917
1227.021, 574.4752
1227.504, 558.7408
1227.986, 570.3789
1228.468, 589.1397
1228.950, 587.1480
1229.432, 571.2279
1229.914, 566.5331
##END=



