##NAMES=Brucite
##RRUFFID=R040077
##IDEAL CHEMISTRY=Mg(OH)_2_
##LOCALITY=Gabbs, Nye County, Nevada, USA
##OWNER=RRUFF
##SOURCE=University of Arizona Mineral Museum
##DESCRIPTION=White fine-grained massive
##STATUS=The identification of this mineral has been confirmed by X-ray diffraction and chemical analysis
##URL=rruff.info/R040077
##MEASURED CHEMISTRY=Mg_1.00_(OH)_2_
129.7605, 1730.895
130.2426, 1737.184
130.7247, 1742.548
131.2068, 1744.713
131.6889, 1741.824
132.1711, 1735.396
132.6532, 1729.540
133.1353, 1723.492
133.6174, 1719.667
134.0995, 1722.121
134.5816, 1730.754
135.0638, 1737.824
135.5459, 1740.094
136.0280, 1737.555
136.5101, 1734.508
136.9922, 1729.660
137.4743, 1726.012
137.9565, 1730.393
138.4386, 1745.182
138.9207, 1758.963
139.4028, 1766.263
139.8849, 1766.470
140.3670, 1764.420
140.8492, 1758.955
141.3313, 1751.967
141.8134, 1751.200
142.2955, 1760.240
142.7776, 1769.978
143.2597, 1773.794
143.7419, 1767.576
144.2240, 1764.757
144.7061, 1768.708
145.1882, 1779.728
145.6703, 1785.776
146.1524, 1783.762
146.6346, 1779.241
147.1167, 1777.686
147.5988, 1779.303
148.0809, 1783.369
148.5630, 1790.517
149.0451, 1802.779
149.5273, 1811.471
150.0094, 1813.945
150.4915, 1813.120
150.9736, 1813.994
151.4557, 1819.170
151.9378, 1823.666
152.4200, 1825.445
152.9021, 1819.517
153.3842, 1818.342
153.8663, 1829.653
154.3484, 1847.772
154.8305, 1854.707
155.3127, 1837.177
155.7948, 1814.798
156.2769, 1798.366
156.7590, 1789.660
157.2411, 1787.051
157.7232, 1793.532
158.2053, 1807.966
158.6875, 1819.652
159.1696, 1822.878
159.6517, 1823.249
160.1338, 1825.714
160.6159, 1837.258
161.0980, 1846.474
161.5802, 1847.466
162.0623, 1839.366
162.5444, 1831.427
163.0265, 1826.460
163.5086, 1824.141
163.9907, 1824.023
164.4729, 1827.486
164.9550, 1832.006
165.4371, 1836.190
165.9192, 1839.891
166.4013, 1842.886
166.8834, 1846.226
167.3656, 1848.814
167.8477, 1848.193
168.3298, 1836.703
168.8119, 1824.299
169.2940, 1821.792
169.7761, 1837.221
170.2583, 1852.717
170.7404, 1850.728
171.2225, 1835.115
171.7046, 1821.870
172.1867, 1823.899
172.6688, 1833.869
173.1510, 1841.266
173.6331, 1840.111
174.1152, 1837.774
174.5973, 1844.880
175.0794, 1860.645
175.5615, 1873.146
176.0437, 1868.663
176.5258, 1853.870
177.0079, 1842.965
177.4900, 1844.747
177.9721, 1852.428
178.4542, 1855.493
178.9364, 1853.737
179.4185, 1851.031
179.9006, 1852.661
180.3827, 1857.108
180.8648, 1858.952
181.3469, 1852.263
181.8291, 1841.411
182.3112, 1836.999
182.7933, 1840.337
183.2754, 1847.309
183.7575, 1854.214
184.2396, 1860.700
184.7218, 1864.908
185.2039, 1863.593
185.6860, 1858.500
186.1681, 1856.356
186.6502, 1858.157
187.1323, 1862.544
187.6144, 1868.063
188.0966, 1874.691
188.5787, 1880.274
189.0608, 1882.756
189.5429, 1882.522
190.0250, 1872.269
190.5071, 1883.481
190.9893, 1890.001
191.4714, 1892.082
191.9535, 1876.428
192.4356, 1883.675
192.9177, 1881.744
193.3998, 1879.437
193.8820, 1889.907
194.3641, 1876.833
194.8462, 1887.100
195.3283, 1888.050
195.8104, 1893.265
196.2925, 1889.244
196.7747, 1893.702
197.2568, 1903.955
197.7389, 1911.547
198.2210, 1913.204
198.7031, 1909.418
199.1852, 1907.074
199.6674, 1906.153
200.1495, 1906.535
200.6316, 1909.025
201.1137, 1914.242
201.5958, 1917.370
202.0779, 1914.792
202.5601, 1905.706
203.0422, 1903.151
203.5243, 1908.978
204.0064, 1918.778
204.4885, 1924.382
204.9706, 1924.672
205.4528, 1924.931
205.9349, 1929.310
206.4170, 1939.969
206.8991, 1940.731
207.3812, 1926.193
207.8633, 1905.379
208.3455, 1902.797
208.8276, 1925.000
209.3097, 1948.022
209.7918, 1957.538
210.2739, 1949.548
210.7560, 1944.102
211.2382, 1942.579
211.7203, 1944.476
212.2024, 1948.811
212.6845, 1957.225
213.1666, 1964.813
213.6487, 1967.839
214.1309, 1964.805
214.6130, 1961.979
215.0951, 1960.035
215.5772, 1958.856
216.0593, 1957.737
216.5414, 1956.544
217.0236, 1955.612
217.5057, 1955.249
217.9878, 1955.671
218.4699, 1956.096
218.9520, 1955.910
219.4341, 1955.302
219.9162, 1957.597
220.3984, 1964.098
220.8805, 1971.964
221.3626, 1978.738
221.8447, 1984.370
222.3268, 1989.090
222.8089, 1993.039
223.2911, 1996.154
223.7732, 1997.820
224.2553, 1996.716
224.7374, 1995.335
225.2195, 1996.111
225.7016, 1997.914
226.1838, 2004.134
226.6659, 2018.282
227.1480, 2042.526
227.6301, 2055.734
228.1122, 2053.451
228.5943, 2043.741
229.0765, 2037.417
229.5586, 2036.718
230.0407, 2035.556
230.5228, 2031.372
231.0049, 2022.391
231.4870, 2018.834
231.9692, 2023.399
232.4513, 2031.734
232.9334, 2036.622
233.4155, 2036.075
233.8976, 2035.512
234.3797, 2036.941
234.8619, 2041.414
235.3440, 2044.463
235.8261, 2044.843
236.3082, 2044.427
236.7903, 2047.522
237.2724, 2057.908
237.7546, 2065.960
238.2367, 2066.606
238.7188, 2052.482
239.2009, 2049.764
239.6830, 2065.868
240.1651, 2091.099
240.6473, 2100.338
241.1294, 2082.492
241.6115, 2064.792
242.0936, 2059.690
242.5757, 2075.263
243.0578, 2085.435
243.5400, 2086.622
244.0221, 2082.900
244.5042, 2086.632
244.9863, 2103.330
245.4684, 2119.643
245.9505, 2128.803
246.4327, 2127.266
246.9148, 2126.288
247.3969, 2125.908
247.8790, 2126.363
248.3611, 2128.492
248.8432, 2132.457
249.3253, 2137.901
249.8075, 2143.952
250.2896, 2147.997
250.7717, 2159.497
251.2538, 2185.094
251.7359, 2218.784
252.2180, 2234.288
252.7002, 2221.857
253.1823, 2205.085
253.6644, 2197.674
254.1465, 2202.438
254.6286, 2209.906
255.1107, 2218.790
255.5929, 2229.727
256.0750, 2247.768
256.5571, 2279.522
257.0392, 2308.506
257.5213, 2321.949
258.0034, 2312.087
258.4856, 2306.830
258.9677, 2307.881
259.4498, 2315.596
259.9319, 2334.580
260.4140, 2371.989
260.8961, 2408.758
261.3783, 2428.837
261.8604, 2423.867
262.3425, 2427.565
262.8246, 2446.549
263.3067, 2478.056
263.7888, 2504.328
264.2710, 2521.762
264.7531, 2540.697
265.2352, 2568.169
265.7173, 2605.038
266.1994, 2649.040
266.6815, 2703.110
267.1637, 2764.979
267.6458, 2819.743
268.1279, 2866.652
268.6100, 2909.723
269.0921, 2950.333
269.5742, 2985.309
270.0564, 3031.158
270.5385, 3096.428
271.0206, 3175.147
271.5027, 3232.684
271.9848, 3262.938
272.4669, 3286.885
272.9491, 3321.835
273.4312, 3369.556
273.9133, 3417.258
274.3954, 3464.334
274.8775, 3509.491
275.3596, 3547.233
275.8418, 3578.015
276.3239, 3598.979
276.8060, 3606.168
277.2881, 3598.887
277.7702, 3585.257
278.2523, 3567.103
278.7345, 3543.593
279.2166, 3510.463
279.6987, 3466.750
280.1808, 3417.255
280.6629, 3367.111
281.1451, 3316.502
281.6272, 3256.445
282.1093, 3182.695
282.5914, 3099.320
283.0735, 3018.706
283.5556, 2940.061
284.0378, 2867.174
284.5199, 2802.027
285.0020, 2744.593
285.4841, 2694.621
285.9662, 2653.201
286.4483, 2618.509
286.9305, 2585.815
287.4126, 2555.341
287.8947, 2527.004
288.3768, 2501.505
288.8589, 2478.443
289.3410, 2454.070
289.8232, 2425.965
290.3053, 2397.744
290.7874, 2378.983
291.2695, 2369.595
291.7516, 2362.837
292.2337, 2353.830
292.7159, 2343.064
293.1980, 2333.006
293.6801, 2324.265
294.1622, 2316.069
294.6443, 2306.360
295.1264, 2295.276
295.6085, 2285.817
296.0906, 2281.658
296.5728, 2280.946
297.0549, 2278.800
297.5370, 2273.987
298.0191, 2267.802
298.5012, 2259.891
298.9833, 2251.104
299.4655, 2246.762
299.9476, 2254.115
300.4297, 2268.002
300.9118, 2279.645
301.3939, 2288.178
301.8760, 2292.286
302.3582, 2288.419
302.8403, 2277.922
303.3224, 2266.676
303.8045, 2257.377
304.2866, 2249.953
304.7687, 2243.910
305.2509, 2238.629
305.7330, 2236.110
306.2151, 2240.789
306.6972, 2250.284
307.1793, 2257.451
307.6614, 2256.517
308.1436, 2251.817
308.6257, 2246.482
309.1078, 2239.312
309.5899, 2236.339
310.0720, 2247.765
310.5541, 2267.144
311.0363, 2279.132
311.5184, 2268.558
312.0005, 2252.292
312.4826, 2243.608
312.9647, 2245.899
313.4468, 2250.581
313.9290, 2252.757
314.4111, 2254.201
314.8932, 2258.156
315.3753, 2270.386
315.8574, 2282.278
316.3395, 2288.549
316.8217, 2287.623
317.3038, 2285.139
317.7859, 2280.925
318.2680, 2276.875
318.7501, 2275.774
319.2322, 2282.831
319.7144, 2289.323
320.1965, 2290.806
320.6786, 2285.847
321.1607, 2281.629
321.6428, 2277.153
322.1249, 2275.142
322.6071, 2278.864
323.0892, 2302.260
323.5713, 2318.904
324.0534, 2316.403
324.5355, 2290.309
325.0176, 2274.694
325.4998, 2282.136
325.9819, 2297.640
326.4640, 2306.727
326.9461, 2303.769
327.4282, 2299.422
327.9103, 2294.525
328.3925, 2288.920
328.8746, 2285.529
329.3567, 2285.044
329.8388, 2286.409
330.3209, 2288.857
330.8030, 2292.712
331.2852, 2297.472
331.7673, 2304.401
332.2494, 2313.101
332.7315, 2316.939
333.2136, 2312.055
333.6957, 2306.922
334.1779, 2308.278
334.6600, 2320.843
335.1421, 2328.678
335.6242, 2328.773
336.1063, 2322.817
336.5884, 2318.658
337.0706, 2316.027
337.5527, 2315.535
338.0348, 2318.889
338.5169, 2327.792
338.9990, 2331.419
339.4811, 2327.417
339.9633, 2318.645
340.4454, 2311.602
340.9275, 2305.730
341.4096, 2303.876
341.8917, 2309.177
342.3738, 2321.567
342.8560, 2332.950
343.3381, 2343.647
343.8202, 2351.446
344.3023, 2349.504
344.7844, 2337.939
345.2665, 2329.806
345.7487, 2335.479
346.2308, 2351.269
346.7129, 2359.071
347.1950, 2357.409
347.6771, 2351.794
348.1592, 2348.449
348.6414, 2347.134
349.1235, 2346.662
349.6056, 2345.218
350.0877, 2344.643
350.5698, 2351.010
351.0519, 2365.084
351.5341, 2376.628
352.0162, 2372.621
352.4983, 2358.754
352.9804, 2347.158
353.4625, 2339.269
353.9446, 2337.861
354.4268, 2350.111
354.9089, 2374.861
355.3910, 2397.596
355.8731, 2408.375
356.3552, 2410.409
356.8373, 2407.194
357.3195, 2394.451
357.8015, 2382.379
358.2837, 2378.196
358.7658, 2380.744
359.2479, 2384.647
359.7300, 2389.928
360.2121, 2394.040
360.6942, 2394.957
361.1764, 2390.817
361.6585, 2385.830
362.1406, 2381.427
362.6227, 2377.505
363.1048, 2373.719
363.5869, 2363.432
364.0691, 2358.365
364.5512, 2366.380
365.0333, 2398.094
365.5154, 2421.013
365.9975, 2424.438
366.4796, 2416.686
366.9618, 2411.909
367.4439, 2414.207
367.9260, 2416.994
368.4081, 2418.242
368.8902, 2417.292
369.3723, 2416.889
369.8545, 2417.007
370.3366, 2417.551
370.8187, 2418.946
371.3008, 2425.655
371.7829, 2425.835
372.2650, 2413.656
372.7472, 2389.120
373.2293, 2376.819
373.7114, 2380.198
374.1935, 2391.244
374.6756, 2405.365
375.1577, 2425.450
375.6399, 2437.710
376.1220, 2437.553
376.6041, 2428.629
377.0862, 2426.850
377.5683, 2434.570
378.0504, 2440.344
378.5326, 2431.536
379.0147, 2408.141
379.4968, 2400.035
379.9789, 2414.338
380.4610, 2439.098
380.9431, 2451.168
381.4253, 2450.891
381.9074, 2449.644
382.3895, 2456.591
382.8716, 2467.886
383.3537, 2468.376
383.8358, 2455.022
384.3180, 2440.823
384.8001, 2443.104
385.2822, 2457.451
385.7643, 2469.419
386.2464, 2469.909
386.7285, 2465.592
387.2107, 2464.734
387.6928, 2467.499
388.1749, 2473.003
388.6570, 2484.602
389.1391, 2497.614
389.6212, 2505.209
390.1034, 2503.789
390.5855, 2497.504
391.0676, 2483.873
391.5497, 2465.244
392.0318, 2455.535
392.5139, 2471.875
392.9961, 2493.532
393.4782, 2504.428
393.9603, 2493.556
394.4424, 2483.368
394.9245, 2481.703
395.4066, 2485.984
395.8888, 2489.816
396.3709, 2492.189
396.8530, 2493.492
397.3351, 2493.851
397.8172, 2493.222
398.2993, 2491.790
398.7815, 2486.163
399.2636, 2480.793
399.7457, 2481.792
400.2278, 2494.549
400.7099, 2506.767
401.1920, 2516.173
401.6742, 2522.649
402.1563, 2526.949
402.6384, 2528.371
403.1205, 2528.469
403.6026, 2527.826
404.0847, 2524.937
404.5669, 2526.704
405.0490, 2536.198
405.5311, 2550.755
406.0132, 2558.797
406.4953, 2559.148
406.9774, 2557.579
407.4596, 2557.078
407.9417, 2557.666
408.4238, 2561.662
408.9059, 2571.518
409.3880, 2579.894
409.8701, 2567.479
410.3523, 2536.738
410.8344, 2517.293
411.3165, 2534.182
411.7986, 2572.218
412.2807, 2591.345
412.7628, 2589.465
413.2450, 2583.507
413.7271, 2590.399
414.2092, 2605.491
414.6913, 2619.248
415.1734, 2628.598
415.6555, 2634.503
416.1377, 2637.222
416.6198, 2636.999
417.1019, 2635.339
417.5840, 2627.196
418.0661, 2620.940
418.5482, 2625.561
419.0303, 2650.703
419.5125, 2674.469
419.9946, 2685.552
420.4767, 2688.117
420.9588, 2692.348
421.4409, 2702.008
421.9230, 2713.341
422.4052, 2724.108
422.8873, 2732.193
423.3694, 2745.524
423.8515, 2768.013
424.3336, 2794.902
424.8157, 2820.878
425.2979, 2848.193
425.7800, 2871.159
426.2621, 2885.265
426.7442, 2890.698
427.2263, 2909.264
427.7084, 2946.766
428.1906, 2990.291
428.6727, 3030.822
429.1548, 3066.687
429.6369, 3105.064
430.1190, 3145.198
430.6011, 3189.066
431.0833, 3243.013
431.5654, 3308.315
432.0475, 3376.654
432.5296, 3446.447
433.0117, 3516.968
433.4938, 3583.401
433.9760, 3644.462
434.4581, 3705.730
434.9402, 3773.277
435.4223, 3846.801
435.9044, 3925.593
436.3865, 4011.623
436.8687, 4100.616
437.3508, 4186.378
437.8329, 4268.904
438.3150, 4348.223
438.7971, 4423.438
439.2792, 4496.087
439.7614, 4568.211
440.2435, 4645.231
440.7256, 4714.271
441.2077, 4771.833
441.6898, 4815.504
442.1719, 4839.172
442.6541, 4843.208
443.1362, 4824.294
443.6183, 4780.001
444.1004, 4708.499
444.5825, 4617.510
445.0646, 4499.361
445.5468, 4365.879
446.0289, 4230.271
446.5110, 4081.373
446.9931, 3944.385
447.4752, 3823.987
447.9573, 3720.283
448.4395, 3618.926
448.9216, 3514.395
449.4037, 3419.995
449.8858, 3345.385
450.3679, 3297.365
450.8500, 3250.427
451.3322, 3201.500
451.8143, 3154.523
452.2964, 3116.936
452.7785, 3090.068
453.2606, 3064.411
453.7427, 3035.257
454.2249, 3003.501
454.7070, 2973.152
455.1891, 2943.751
455.6712, 2918.263
456.1533, 2900.646
456.6354, 2889.812
457.1176, 2881.876
457.5997, 2878.385
458.0818, 2874.420
458.5639, 2859.261
459.0460, 2835.407
459.5281, 2817.487
460.0103, 2818.021
460.4924, 2827.210
460.9745, 2836.329
461.4566, 2845.437
461.9387, 2849.048
462.4208, 2839.174
462.9030, 2822.534
463.3851, 2809.813
463.8672, 2807.375
464.3493, 2806.416
464.8314, 2803.093
465.3135, 2797.289
465.7957, 2793.807
466.2778, 2798.052
466.7599, 2802.002
467.2420, 2800.244
467.7241, 2786.629
468.2062, 2776.524
468.6884, 2770.520
469.1705, 2768.357
469.6526, 2770.667
470.1347, 2782.349
470.6168, 2788.306
471.0989, 2779.279
471.5811, 2754.249
472.0632, 2743.848
472.5453, 2751.632
473.0274, 2764.198
473.5095, 2765.663
473.9916, 2756.576
474.4738, 2750.362
474.9559, 2751.444
475.4380, 2755.917
475.9201, 2754.252
476.4022, 2747.358
476.8843, 2743.196
477.3665, 2748.846
477.8486, 2760.019
478.3307, 2770.813
478.8128, 2781.041
479.2949, 2788.448
479.7770, 2788.616
480.2592, 2785.497
480.7413, 2785.284
481.2234, 2791.516
481.7055, 2800.233
482.1876, 2814.108
482.6697, 2831.694
483.1518, 2837.577
483.6339, 2818.995
484.1161, 2793.310
484.5982, 2770.048
485.0803, 2742.717
485.5624, 2730.205
486.0445, 2742.440
486.5266, 2766.764
487.0088, 2781.334
487.4909, 2782.563
487.9730, 2779.921
488.4551, 2775.864
488.9372, 2770.432
489.4193, 2759.403
489.9015, 2738.743
490.3836, 2722.613
490.8657, 2727.616
491.3478, 2753.480
491.8299, 2769.665
492.3120, 2769.947
492.7942, 2761.927
493.2763, 2756.099
493.7584, 2752.935
494.2405, 2755.471
494.7226, 2774.280
495.2047, 2796.552
495.6869, 2798.165
496.1690, 2778.071
496.6511, 2758.307
497.1332, 2757.415
497.6153, 2765.770
498.0974, 2771.079
498.5796, 2765.354
499.0617, 2761.460
499.5438, 2769.575
500.0259, 2784.731
500.5080, 2793.347
500.9901, 2780.964
501.4723, 2770.103
501.9544, 2772.630
502.4365, 2795.981
502.9186, 2808.099
503.4007, 2799.880
503.8828, 2785.662
504.3650, 2778.720
504.8471, 2781.714
505.3292, 2786.138
505.8113, 2791.794
506.2934, 2797.712
506.7755, 2800.463
507.2577, 2799.789
507.7398, 2797.129
508.2219, 2790.251
508.7040, 2780.502
509.1861, 2782.236
509.6682, 2797.327
510.1504, 2815.711
510.6325, 2829.879
511.1146, 2838.719
511.5967, 2837.678
512.0788, 2818.627
512.5609, 2796.927
513.0430, 2789.426
513.5251, 2794.115
514.0073, 2802.912
514.4894, 2815.667
514.9715, 2827.798
515.4536, 2836.140
515.9357, 2840.154
516.4178, 2840.531
516.9000, 2831.163
517.3821, 2820.673
517.8642, 2818.381
518.3463, 2833.550
518.8284, 2847.986
519.3105, 2860.817
519.7927, 2871.318
520.2748, 2875.385
520.7569, 2869.003
521.2390, 2862.520
521.7211, 2862.183
522.2032, 2870.281
522.6854, 2867.954
523.1675, 2851.104
523.6496, 2833.244
524.1317, 2834.006
524.6138, 2852.293
525.0959, 2865.053
525.5781, 2864.869
526.0602, 2857.553
526.5423, 2853.432
527.0244, 2852.131
527.5065, 2850.831
527.9886, 2845.356
528.4708, 2840.074
528.9529, 2841.677
529.4350, 2851.683
529.9171, 2860.453
530.3992, 2860.798
530.8813, 2857.058
531.3635, 2854.127
531.8456, 2854.943
532.3277, 2855.197
532.8098, 2853.893
533.2919, 2851.116
533.7740, 2847.244
534.2562, 2837.155
534.7383, 2831.067
535.2204, 2833.124
535.7025, 2845.076
536.1846, 2856.466
536.6667, 2868.968
537.1489, 2878.568
537.6310, 2879.353
538.1131, 2869.708
538.5952, 2864.792
539.0773, 2868.627
539.5594, 2876.611
540.0416, 2878.689
540.5237, 2875.300
541.0058, 2871.031
541.4879, 2866.608
541.9700, 2863.581
542.4521, 2866.076
542.9343, 2874.274
543.4164, 2881.631
543.8985, 2878.992
544.3806, 2874.575
544.8627, 2879.276
545.3448, 2906.628
545.8270, 2926.197
546.3091, 2915.000
546.7912, 2887.763
547.2733, 2874.390
547.7554, 2897.965
548.2375, 2919.819
548.7197, 2927.308
549.2018, 2919.689
549.6839, 2913.889
550.1660, 2910.314
550.6481, 2907.976
551.1302, 2904.645
551.6124, 2898.084
552.0945, 2903.722
552.5766, 2927.163
553.0587, 2954.904
553.5408, 2962.251
554.0229, 2950.296
554.5051, 2939.209
554.9872, 2935.910
555.4693, 2938.374
555.9514, 2945.155
556.4335, 2955.594
556.9156, 2963.635
557.3978, 2962.688
557.8799, 2958.680
558.3620, 2958.033
558.8441, 2962.341
559.3262, 2967.434
559.8083, 2974.898
560.2905, 2980.768
560.7726, 2980.340
561.2547, 2963.528
561.7368, 2950.458
562.2189, 2948.293
562.7010, 2953.732
563.1832, 2953.314
563.6653, 2940.709
564.1474, 2931.943
564.6295, 2935.214
565.1116, 2951.979
565.5938, 2963.147
566.0759, 2968.423
566.5580, 2968.618
567.0401, 2961.188
567.5222, 2947.583
568.0043, 2940.545
568.4865, 2943.680
568.9686, 2951.951
569.4507, 2959.932
569.9328, 2967.249
570.4149, 2973.192
570.8970, 2974.701
571.3792, 2976.466
571.8613, 2984.911
572.3434, 2999.416
572.8255, 3008.704
573.3076, 3003.127
573.7897, 2993.442
574.2719, 2986.698
574.7540, 2983.873
575.2361, 2983.788
575.7182, 2986.219
576.2003, 2991.323
576.6824, 3000.350
577.1646, 3018.278
577.6467, 3029.079
578.1288, 3027.540
578.6109, 3017.300
579.0930, 3012.088
579.5751, 3012.390
580.0573, 3014.866
580.5394, 3017.851
581.0215, 3021.514
581.5036, 3027.559
581.9857, 3036.270
582.4678, 3042.799
582.9500, 3038.271
583.4321, 3029.633
583.9142, 3029.353
584.3963, 3046.509
584.8784, 3061.408
585.3605, 3055.627
585.8427, 3039.370
586.3248, 3032.420
586.8069, 3051.592
587.2890, 3070.340
587.7711, 3079.604
588.2532, 3079.094
588.7354, 3078.659
589.2175, 3078.474
589.6996, 3078.306
590.1817, 3078.906
590.6638, 3081.767
591.1459, 3076.721
591.6281, 3059.975
592.1102, 3043.686
592.5923, 3045.937
593.0744, 3064.889
593.5565, 3080.523
594.0386, 3086.792
594.5208, 3088.995
595.0029, 3096.155
595.4850, 3106.392
595.9671, 3113.296
596.4492, 3111.282
596.9313, 3106.026
597.4135, 3100.069
597.8956, 3093.840
598.3777, 3092.921
598.8598, 3108.754
599.3419, 3124.683
599.8240, 3128.493
600.3062, 3106.008
600.7883, 3094.234
601.2704, 3098.238
601.7525, 3110.388
602.2346, 3121.393
602.7167, 3131.424
603.1989, 3139.180
603.6810, 3143.924
604.1631, 3146.305
604.6452, 3148.490
605.1273, 3150.354
605.6094, 3151.374
606.0916, 3150.584
606.5737, 3148.808
607.0558, 3148.439
607.5379, 3149.475
608.0200, 3148.797
608.5021, 3140.980
608.9843, 3131.779
609.4664, 3127.338
609.9485, 3129.750
610.4306, 3135.349
610.9127, 3149.055
611.3948, 3163.637
611.8770, 3168.328
612.3591, 3144.399
612.8412, 3132.776
613.3233, 3145.313
613.8054, 3174.797
614.2875, 3188.416
614.7697, 3182.523
615.2518, 3171.795
615.7339, 3159.759
616.2160, 3147.471
616.6981, 3148.111
617.1802, 3162.434
617.6624, 3178.682
618.1445, 3187.686
618.6266, 3190.664
619.1087, 3189.241
619.5908, 3182.438
620.0729, 3175.561
620.5551, 3171.537
621.0372, 3170.520
621.5193, 3172.767
622.0014, 3184.238
622.4835, 3192.952
622.9656, 3191.823
623.4478, 3184.012
623.9299, 3184.329
624.4120, 3201.830
624.8941, 3215.524
625.3762, 3217.066
625.8583, 3206.232
626.3405, 3196.680
626.8226, 3187.011
627.3047, 3183.287
627.7868, 3194.922
628.2689, 3218.647
628.7510, 3234.333
629.2332, 3239.511
629.7153, 3238.863
630.1974, 3233.034
630.6795, 3225.694
631.1616, 3224.230
631.6437, 3236.786
632.1259, 3249.159
632.6080, 3254.528
633.0901, 3253.722
633.5722, 3248.770
634.0543, 3235.642
634.5364, 3223.038
635.0186, 3214.154
635.5006, 3208.934
635.9827, 3202.518
636.4648, 3194.078
636.9470, 3185.911
637.4291, 3177.556
637.9112, 3168.547
638.3933, 3170.116
638.8754, 3183.976
639.3575, 3202.137
639.8397, 3219.322
640.3218, 3233.773
640.8039, 3239.961
641.2860, 3234.356
641.7681, 3224.911
642.2502, 3216.629
642.7324, 3210.121
643.2145, 3206.762
643.6966, 3210.085
644.1787, 3213.719
644.6608, 3214.818
645.1429, 3213.794
645.6251, 3214.487
646.1072, 3220.454
646.5893, 3224.030
647.0714, 3219.960
647.5535, 3206.772
648.0356, 3208.759
648.5178, 3231.058
648.9999, 3251.453
649.4820, 3242.933
649.9641, 3212.389
650.4462, 3203.576
650.9283, 3225.585
651.4105, 3251.665
651.8926, 3249.585
652.3747, 3231.795
652.8568, 3220.207
653.3389, 3228.007
653.8210, 3236.900
654.3032, 3233.587
654.7853, 3224.362
655.2674, 3224.219
655.7495, 3251.695
656.2316, 3271.996
656.7137, 3272.022
657.1959, 3254.252
657.6780, 3250.995
658.1601, 3269.544
658.6422, 3285.026
659.1243, 3277.582
659.6064, 3249.826
660.0886, 3243.199
660.5707, 3259.425
661.0528, 3281.673
661.5349, 3294.820
662.0170, 3302.284
662.4991, 3311.643
662.9813, 3326.318
663.4634, 3336.252
663.9455, 3329.445
664.4276, 3315.299
664.9097, 3306.533
665.3918, 3305.784
665.8740, 3311.696
666.3561, 3330.192
666.8382, 3354.804
667.3203, 3370.028
667.8024, 3375.802
668.2845, 3371.762
668.7667, 3353.047
669.2488, 3324.284
669.7309, 3312.144
670.2130, 3317.274
670.6951, 3328.733
671.1772, 3341.459
671.6594, 3354.841
672.1415, 3369.622
672.6236, 3385.821
673.1057, 3395.639
673.5878, 3387.510
674.0699, 3373.535
674.5521, 3364.780
675.0342, 3363.587
675.5163, 3367.376
675.9984, 3380.662
676.4805, 3396.177
676.9626, 3405.436
677.4448, 3405.222
677.9269, 3405.098
678.4090, 3405.983
678.8911, 3407.671
679.3732, 3410.200
679.8553, 3413.568
680.3375, 3416.164
680.8196, 3417.314
681.3017, 3417.461
681.7838, 3413.875
682.2659, 3408.706
682.7480, 3411.927
683.2302, 3445.156
683.7123, 3476.977
684.1944, 3480.265
684.6765, 3452.728
685.1586, 3430.820
685.6407, 3425.093
686.1229, 3426.773
686.6050, 3430.622
687.0871, 3436.184
687.5692, 3445.810
688.0513, 3461.188
688.5334, 3477.737
689.0156, 3492.408
689.4977, 3504.883
689.9798, 3508.956
690.4619, 3501.736
690.9440, 3491.833
691.4261, 3489.697
691.9083, 3493.080
692.3904, 3496.931
692.8725, 3498.786
693.3546, 3501.349
693.8367, 3507.765
694.3188, 3516.123
694.8010, 3521.826
695.2831, 3517.706
695.7652, 3517.693
696.2473, 3525.988
696.7294, 3541.601
697.2115, 3558.551
697.6937, 3579.227
698.1758, 3594.737
698.6579, 3598.088
699.1400, 3591.717
699.6221, 3591.376
700.1042, 3597.112
700.5864, 3603.724
701.0685, 3606.683
701.5506, 3608.046
702.0327, 3609.242
702.5148, 3609.632
702.9969, 3615.866
703.4791, 3642.394
703.9612, 3670.097
704.4433, 3681.663
704.9254, 3655.776
705.4075, 3641.644
705.8896, 3643.635
706.3718, 3654.667
706.8539, 3666.138
707.3360, 3678.400
707.8181, 3690.614
708.3002, 3705.396
708.7823, 3715.479
709.2645, 3697.829
709.7466, 3661.147
710.2287, 3639.214
710.7108, 3660.581
711.1929, 3691.360
711.6750, 3702.396
712.1572, 3698.271
712.6393, 3694.978
713.1214, 3699.644
713.6035, 3704.944
714.0856, 3707.861
714.5677, 3708.491
715.0499, 3708.809
715.5320, 3707.938
716.0141, 3708.651
716.4962, 3713.336
716.9783, 3721.908
717.4604, 3728.883
717.9426, 3734.556
718.4247, 3737.001
718.9068, 3727.403
719.3889, 3715.772
719.8710, 3724.664
720.3531, 3761.885
720.8353, 3787.543
721.3174, 3758.177
721.7995, 3714.804
722.2816, 3696.392
722.7637, 3732.298
723.2458, 3760.337
723.7280, 3775.567
724.2101, 3782.424
724.6922, 3785.606
725.1743, 3784.010
725.6564, 3784.103
726.1385, 3787.698
726.6207, 3792.353
727.1028, 3794.917
727.5849, 3795.045
728.0670, 3790.798
728.5491, 3775.766
729.0313, 3762.151
729.5134, 3764.445
729.9955, 3777.165
730.4776, 3784.861
730.9597, 3777.818
731.4418, 3769.184
731.9240, 3764.329
732.4061, 3762.457
732.8882, 3756.155
733.3703, 3741.008
733.8524, 3731.769
734.3345, 3738.789
734.8167, 3758.783
735.2988, 3764.307
735.7809, 3755.137
736.2630, 3748.202
736.7451, 3761.689
737.2272, 3782.664
737.7094, 3794.519
738.1915, 3795.702
738.6736, 3789.357
739.1557, 3767.852
739.6378, 3745.768
740.1199, 3734.662
740.6021, 3743.438
741.0842, 3745.054
741.5663, 3734.683
742.0484, 3723.119
742.5305, 3721.005
743.0126, 3728.943
743.4948, 3738.906
743.9769, 3751.155
744.4590, 3761.495
744.9411, 3762.286
745.4232, 3757.330
745.9053, 3755.461
746.3875, 3759.606
746.8696, 3766.098
747.3517, 3776.230
747.8338, 3786.004
748.3159, 3789.388
748.7980, 3781.800
749.2802, 3770.884
749.7623, 3752.983
750.2444, 3734.230
750.7265, 3730.379
751.2086, 3744.525
751.6907, 3756.328
752.1729, 3757.814
752.6550, 3755.226
753.1371, 3765.566
753.6192, 3785.256
754.1013, 3797.490
754.5834, 3791.341
755.0656, 3776.480
755.5477, 3752.868
756.0298, 3724.596
756.5119, 3711.615
756.9940, 3739.976
757.4761, 3762.734
757.9583, 3758.458
758.4403, 3729.104
758.9224, 3725.066
759.4045, 3755.426
759.8867, 3779.825
760.3688, 3766.576
760.8509, 3727.371
761.3330, 3711.602
761.8151, 3718.868
762.2972, 3733.355
762.7794, 3751.099
763.2615, 3765.418
763.7436, 3767.623
764.2257, 3755.309
764.7078, 3745.230
765.1899, 3742.374
765.6721, 3743.240
766.1542, 3746.519
766.6363, 3754.771
767.1184, 3754.508
767.6005, 3742.671
768.0826, 3730.328
768.5648, 3732.319
769.0469, 3744.489
769.5290, 3743.727
770.0111, 3725.157
770.4932, 3707.851
770.9753, 3714.557
771.4575, 3730.783
771.9396, 3738.061
772.4217, 3725.861
772.9038, 3717.399
773.3859, 3724.064
773.8680, 3734.589
774.3502, 3735.873
774.8323, 3723.064
775.3144, 3714.212
775.7965, 3709.802
776.2786, 3711.911
776.7607, 3731.017
777.2429, 3762.053
777.7250, 3776.655
778.2071, 3761.476
778.6892, 3739.289
779.1713, 3729.537
779.6534, 3728.365
780.1356, 3729.268
780.6177, 3734.128
781.0998, 3736.242
781.5819, 3728.118
782.0640, 3717.808
782.5461, 3724.536
783.0283, 3759.872
783.5104, 3771.537
783.9925, 3735.322
784.4746, 3682.841
784.9567, 3698.194
785.4388, 3767.683
785.9210, 3815.106
786.4031, 3788.483
786.8852, 3742.916
787.3673, 3722.574
787.8494, 3722.529
788.3315, 3729.702
788.8137, 3746.373
789.2958, 3762.559
789.7779, 3778.012
790.2600, 3790.658
790.7421, 3790.026
791.2242, 3772.416
791.7064, 3755.306
792.1885, 3745.346
792.6706, 3740.502
793.1527, 3733.552
793.6348, 3725.722
794.1169, 3723.831
794.5991, 3736.303
795.0812, 3752.633
795.5633, 3768.332
796.0454, 3782.118
796.5275, 3787.004
797.0096, 3774.033
797.4918, 3759.687
797.9739, 3748.315
798.4560, 3740.035
798.9381, 3738.131
799.4202, 3743.238
799.9023, 3750.887
800.3845, 3760.015
800.8666, 3769.465
801.3487, 3775.923
801.8308, 3779.632
802.3129, 3782.925
802.7950, 3788.667
803.2772, 3793.134
803.7593, 3791.946
804.2414, 3784.467
804.7235, 3782.975
805.2056, 3795.725
805.6877, 3804.491
806.1699, 3797.741
806.6520, 3776.125
807.1341, 3771.946
807.6162, 3786.729
808.0983, 3799.473
808.5804, 3787.688
809.0626, 3766.882
809.5447, 3764.774
810.0268, 3781.819
810.5089, 3796.014
810.9910, 3790.624
811.4731, 3782.746
811.9553, 3783.823
812.4374, 3796.371
812.9195, 3806.371
813.4016, 3815.670
813.8837, 3819.259
814.3658, 3809.856
814.8480, 3789.648
815.3301, 3783.519
815.8122, 3792.005
816.2943, 3803.059
816.7764, 3807.681
817.2585, 3809.758
817.7407, 3813.199
818.2228, 3818.563
818.7049, 3825.631
819.1870, 3832.555
819.6691, 3843.281
820.1512, 3861.743
820.6334, 3890.292
821.1155, 3907.886
821.5976, 3912.224
822.0797, 3912.771
822.5618, 3915.015
823.0439, 3919.156
823.5261, 3928.263
824.0082, 3942.286
824.4903, 3952.417
824.9724, 3949.881
825.4545, 3942.384
825.9366, 3934.630
826.4188, 3925.994
826.9009, 3924.453
827.3830, 3933.408
827.8651, 3946.086
828.3472, 3960.943
828.8293, 3978.990
829.3115, 3981.337
829.7936, 3966.455
830.2757, 3951.642
830.7578, 3955.575
831.2399, 3967.670
831.7220, 3969.343
832.2042, 3958.645
832.6863, 3951.821
833.1684, 3959.199
833.6505, 3971.283
834.1326, 3985.138
834.6147, 4003.589
835.0969, 4002.097
835.5790, 3972.203
836.0611, 3941.759
836.5432, 3931.810
837.0253, 3938.528
837.5074, 3942.309
837.9896, 3942.738
838.4717, 3943.435
838.9538, 3947.951
839.4359, 3953.491
839.9180, 3957.008
840.4001, 3957.819
840.8823, 3960.574
841.3644, 3969.216
841.8465, 3976.610
842.3286, 3979.260
842.8107, 3976.939
843.2928, 3971.503
843.7750, 3962.167
844.2571, 3956.199
844.7392, 3963.478
845.2213, 3975.909
845.7034, 3978.357
846.1855, 3970.771
846.6677, 3963.770
847.1498, 3965.626
847.6319, 3967.800
848.1140, 3964.529
848.5961, 3955.435
849.0782, 3949.165
849.5604, 3945.368
850.0425, 3945.898
850.5246, 3955.003
851.0067, 3969.638
851.4888, 3973.610
851.9709, 3967.595
852.4531, 3960.038
852.9352, 3951.870
853.4173, 3947.797
853.8994, 3955.633
854.3815, 3974.072
854.8636, 3984.346
855.3458, 3974.381
855.8279, 3965.720
856.3100, 3966.366
856.7921, 3974.659
857.2742, 3977.587
857.7563, 3974.867
858.2385, 3973.823
858.7206, 3982.255
859.2027, 3992.825
859.6848, 3994.524
860.1669, 3988.883
860.6490, 3982.084
861.1312, 3972.598
861.6133, 3966.917
862.0954, 3971.113
862.5775, 3981.811
863.0596, 3986.604
863.5417, 3984.828
864.0239, 3978.924
864.5060, 3967.528
864.9881, 3954.543
865.4702, 3949.388
865.9523, 3950.653
866.4344, 3952.580
866.9166, 3951.729
867.3987, 3951.422
867.8808, 3955.967
868.3629, 3962.611
868.8450, 3962.806
869.3271, 3948.705
869.8093, 3941.633
870.2914, 3947.546
870.7735, 3960.409
871.2556, 3967.965
871.7377, 3970.402
872.2198, 3968.248
872.7020, 3957.418
873.1841, 3950.008
873.6662, 3966.023
874.1483, 3991.797
874.6304, 4004.996
875.1125, 3983.342
875.5947, 3970.348
876.0768, 3976.318
876.5589, 3989.202
877.0410, 3990.145
877.5231, 3978.012
878.0052, 3975.183
878.4874, 3987.710
878.9695, 4001.117
879.4516, 3994.815
879.9337, 3978.252
880.4158, 3966.481
880.8979, 3962.782
881.3801, 3965.216
881.8622, 3981.037
882.3442, 3997.331
882.8264, 4000.761
883.3085, 3984.287
883.7906, 3983.169
884.2727, 4002.383
884.7548, 4022.415
885.2369, 4020.785
885.7191, 4004.995
886.2012, 3990.137
886.6833, 3977.904
887.1654, 3970.573
887.6475, 3972.813
888.1296, 3978.150
888.6118, 3981.627
889.0939, 3982.186
889.5760, 3986.378
890.0581, 3997.332
890.5402, 4004.615
891.0223, 3997.198
891.5045, 3979.908
891.9866, 3974.005
892.4687, 3979.246
892.9508, 3987.459
893.4329, 3996.891
893.9150, 4004.348
894.3972, 4007.007
894.8793, 4004.862
895.3614, 4001.467
895.8435, 3989.803
896.3256, 3990.338
896.8077, 4018.723
897.2899, 4062.278
897.7720, 4064.647
898.2541, 4030.090
898.7362, 3998.757
899.2183, 3994.695
899.7004, 4000.988
900.1826, 4003.843
900.6647, 4005.207
901.1468, 4010.185
901.6289, 4026.959
902.1110, 4038.385
902.5931, 4040.612
903.0753, 4036.826
903.5574, 4032.067
904.0395, 4026.676
904.5216, 4027.132
905.0037, 4037.745
905.4858, 4048.733
905.9680, 4047.515
906.4501, 4040.125
906.9322, 4035.989
907.4143, 4041.209
907.8964, 4044.545
908.3785, 4046.149
908.8607, 4043.735
909.3428, 4030.906
909.8249, 4006.135
910.3070, 3999.424
910.7891, 4015.800
911.2712, 4035.647
911.7534, 4036.920
912.2355, 4030.441
912.7176, 4031.511
913.1997, 4043.633
913.6818, 4054.387
914.1639, 4066.241
914.6461, 4069.270
915.1282, 4053.167
915.6103, 4016.080
916.0924, 4004.095
916.5745, 4019.652
917.0566, 4037.996
917.5388, 4043.233
918.0209, 4039.809
918.5030, 4029.051
918.9851, 4013.633
919.4672, 4007.972
919.9493, 4030.075
920.4315, 4050.356
920.9136, 4056.375
921.3957, 4051.305
921.8778, 4045.827
922.3599, 4038.193
922.8420, 4044.809
923.3242, 4079.740
923.8063, 4120.123
924.2884, 4127.353
924.7705, 4111.289
925.2526, 4095.042
925.7347, 4085.838
926.2169, 4079.662
926.6990, 4076.781
927.1811, 4075.825
927.6632, 4075.324
928.1453, 4075.403
928.6274, 4076.316
929.1096, 4078.378
929.5917, 4081.117
930.0738, 4086.566
930.5559, 4091.585
931.0380, 4089.085
931.5201, 4075.513
932.0023, 4065.876
932.4844, 4070.720
932.9665, 4077.844
933.4486, 4077.968
933.9307, 4069.402
934.4128, 4065.203
934.8950, 4064.972
935.3771, 4070.983
935.8592, 4092.104
936.3413, 4117.062
936.8234, 4127.612
937.3055, 4123.945
937.7877, 4114.090
938.2698, 4087.388
938.7519, 4070.682
939.2340, 4080.006
939.7161, 4107.790
940.1982, 4122.689
940.6804, 4123.520
941.1625, 4121.835
941.6446, 4121.063
942.1267, 4120.880
942.6088, 4121.600
943.0909, 4122.436
943.5731, 4121.731
944.0552, 4117.519
944.5373, 4113.296
945.0194, 4108.539
945.5015, 4105.040
945.9836, 4103.137
946.4658, 4101.662
946.9479, 4116.441
947.4300, 4152.588
947.9121, 4186.525
948.3942, 4191.210
948.8763, 4178.800
949.3585, 4162.944
949.8406, 4144.077
950.3227, 4135.583
950.8048, 4159.826
951.2869, 4177.337
951.7690, 4163.023
952.2512, 4118.500
952.7333, 4102.126
953.2154, 4114.587
953.6975, 4134.271
954.1796, 4156.966
954.6617, 4173.245
955.1439, 4166.231
955.6260, 4142.099
956.1081, 4123.486
956.5902, 4120.957
957.0723, 4120.543
957.5544, 4119.193
958.0366, 4118.346
958.5187, 4123.351
959.0008, 4133.622
959.4829, 4135.607
959.9650, 4121.960
960.4471, 4111.057
960.9293, 4123.416
961.4114, 4148.164
961.8935, 4172.905
962.3756, 4200.706
962.8577, 4214.189
963.3398, 4207.179
963.8220, 4193.893
964.3041, 4183.843
964.7862, 4177.029
965.2683, 4175.575
965.7504, 4179.353
966.2325, 4184.617
966.7147, 4193.179
967.1968, 4198.417
967.6789, 4191.566
968.1610, 4173.784
968.6431, 4165.881
969.1252, 4173.090
969.6074, 4180.881
970.0895, 4184.351
970.5716, 4186.158
971.0537, 4192.866
971.5358, 4203.630
972.0179, 4215.722
972.5001, 4233.481
972.9822, 4243.872
973.4643, 4228.675
973.9464, 4206.379
974.4285, 4204.669
974.9106, 4235.711
975.3928, 4253.373
975.8749, 4253.350
976.3570, 4246.838
976.8391, 4242.991
977.3212, 4241.859
977.8033, 4245.114
978.2855, 4252.811
978.7676, 4257.683
979.2497, 4254.078
979.7318, 4248.359
980.2139, 4243.719
980.6960, 4240.044
981.1782, 4234.739
981.6603, 4227.068
982.1424, 4224.835
982.6245, 4236.869
983.1066, 4250.157
983.5887, 4243.337
984.0709, 4223.800
984.5530, 4207.684
985.0351, 4194.332
985.5172, 4194.521
985.9993, 4217.274
986.4814, 4246.386
986.9636, 4261.850
987.4457, 4264.099
987.9278, 4264.819
988.4099, 4264.939
988.8920, 4266.975
989.3741, 4278.106
989.8563, 4288.942
990.3384, 4286.536
990.8205, 4267.134
991.3026, 4261.384
991.7847, 4278.073
992.2668, 4294.445
992.7490, 4298.471
993.2311, 4295.007
993.7132, 4306.632
994.1953, 4328.555
994.6774, 4338.823
995.1595, 4315.731
995.6417, 4289.619
996.1238, 4274.886
996.6059, 4269.184
997.0880, 4268.403
997.5701, 4274.708
998.0522, 4278.105
998.5344, 4276.677
999.0165, 4275.608
999.4986, 4284.922
999.9807, 4297.717
1000.463, 4298.057
1000.945, 4282.660
1001.427, 4272.837
1001.909, 4280.281
1002.391, 4292.814
1002.873, 4306.171
1003.356, 4319.739
1003.838, 4325.716
1004.320, 4324.187
1004.802, 4317.390
1005.284, 4302.598
1005.766, 4287.432
1006.248, 4279.455
1006.730, 4277.364
1007.212, 4278.714
1007.695, 4288.038
1008.177, 4291.859
1008.659, 4283.418
1009.141, 4277.538
1009.623, 4298.998
1010.105, 4339.787
1010.587, 4363.917
1011.069, 4366.976
1011.551, 4359.416
1012.034, 4335.006
1012.516, 4313.518
1012.998, 4314.918
1013.480, 4337.943
1013.962, 4340.143
1014.444, 4314.340
1014.926, 4299.495
1015.408, 4318.122
1015.891, 4349.166
1016.373, 4352.550
1016.855, 4338.719
1017.337, 4330.664
1017.819, 4347.880
1018.301, 4356.272
1018.783, 4340.822
1019.265, 4319.889
1019.747, 4309.588
1020.230, 4309.927
1020.712, 4325.907
1021.194, 4358.656
1021.676, 4383.403
1022.158, 4370.557
1022.640, 4347.247
1023.122, 4337.565
1023.604, 4342.506
1024.087, 4346.617
1024.569, 4346.270
1025.051, 4350.487
1025.533, 4363.203
1026.015, 4380.532
1026.497, 4400.549
1026.979, 4418.406
1027.461, 4416.629
1027.943, 4376.709
1028.426, 4346.513
1028.908, 4356.088
1029.390, 4378.937
1029.872, 4391.550
1030.354, 4392.481
1030.836, 4391.188
1031.318, 4387.407
1031.800, 4384.540
1032.282, 4386.751
1032.765, 4390.096
1033.247, 4388.811
1033.729, 4384.097
1034.211, 4382.868
1034.693, 4396.380
1035.175, 4396.635
1035.657, 4371.008
1036.139, 4339.549
1036.622, 4343.551
1037.104, 4373.747
1037.586, 4394.413
1038.068, 4396.588
1038.550, 4394.092
1039.032, 4387.236
1039.514, 4385.698
1039.996, 4402.121
1040.479, 4438.778
1040.961, 4447.351
1041.443, 4423.780
1041.925, 4403.761
1042.407, 4411.574
1042.889, 4431.217
1043.371, 4446.246
1043.853, 4455.058
1044.335, 4453.908
1044.818, 4426.253
1045.300, 4410.011
1045.782, 4410.162
1046.264, 4421.187
1046.746, 4443.953
1047.228, 4473.164
1047.710, 4475.917
1048.192, 4448.237
1048.674, 4425.402
1049.157, 4436.925
1049.639, 4455.963
1050.121, 4465.254
1050.603, 4465.738
1051.085, 4466.730
1051.567, 4468.547
1052.049, 4469.283
1052.531, 4468.579
1053.014, 4466.258
1053.496, 4457.979
1053.978, 4449.378
1054.460, 4450.360
1054.942, 4471.469
1055.424, 4485.564
1055.906, 4491.090
1056.388, 4488.592
1056.870, 4472.929
1057.353, 4448.528
1057.835, 4440.214
1058.317, 4446.759
1058.799, 4457.088
1059.281, 4461.612
1059.763, 4471.462
1060.245, 4504.589
1060.727, 4543.890
1061.209, 4547.839
1061.692, 4509.775
1062.174, 4487.005
1062.656, 4490.072
1063.138, 4501.243
1063.620, 4504.947
1064.102, 4503.791
1064.584, 4498.942
1065.066, 4489.721
1065.549, 4489.208
1066.031, 4506.036
1066.513, 4515.568
1066.995, 4502.998
1067.477, 4479.854
1067.959, 4479.769
1068.441, 4497.148
1068.923, 4514.118
1069.405, 4524.182
1069.888, 4532.360
1070.370, 4542.034
1070.852, 4549.293
1071.334, 4549.813
1071.816, 4542.901
1072.298, 4535.886
1072.780, 4528.734
1073.262, 4524.710
1073.745, 4526.061
1074.227, 4531.734
1074.709, 4543.971
1075.191, 4560.347
1075.673, 4570.505
1076.155, 4570.538
1076.637, 4574.080
1077.119, 4584.271
1077.601, 4596.517
1078.083, 4601.025
1078.566, 4604.148
1079.048, 4622.041
1079.530, 4659.923
1080.012, 4685.889
1080.494, 4675.156
1080.976, 4665.397
1081.458, 4672.022
1081.940, 4691.162
1082.423, 4703.647
1082.905, 4711.895
1083.387, 4731.724
1083.869, 4775.087
1084.351, 4821.785
1084.833, 4869.538
1085.315, 4907.538
1085.797, 4924.971
1086.280, 4921.812
1086.762, 4898.264
1087.244, 4853.556
1087.726, 4797.459
1088.208, 4721.588
1088.690, 4649.712
1089.172, 4609.072
1089.654, 4596.526
1090.136, 4599.359
1090.619, 4629.825
1091.101, 4645.844
1091.583, 4637.047
1092.065, 4621.814
1092.547, 4630.091
1093.029, 4650.646
1093.511, 4656.278
1093.993, 4643.034
1094.475, 4622.884
1094.958, 4578.226
1095.440, 4554.911
1095.922, 4580.385
1096.404, 4638.198
1096.886, 4668.106
1097.368, 4671.340
1097.850, 4657.194
1098.332, 4618.703
1098.815, 4588.947
1099.297, 4603.290
1099.779, 4631.507
1100.261, 4640.731
1100.743, 4625.210
1101.225, 4625.790
1101.707, 4644.706
1102.189, 4659.513
1102.672, 4650.159
1103.154, 4633.348
1103.636, 4628.787
1104.118, 4632.928
1104.600, 4637.372
1105.082, 4636.784
1105.564, 4644.900
1106.046, 4666.883
1106.528, 4687.555
1107.010, 4687.645
1107.493, 4674.957
1107.975, 4666.752
1108.457, 4663.670
1108.939, 4659.486
1109.421, 4641.235
1109.903, 4635.264
1110.385, 4654.479
1110.867, 4685.376
1111.350, 4698.428
1111.832, 4696.338
1112.314, 4693.357
1112.796, 4691.543
1113.278, 4694.125
1113.760, 4710.096
1114.242, 4725.016
1114.724, 4725.394
1115.207, 4713.200
1115.689, 4719.501
1116.171, 4745.056
1116.653, 4756.670
1117.135, 4734.501
1117.617, 4704.427
1118.099, 4681.445
1118.581, 4671.031
1119.063, 4685.242
1119.546, 4744.113
1120.028, 4765.474
1120.510, 4742.490
1120.992, 4713.106
1121.474, 4706.760
1121.956, 4709.293
1122.438, 4691.368
1122.920, 4663.286
1123.402, 4655.188
1123.885, 4698.745
1124.367, 4730.612
1124.849, 4744.771
1125.331, 4747.715
1125.813, 4742.317
1126.295, 4732.352
1126.777, 4729.762
1127.259, 4734.563
1127.742, 4736.053
1128.224, 4718.718
1128.706, 4710.992
1129.188, 4726.867
1129.670, 4753.484
1130.152, 4759.195
1130.634, 4748.416
1131.116, 4750.236
1131.599, 4772.129
1132.081, 4792.083
1132.563, 4791.159
1133.045, 4786.835
1133.527, 4791.763
1134.009, 4804.290
1134.491, 4811.524
1134.973, 4813.386
1135.455, 4811.725
1135.938, 4805.560
1136.420, 4799.665
1136.902, 4799.168
1137.384, 4800.890
1137.866, 4800.275
1138.348, 4795.566
1138.830, 4798.846
1139.312, 4811.723
1139.794, 4822.585
1140.277, 4825.554
1140.759, 4822.259
1141.241, 4806.296
1141.723, 4787.370
1142.205, 4786.451
1142.687, 4827.246
1143.169, 4846.596
1143.651, 4838.273
1144.134, 4822.257
1144.616, 4813.240
1145.098, 4810.341
1145.580, 4815.243
1146.062, 4825.639
1146.544, 4831.379
1147.026, 4824.089
1147.508, 4818.224
1147.990, 4813.228
1148.473, 4814.748
1148.955, 4838.105
1149.437, 4872.752
1149.919, 4890.482
1150.401, 4888.428
1150.883, 4881.229
1151.365, 4870.690
1151.847, 4861.446
1152.329, 4854.377
1152.812, 4849.800
1153.294, 4848.985
1153.776, 4851.427
1154.258, 4856.371
1154.740, 4864.815
1155.222, 4868.355
1155.704, 4853.565
1156.186, 4841.537
1156.669, 4848.510
1157.151, 4869.045
1157.633, 4867.383
1158.115, 4846.604
1158.597, 4840.793
1159.079, 4869.837
1159.561, 4897.352
1160.043, 4892.406
1160.526, 4877.112
1161.008, 4873.195
1161.490, 4881.440
1161.972, 4884.590
1162.454, 4882.467
1162.936, 4882.756
1163.418, 4889.866
1163.900, 4900.505
1164.382, 4919.620
1164.865, 4937.006
1165.347, 4935.894
1165.829, 4908.114
1166.311, 4894.417
1166.793, 4896.696
1167.275, 4900.608
1167.757, 4891.289
1168.239, 4882.190
1168.721, 4888.352
1169.204, 4905.870
1169.686, 4925.286
1170.168, 4951.048
1170.650, 4959.389
1171.132, 4944.518
1171.614, 4929.313
1172.096, 4941.121
1172.578, 4961.081
1173.061, 4962.183
1173.543, 4947.132
1174.025, 4941.280
1174.507, 4953.339
1174.989, 4958.203
1175.471, 4948.393
1175.953, 4941.099
1176.435, 4974.039
1176.917, 5015.233
1177.400, 5005.066
1177.882, 4939.708
1178.364, 4906.472
1178.846, 4938.249
1179.328, 4962.215
1179.810, 4957.268
1180.292, 4941.896
1180.774, 4948.779
1181.256, 4966.777
1181.739, 4973.829
1182.221, 4964.670
1182.703, 4957.805
1183.185, 4956.172
1183.667, 4958.394
1184.149, 4964.453
1184.631, 4973.313
1185.113, 4983.034
1185.596, 4993.554
1186.078, 5005.531
1186.560, 5021.066
1187.042, 5030.363
1187.524, 5029.169
1188.006, 5024.030
1188.488, 5015.147
1188.970, 5006.380
1189.453, 5016.633
1189.935, 5037.148
1190.417, 5041.406
1190.899, 5007.241
1191.381, 4984.579
1191.863, 4994.542
1192.345, 5005.564
1192.827, 4989.484
1193.309, 4958.645
1193.792, 4975.965
1194.274, 5026.478
1194.756, 5054.257
1195.238, 4999.479
1195.720, 4969.994
1196.202, 5012.397
1196.684, 5062.479
1197.166, 5057.321
1197.648, 5010.860
1198.130, 4997.179
1198.613, 5012.111
1199.095, 5027.565
1199.577, 5032.021
1200.059, 5031.250
1200.541, 5022.415
1201.023, 5014.666
1201.505, 5020.781
1201.987, 5037.465
1202.470, 5046.232
1202.952, 5047.252
1203.434, 5049.887
1203.916, 5060.394
1204.398, 5072.638
1204.880, 5091.329
1205.362, 5103.787
1205.844, 5083.598
1206.327, 5039.349
1206.809, 5014.896
1207.291, 5013.857
1207.773, 5025.362
1208.255, 5058.576
1208.737, 5084.521
1209.219, 5091.051
1209.701, 5086.458
1210.183, 5083.232
1210.666, 5081.622
1211.148, 5083.631
1211.630, 5089.554
1212.112, 5095.623
1212.594, 5101.470
1213.076, 5105.286
1213.558, 5107.562
1214.040, 5106.937
1214.522, 5098.511
1215.005, 5084.168
1215.487, 5069.246
1215.969, 5053.627
1216.451, 5051.516
1216.933, 5088.011
1217.415, 5119.064
1217.897, 5122.029
1218.379, 5109.275
1218.862, 5116.317
1219.344, 5137.599
1219.826, 5150.404
1220.308, 5148.424
1220.790, 5145.459
1221.272, 5149.320
1221.754, 5151.668
1222.236, 5146.648
1222.719, 5138.722
1223.201, 5142.736
1223.683, 5155.796
1224.165, 5168.068
1224.647, 5177.129
1225.129, 5184.500
1225.611, 5194.865
1226.093, 5198.192
1226.575, 5186.401
1227.057, 5166.438
1227.540, 5159.854
1228.022, 5164.527
1228.504, 5174.930
1228.986, 5193.292
1229.468, 5205.496
1229.950, 5205.552
1230.432, 5200.102
1230.914, 5189.615
1231.397, 5177.446
1231.879, 5175.450
1232.361, 5181.013
1232.843, 5185.829
1233.325, 5183.453
1233.807, 5191.063
1234.289, 5222.798
1234.771, 5247.409
1235.254, 5243.059
1235.736, 5220.881
1236.218, 5208.698
1236.700, 5205.938
1237.182, 5211.616
1237.664, 5237.242
1238.146, 5244.582
1238.628, 5218.892
1239.110, 5197.342
1239.593, 5209.625
1240.075, 5239.930
1240.557, 5249.440
1241.039, 5244.521
1241.521, 5239.724
1242.003, 5234.897
1242.485, 5241.069
1242.967, 5264.573
1243.449, 5283.788
1243.932, 5280.136
1244.414, 5264.428
1244.896, 5253.004
1245.378, 5246.589
1245.860, 5246.609
1246.342, 5255.609
1246.824, 5270.066
1247.306, 5293.459
1247.789, 5311.270
1248.271, 5307.903
1248.753, 5295.623
1249.235, 5294.589
1249.717, 5298.095
1250.199, 5289.333
1250.681, 5253.053
1251.163, 5237.350
1251.646, 5245.458
1252.128, 5260.977
1252.610, 5277.017
1253.092, 5289.709
1253.574, 5289.802
1254.056, 5284.480
1254.538, 5290.548
1255.020, 5312.937
1255.502, 5329.485
1255.984, 5339.468
1256.467, 5342.655
1256.949, 5336.998
1257.431, 5326.304
1257.913, 5304.025
1258.395, 5283.143
1258.877, 5290.860
1259.359, 5333.764
1259.841, 5352.541
1260.324, 5344.892
1260.806, 5331.150
1261.288, 5314.418
1261.770, 5308.140
1262.252, 5337.716
1262.734, 5374.134
1263.216, 5369.625
1263.698, 5324.449
1264.181, 5306.878
1264.663, 5318.183
1265.145, 5331.441
1265.627, 5337.367
1266.109, 5332.113
1266.591, 5301.333
1267.073, 5269.250
1267.555, 5265.542
1268.037, 5286.687
1268.520, 5310.721
1269.002, 5335.620
1269.484, 5353.340
1269.966, 5356.116
1270.448, 5355.095
1270.930, 5349.362
1271.412, 5346.841
1271.894, 5359.262
1272.376, 5381.738
1272.859, 5402.313
1273.341, 5418.740
1273.823, 5423.341
1274.305, 5395.930
1274.787, 5383.601
1275.269, 5397.307
1275.751, 5415.195
1276.233, 5411.496
1276.716, 5397.523
1277.198, 5393.036
1277.680, 5397.436
1278.162, 5405.138
1278.644, 5418.813
1279.126, 5426.884
1279.608, 5427.655
1280.090, 5426.010
1280.573, 5420.513
1281.055, 5419.735
1281.537, 5443.937
1282.019, 5480.836
1282.501, 5489.847
1282.983, 5459.404
1283.465, 5445.229
1283.947, 5452.368
1284.429, 5462.596
1284.911, 5461.752
1285.394, 5457.502
1285.876, 5452.327
1286.358, 5449.621
1286.840, 5457.691
1287.322, 5477.782
1287.804, 5483.036
1288.286, 5472.413
##END=



