##NAMES=Changoite
##RRUFFID=R110213
##IDEAL CHEMISTRY=Na_2_Zn^2+^(S^6+^O_4_)_2_&#183;4H_2_O
##LOCALITY=La Compania mine, Caracoles, Sierra Gorda, II Region, Atacama Desert, Chile
##OWNER=RRUFF
##SOURCE=Gunnar Farber
##DESCRIPTION=Pale yellow transparent anhedral crystals associated with krohnkite and caracolite
##STATUS=The identification of this mineral has been confirmed only by single crystal X-ray diffraction.
##URL=rruff.info/R110213
9.112140e+001, 0.000000e+000
9.160352e+001, 5.209332e+002
9.208563e+001, 5.100188e+002
9.256775e+001, 5.086458e+002
9.304987e+001, 5.216797e+002
9.353198e+001, 5.380139e+002
9.401410e+001, 5.479106e+002
9.449622e+001, 5.518005e+002
9.497833e+001, 5.527697e+002
9.546045e+001, 5.533759e+002
9.594257e+001, 5.536166e+002
9.642468e+001, 5.526349e+002
9.690680e+001, 5.502243e+002
9.738892e+001, 5.478024e+002
9.787103e+001, 5.459034e+002
9.835315e+001, 5.438610e+002
9.883527e+001, 5.410530e+002
9.931738e+001, 5.383654e+002
9.979950e+001, 5.359455e+002
1.002816e+002, 5.338674e+002
1.007637e+002, 5.320081e+002
1.012458e+002, 5.302971e+002
1.017280e+002, 5.286543e+002
1.022101e+002, 5.270076e+002
1.026922e+002, 5.254851e+002
1.031743e+002, 5.242830e+002
1.036564e+002, 5.233146e+002
1.041385e+002, 5.224934e+002
1.046207e+002, 5.215402e+002
1.051028e+002, 5.206119e+002
1.055849e+002, 5.203987e+002
1.060670e+002, 5.216290e+002
1.065491e+002, 5.229562e+002
1.070313e+002, 5.229411e+002
1.075134e+002, 5.213842e+002
1.079955e+002, 5.191957e+002
1.084776e+002, 5.171606e+002
1.089597e+002, 5.152271e+002
1.094418e+002, 5.135927e+002
1.099240e+002, 5.124598e+002
1.104061e+002, 5.115314e+002
1.108882e+002, 5.106092e+002
1.113703e+002, 5.096108e+002
1.118524e+002, 5.085953e+002
1.123345e+002, 5.077130e+002
1.128167e+002, 5.068754e+002
1.132988e+002, 5.063376e+002
1.137809e+002, 5.061355e+002
1.142630e+002, 5.062240e+002
1.147451e+002, 5.066093e+002
1.152272e+002, 5.073242e+002
1.157094e+002, 5.083353e+002
1.161915e+002, 5.088973e+002
1.166736e+002, 5.089298e+002
1.171557e+002, 5.086765e+002
1.176378e+002, 5.080529e+002
1.181199e+002, 5.071567e+002
1.186021e+002, 5.062663e+002
1.190842e+002, 5.056190e+002
1.195663e+002, 5.052368e+002
1.200484e+002, 5.048214e+002
1.205305e+002, 5.043269e+002
1.210126e+002, 5.038159e+002
1.214948e+002, 5.034969e+002
1.219769e+002, 5.034479e+002
1.224590e+002, 5.030984e+002
1.229411e+002, 5.015465e+002
1.234232e+002, 4.991123e+002
1.239053e+002, 4.967520e+002
1.243875e+002, 4.951502e+002
1.248696e+002, 4.938877e+002
1.253517e+002, 4.916666e+002
1.258338e+002, 4.875827e+002
1.263159e+002, 4.835681e+002
1.267980e+002, 4.810791e+002
1.272802e+002, 4.798915e+002
1.277623e+002, 4.789562e+002
1.282444e+002, 4.774734e+002
1.287265e+002, 4.754091e+002
1.292086e+002, 4.732370e+002
1.296907e+002, 4.706175e+002
1.301729e+002, 4.681696e+002
1.306550e+002, 4.663915e+002
1.311371e+002, 4.652527e+002
1.316192e+002, 4.641905e+002
1.321013e+002, 4.623590e+002
1.325834e+002, 4.590869e+002
1.330656e+002, 4.563308e+002
1.335477e+002, 4.543098e+002
1.340298e+002, 4.526078e+002
1.345119e+002, 4.509572e+002
1.349940e+002, 4.492614e+002
1.354761e+002, 4.475290e+002
1.359583e+002, 4.457928e+002
1.364404e+002, 4.438596e+002
1.369225e+002, 4.421875e+002
1.374046e+002, 4.408487e+002
1.378867e+002, 4.397725e+002
1.383688e+002, 4.389520e+002
1.388510e+002, 4.384339e+002
1.393331e+002, 4.380456e+002
1.398152e+002, 4.372140e+002
1.402973e+002, 4.357390e+002
1.407794e+002, 4.342203e+002
1.412615e+002, 4.328433e+002
1.417437e+002, 4.316120e+002
1.422258e+002, 4.305115e+002
1.427079e+002, 4.295040e+002
1.431900e+002, 4.286762e+002
1.436721e+002, 4.281469e+002
1.441542e+002, 4.280705e+002
1.446364e+002, 4.281095e+002
1.451185e+002, 4.280075e+002
1.456006e+002, 4.277868e+002
1.460827e+002, 4.272854e+002
1.465648e+002, 4.258924e+002
1.470469e+002, 4.243310e+002
1.475291e+002, 4.234409e+002
1.480112e+002, 4.237314e+002
1.484933e+002, 4.246400e+002
1.489754e+002, 4.248530e+002
1.494575e+002, 4.239154e+002
1.499396e+002, 4.230399e+002
1.504218e+002, 4.227368e+002
1.509039e+002, 4.226992e+002
1.513860e+002, 4.224962e+002
1.518681e+002, 4.218275e+002
1.523502e+002, 4.207735e+002
1.528323e+002, 4.200709e+002
1.533145e+002, 4.200017e+002
1.537966e+002, 4.200501e+002
1.542787e+002, 4.203387e+002
1.547608e+002, 4.206709e+002
1.552429e+002, 4.206903e+002
1.557250e+002, 4.200731e+002
1.562072e+002, 4.187555e+002
1.566893e+002, 4.177395e+002
1.571714e+002, 4.168488e+002
1.576535e+002, 4.163312e+002
1.581356e+002, 4.164519e+002
1.586177e+002, 4.171106e+002
1.590999e+002, 4.179240e+002
1.595820e+002, 4.185880e+002
1.600641e+002, 4.190953e+002
1.605462e+002, 4.192239e+002
1.610283e+002, 4.182720e+002
1.615104e+002, 4.174288e+002
1.619926e+002, 4.178509e+002
1.624747e+002, 4.196693e+002
1.629568e+002, 4.216883e+002
1.634389e+002, 4.226575e+002
1.639210e+002, 4.226231e+002
1.644031e+002, 4.222663e+002
1.648853e+002, 4.214887e+002
1.653674e+002, 4.205114e+002
1.658495e+002, 4.195681e+002
1.663316e+002, 4.185727e+002
1.668137e+002, 4.179565e+002
1.672958e+002, 4.184612e+002
1.677780e+002, 4.197924e+002
1.682601e+002, 4.208195e+002
1.687422e+002, 4.207299e+002
1.692243e+002, 4.198286e+002
1.697064e+002, 4.194178e+002
1.701885e+002, 4.201269e+002
1.706707e+002, 4.207016e+002
1.711528e+002, 4.199820e+002
1.716349e+002, 4.182919e+002
1.721170e+002, 4.169872e+002
1.725991e+002, 4.176405e+002
1.730812e+002, 4.204052e+002
1.735634e+002, 4.218239e+002
1.740455e+002, 4.201325e+002
1.745276e+002, 4.182496e+002
1.750097e+002, 4.174166e+002
1.754918e+002, 4.176098e+002
1.759739e+002, 4.180785e+002
1.764561e+002, 4.180050e+002
1.769382e+002, 4.172088e+002
1.774203e+002, 4.164601e+002
1.779024e+002, 4.155511e+002
1.783845e+002, 4.148362e+002
1.788666e+002, 4.146115e+002
1.793488e+002, 4.148582e+002
1.798309e+002, 4.152775e+002
1.803130e+002, 4.154818e+002
1.807951e+002, 4.154597e+002
1.812772e+002, 4.151890e+002
1.817593e+002, 4.143936e+002
1.822415e+002, 4.135618e+002
1.827236e+002, 4.130771e+002
1.832057e+002, 4.130224e+002
1.836878e+002, 4.131981e+002
1.841699e+002, 4.133289e+002
1.846520e+002, 4.135423e+002
1.851342e+002, 4.133974e+002
1.856163e+002, 4.124979e+002
1.860984e+002, 4.114034e+002
1.865805e+002, 4.107589e+002
1.870626e+002, 4.107715e+002
1.875447e+002, 4.110792e+002
1.880269e+002, 4.110857e+002
1.885090e+002, 4.107508e+002
1.889911e+002, 4.103672e+002
1.894732e+002, 4.098305e+002
1.899553e+002, 4.093096e+002
1.904374e+002, 4.091811e+002
1.909196e+002, 4.096694e+002
1.914017e+002, 4.103170e+002
1.918838e+002, 4.104743e+002
1.923659e+002, 4.101509e+002
1.928480e+002, 4.096302e+002
1.933301e+002, 4.089665e+002
1.938123e+002, 4.081881e+002
1.942944e+002, 4.073661e+002
1.947765e+002, 4.063881e+002
1.952586e+002, 4.055495e+002
1.957407e+002, 4.052306e+002
1.962228e+002, 4.054427e+002
1.967050e+002, 4.055592e+002
1.971871e+002, 4.050727e+002
1.976692e+002, 4.040092e+002
1.981513e+002, 4.029372e+002
1.986334e+002, 4.019592e+002
1.991155e+002, 4.010144e+002
1.995977e+002, 3.999949e+002
2.000798e+002, 3.989122e+002
2.005619e+002, 3.979804e+002
2.010440e+002, 3.974486e+002
2.015261e+002, 3.973724e+002
2.020082e+002, 3.973217e+002
2.024904e+002, 3.972027e+002
2.029725e+002, 3.971330e+002
2.034546e+002, 3.972250e+002
2.039367e+002, 3.974693e+002
2.044188e+002, 3.977178e+002
2.049009e+002, 3.977070e+002
2.053831e+002, 3.972115e+002
2.058652e+002, 3.971698e+002
2.063473e+002, 3.982864e+002
2.068294e+002, 3.993252e+002
2.073115e+002, 3.994848e+002
2.077936e+002, 3.986828e+002
2.082758e+002, 3.974451e+002
2.087579e+002, 3.964336e+002
2.092400e+002, 3.954614e+002
2.097221e+002, 3.952239e+002
2.102042e+002, 3.962152e+002
2.106863e+002, 3.974563e+002
2.111685e+002, 3.982929e+002
2.116506e+002, 3.985956e+002
2.121327e+002, 3.986688e+002
2.126148e+002, 3.989687e+002
2.130969e+002, 3.997386e+002
2.135790e+002, 4.001972e+002
2.140612e+002, 4.003890e+002
2.145433e+002, 4.002744e+002
2.150254e+002, 3.995603e+002
2.155075e+002, 3.982539e+002
2.159896e+002, 3.970302e+002
2.164717e+002, 3.969400e+002
2.169539e+002, 3.988095e+002
2.174360e+002, 3.998319e+002
2.179181e+002, 3.992023e+002
2.184002e+002, 3.980854e+002
2.188823e+002, 3.976688e+002
2.193644e+002, 3.982439e+002
2.198466e+002, 3.991958e+002
2.203287e+002, 3.996974e+002
2.208108e+002, 3.996652e+002
2.212929e+002, 3.996927e+002
2.217750e+002, 4.000032e+002
2.222571e+002, 4.003602e+002
2.227393e+002, 4.004393e+002
2.232214e+002, 4.001519e+002
2.237035e+002, 3.997199e+002
2.241856e+002, 3.993957e+002
2.246677e+002, 3.991707e+002
2.251498e+002, 3.989667e+002
2.256320e+002, 3.988182e+002
2.261141e+002, 3.986664e+002
2.265962e+002, 3.983762e+002
2.270783e+002, 3.978737e+002
2.275604e+002, 3.973882e+002
2.280425e+002, 3.972653e+002
2.285247e+002, 3.974049e+002
2.290068e+002, 3.973494e+002
2.294889e+002, 3.967434e+002
2.299710e+002, 3.958358e+002
2.304531e+002, 3.952249e+002
2.309352e+002, 3.951119e+002
2.314174e+002, 3.949967e+002
2.318995e+002, 3.944588e+002
2.323816e+002, 3.936143e+002
2.328637e+002, 3.927628e+002
2.333458e+002, 3.919334e+002
2.338279e+002, 3.911953e+002
2.343101e+002, 3.908063e+002
2.347922e+002, 3.909549e+002
2.352743e+002, 3.911622e+002
2.357564e+002, 3.910144e+002
2.362385e+002, 3.907122e+002
2.367206e+002, 3.906918e+002
2.372028e+002, 3.914319e+002
2.376849e+002, 3.926657e+002
2.381670e+002, 3.932379e+002
2.386491e+002, 3.928761e+002
2.391312e+002, 3.921911e+002
2.396133e+002, 3.911153e+002
2.400955e+002, 3.899752e+002
2.405776e+002, 3.893226e+002
2.410597e+002, 3.895834e+002
2.415418e+002, 3.905676e+002
2.420239e+002, 3.913548e+002
2.425060e+002, 3.918330e+002
2.429882e+002, 3.922523e+002
2.434703e+002, 3.926264e+002
2.439524e+002, 3.930085e+002
2.444345e+002, 3.934862e+002
2.449166e+002, 3.941280e+002
2.453987e+002, 3.948826e+002
2.458809e+002, 3.954842e+002
2.463630e+002, 3.957087e+002
2.468451e+002, 3.960700e+002
2.473272e+002, 3.968322e+002
2.478093e+002, 3.977408e+002
2.482914e+002, 3.984251e+002
2.487736e+002, 3.986662e+002
2.492557e+002, 3.986143e+002
2.497378e+002, 3.988760e+002
2.502199e+002, 3.996571e+002
2.507020e+002, 4.005371e+002
2.511841e+002, 4.017248e+002
2.516663e+002, 4.028907e+002
2.521484e+002, 4.035668e+002
2.526305e+002, 4.035220e+002
2.531126e+002, 4.030301e+002
2.535947e+002, 4.029575e+002
2.540768e+002, 4.038023e+002
2.545590e+002, 4.045006e+002
2.550411e+002, 4.047077e+002
2.555232e+002, 4.048452e+002
2.560053e+002, 4.054750e+002
2.564874e+002, 4.068290e+002
2.569695e+002, 4.085591e+002
2.574517e+002, 4.098217e+002
2.579338e+002, 4.103234e+002
2.584159e+002, 4.106469e+002
2.588980e+002, 4.104056e+002
2.593801e+002, 4.101552e+002
2.598622e+002, 4.106802e+002
2.603444e+002, 4.122268e+002
2.608265e+002, 4.140789e+002
2.613086e+002, 4.148678e+002
2.617907e+002, 4.135917e+002
2.622728e+002, 4.127679e+002
2.627549e+002, 4.124890e+002
2.632371e+002, 4.126401e+002
2.637192e+002, 4.133515e+002
2.642013e+002, 4.146213e+002
2.646834e+002, 4.158318e+002
2.651655e+002, 4.159977e+002
2.656476e+002, 4.144544e+002
2.661298e+002, 4.134376e+002
2.666119e+002, 4.133205e+002
2.670940e+002, 4.135634e+002
2.675761e+002, 4.137521e+002
2.680582e+002, 4.137931e+002
2.685403e+002, 4.136670e+002
2.690225e+002, 4.133372e+002
2.695046e+002, 4.127610e+002
2.699867e+002, 4.121214e+002
2.704688e+002, 4.110919e+002
2.709509e+002, 4.102110e+002
2.714330e+002, 4.101037e+002
2.719152e+002, 4.108038e+002
2.723973e+002, 4.116088e+002
2.728794e+002, 4.118773e+002
2.733615e+002, 4.115475e+002
2.738436e+002, 4.111060e+002
2.743257e+002, 4.101890e+002
2.748079e+002, 4.094197e+002
2.752900e+002, 4.095349e+002
2.757721e+002, 4.104945e+002
2.762542e+002, 4.112917e+002
2.767363e+002, 4.111269e+002
2.772184e+002, 4.100552e+002
2.777006e+002, 4.091247e+002
2.781827e+002, 4.080941e+002
2.786648e+002, 4.074033e+002
2.791469e+002, 4.076771e+002
2.796290e+002, 4.087725e+002
2.801111e+002, 4.095484e+002
2.805933e+002, 4.091953e+002
2.810754e+002, 4.080223e+002
2.815575e+002, 4.072637e+002
2.820396e+002, 4.072394e+002
2.825217e+002, 4.072394e+002
2.830038e+002, 4.067527e+002
2.834860e+002, 4.058742e+002
2.839681e+002, 4.051061e+002
2.844502e+002, 4.047203e+002
2.849323e+002, 4.045486e+002
2.854144e+002, 4.041556e+002
2.858965e+002, 4.033235e+002
2.863787e+002, 4.027918e+002
2.868608e+002, 4.032545e+002
2.873429e+002, 4.044206e+002
2.878250e+002, 4.051894e+002
2.883071e+002, 4.050442e+002
2.887892e+002, 4.045606e+002
2.892714e+002, 4.046711e+002
2.897535e+002, 4.054673e+002
2.902356e+002, 4.060488e+002
2.907177e+002, 4.058715e+002
2.911998e+002, 4.051567e+002
2.916819e+002, 4.044760e+002
2.921641e+002, 4.039405e+002
2.926462e+002, 4.034896e+002
2.931283e+002, 4.030513e+002
2.936104e+002, 4.026270e+002
2.940925e+002, 4.022543e+002
2.945746e+002, 4.019051e+002
2.950568e+002, 4.016264e+002
2.955389e+002, 4.015888e+002
2.960210e+002, 4.019199e+002
2.965031e+002, 4.021691e+002
2.969852e+002, 4.016473e+002
2.974673e+002, 4.006748e+002
2.979495e+002, 4.001874e+002
2.984316e+002, 4.009627e+002
2.989137e+002, 4.022142e+002
2.993958e+002, 4.027371e+002
2.998779e+002, 4.024058e+002
3.003600e+002, 4.018186e+002
3.008422e+002, 4.010760e+002
3.013243e+002, 4.003875e+002
3.018064e+002, 4.001982e+002
3.022885e+002, 4.009088e+002
3.027706e+002, 4.018619e+002
3.032527e+002, 4.022412e+002
3.037349e+002, 4.020034e+002
3.042170e+002, 4.018408e+002
3.046991e+002, 4.021794e+002
3.051812e+002, 4.027367e+002
3.056633e+002, 4.031253e+002
3.061454e+002, 4.032613e+002
3.066276e+002, 4.033179e+002
3.071097e+002, 4.034480e+002
3.075918e+002, 4.036459e+002
3.080739e+002, 4.038053e+002
3.085560e+002, 4.038667e+002
3.090381e+002, 4.038936e+002
3.095203e+002, 4.038949e+002
3.100024e+002, 4.038489e+002
3.104845e+002, 4.040035e+002
3.109666e+002, 4.047549e+002
3.114487e+002, 4.059299e+002
3.119308e+002, 4.066106e+002
3.124130e+002, 4.063655e+002
3.128951e+002, 4.059344e+002
3.133772e+002, 4.060905e+002
3.138593e+002, 4.067357e+002
3.143414e+002, 4.072261e+002
3.148235e+002, 4.067939e+002
3.153057e+002, 4.059855e+002
3.157878e+002, 4.065207e+002
3.162699e+002, 4.092195e+002
3.167520e+002, 4.116063e+002
3.172341e+002, 4.113033e+002
3.177162e+002, 4.093192e+002
3.181984e+002, 4.077718e+002
3.186805e+002, 4.075542e+002
3.191626e+002, 4.081490e+002
3.196447e+002, 4.087644e+002
3.201268e+002, 4.093668e+002
3.206089e+002, 4.101730e+002
3.210911e+002, 4.116816e+002
3.215732e+002, 4.133744e+002
3.220553e+002, 4.144912e+002
3.225374e+002, 4.147621e+002
3.230195e+002, 4.146228e+002
3.235016e+002, 4.144512e+002
3.239838e+002, 4.142461e+002
3.244659e+002, 4.140100e+002
3.249480e+002, 4.135465e+002
3.254301e+002, 4.132153e+002
3.259122e+002, 4.134376e+002
3.263943e+002, 4.142870e+002
3.268765e+002, 4.154279e+002
3.273586e+002, 4.168753e+002
3.278407e+002, 4.185118e+002
3.283228e+002, 4.196363e+002
3.288049e+002, 4.200087e+002
3.292870e+002, 4.198954e+002
3.297692e+002, 4.193881e+002
3.302513e+002, 4.185401e+002
3.307334e+002, 4.180561e+002
3.312155e+002, 4.187702e+002
3.316976e+002, 4.200488e+002
3.321797e+002, 4.201017e+002
3.326619e+002, 4.181924e+002
3.331440e+002, 4.166123e+002
3.336261e+002, 4.177949e+002
3.341082e+002, 4.207883e+002
3.345903e+002, 4.234901e+002
3.350724e+002, 4.249035e+002
3.355546e+002, 4.258597e+002
3.360367e+002, 4.275884e+002
3.365188e+002, 4.301860e+002
3.370009e+002, 4.324928e+002
3.374830e+002, 4.336817e+002
3.379651e+002, 4.341693e+002
3.384473e+002, 4.347359e+002
3.389294e+002, 4.354587e+002
3.394115e+002, 4.362838e+002
3.398936e+002, 4.371680e+002
3.403757e+002, 4.381168e+002
3.408578e+002, 4.391256e+002
3.413400e+002, 4.401441e+002
3.418221e+002, 4.412954e+002
3.423042e+002, 4.427494e+002
3.427863e+002, 4.445376e+002
3.432684e+002, 4.464366e+002
3.437505e+002, 4.484991e+002
3.442327e+002, 4.505872e+002
3.447148e+002, 4.522596e+002
3.451969e+002, 4.532677e+002
3.456790e+002, 4.542619e+002
3.461611e+002, 4.560915e+002
3.466432e+002, 4.586223e+002
3.471254e+002, 4.612333e+002
3.476075e+002, 4.638141e+002
3.480896e+002, 4.663616e+002
3.485717e+002, 4.688505e+002
3.490538e+002, 4.712914e+002
3.495359e+002, 4.735923e+002
3.500181e+002, 4.754713e+002
3.505002e+002, 4.771591e+002
3.509823e+002, 4.795879e+002
3.514644e+002, 4.837526e+002
3.519465e+002, 4.878498e+002
3.524286e+002, 4.904327e+002
3.529108e+002, 4.917853e+002
3.533929e+002, 4.933341e+002
3.538750e+002, 4.957853e+002
3.543571e+002, 4.988293e+002
3.548392e+002, 5.017178e+002
3.553214e+002, 5.045068e+002
3.558035e+002, 5.070561e+002
3.562856e+002, 5.092338e+002
3.567677e+002, 5.111432e+002
3.572498e+002, 5.129642e+002
3.577319e+002, 5.147512e+002
3.582141e+002, 5.164475e+002
3.586962e+002, 5.179122e+002
3.591783e+002, 5.190524e+002
3.596604e+002, 5.205623e+002
3.601425e+002, 5.231390e+002
3.606246e+002, 5.257496e+002
3.611068e+002, 5.273227e+002
3.615889e+002, 5.278109e+002
3.620710e+002, 5.279617e+002
3.625531e+002, 5.283599e+002
3.630352e+002, 5.290096e+002
3.635173e+002, 5.296275e+002
3.639995e+002, 5.305956e+002
3.644816e+002, 5.311695e+002
3.649637e+002, 5.309105e+002
3.654458e+002, 5.299655e+002
3.659279e+002, 5.285883e+002
3.664100e+002, 5.268019e+002
3.668922e+002, 5.249262e+002
3.673743e+002, 5.240876e+002
3.678564e+002, 5.252672e+002
3.683385e+002, 5.260137e+002
3.688206e+002, 5.259229e+002
3.693027e+002, 5.252766e+002
3.697849e+002, 5.244134e+002
3.702670e+002, 5.234267e+002
3.707491e+002, 5.221171e+002
3.712312e+002, 5.201246e+002
3.717133e+002, 5.170167e+002
3.721954e+002, 5.146132e+002
3.726776e+002, 5.134989e+002
3.731597e+002, 5.125502e+002
3.736418e+002, 5.108224e+002
3.741239e+002, 5.085162e+002
3.746060e+002, 5.066612e+002
3.750881e+002, 5.061273e+002
3.755703e+002, 5.068728e+002
3.760524e+002, 5.072633e+002
3.765345e+002, 5.071457e+002
3.770166e+002, 5.068682e+002
3.774987e+002, 5.062962e+002
3.779808e+002, 5.056670e+002
3.784630e+002, 5.053172e+002
3.789451e+002, 5.054032e+002
3.794272e+002, 5.057891e+002
3.799093e+002, 5.061856e+002
3.803914e+002, 5.068591e+002
3.808735e+002, 5.070600e+002
3.813557e+002, 5.060162e+002
3.818378e+002, 5.050604e+002
3.823199e+002, 5.053389e+002
3.828020e+002, 5.069062e+002
3.832841e+002, 5.088424e+002
3.837662e+002, 5.100798e+002
3.842484e+002, 5.104724e+002
3.847305e+002, 5.112100e+002
3.852126e+002, 5.125547e+002
3.856947e+002, 5.140098e+002
3.861768e+002, 5.153458e+002
3.866589e+002, 5.166795e+002
3.871411e+002, 5.183708e+002
3.876232e+002, 5.207796e+002
3.881053e+002, 5.234943e+002
3.885874e+002, 5.249006e+002
3.890695e+002, 5.241168e+002
3.895516e+002, 5.236666e+002
3.900338e+002, 5.239984e+002
3.905159e+002, 5.249413e+002
3.909980e+002, 5.265145e+002
3.914801e+002, 5.287137e+002
3.919622e+002, 5.310521e+002
3.924443e+002, 5.329001e+002
3.929265e+002, 5.341940e+002
3.934086e+002, 5.356088e+002
3.938907e+002, 5.373426e+002
3.943728e+002, 5.391100e+002
3.948549e+002, 5.406597e+002
3.953370e+002, 5.420697e+002
3.958192e+002, 5.436454e+002
3.963013e+002, 5.457993e+002
3.967834e+002, 5.482678e+002
3.972655e+002, 5.500437e+002
3.977476e+002, 5.507988e+002
3.982297e+002, 5.517072e+002
3.987119e+002, 5.536210e+002
3.991940e+002, 5.559858e+002
3.996761e+002, 5.581254e+002
4.001582e+002, 5.598810e+002
4.006403e+002, 5.613423e+002
4.011224e+002, 5.623799e+002
4.016046e+002, 5.630468e+002
4.020867e+002, 5.641848e+002
4.025688e+002, 5.663107e+002
4.030509e+002, 5.687228e+002
4.035330e+002, 5.704260e+002
4.040151e+002, 5.713923e+002
4.044973e+002, 5.727578e+002
4.049794e+002, 5.754146e+002
4.054615e+002, 5.786815e+002
4.059436e+002, 5.814261e+002
4.064257e+002, 5.834980e+002
4.069078e+002, 5.851030e+002
4.073900e+002, 5.862581e+002
4.078721e+002, 5.870248e+002
4.083542e+002, 5.878043e+002
4.088363e+002, 5.883320e+002
4.093184e+002, 5.891418e+002
4.098005e+002, 5.907244e+002
4.102827e+002, 5.929115e+002
4.107648e+002, 5.950984e+002
4.112469e+002, 5.970157e+002
4.117290e+002, 5.987868e+002
4.122111e+002, 6.006993e+002
4.126932e+002, 6.028568e+002
4.131754e+002, 6.048691e+002
4.136575e+002, 6.063768e+002
4.141396e+002, 6.078563e+002
4.146217e+002, 6.099888e+002
4.151038e+002, 6.128199e+002
4.155859e+002, 6.156210e+002
4.160681e+002, 6.176613e+002
4.165502e+002, 6.188669e+002
4.170323e+002, 6.199971e+002
4.175144e+002, 6.206522e+002
4.179965e+002, 6.216487e+002
4.184786e+002, 6.234684e+002
4.189608e+002, 6.258529e+002
4.194429e+002, 6.283655e+002
4.199250e+002, 6.307948e+002
4.204071e+002, 6.330826e+002
4.208892e+002, 6.350596e+002
4.213713e+002, 6.365134e+002
4.218535e+002, 6.379463e+002
4.223356e+002, 6.395833e+002
4.228177e+002, 6.410759e+002
4.232998e+002, 6.418454e+002
4.237819e+002, 6.420109e+002
4.242640e+002, 6.425127e+002
4.247462e+002, 6.445197e+002
4.252283e+002, 6.482075e+002
4.257104e+002, 6.508748e+002
4.261925e+002, 6.512090e+002
4.266746e+002, 6.519086e+002
4.271567e+002, 6.541064e+002
4.276389e+002, 6.570878e+002
4.281210e+002, 6.596682e+002
4.286031e+002, 6.612493e+002
4.290852e+002, 6.622971e+002
4.295673e+002, 6.636837e+002
4.300494e+002, 6.654221e+002
4.305316e+002, 6.674586e+002
4.310137e+002, 6.700445e+002
4.314958e+002, 6.727504e+002
4.319779e+002, 6.754263e+002
4.324600e+002, 6.780200e+002
4.329421e+002, 6.802827e+002
4.334243e+002, 6.817706e+002
4.339064e+002, 6.827158e+002
4.343885e+002, 6.841684e+002
4.348706e+002, 6.863197e+002
4.353527e+002, 6.886623e+002
4.358348e+002, 6.909362e+002
4.363170e+002, 6.931743e+002
4.367991e+002, 6.954611e+002
4.372812e+002, 6.978354e+002
4.377633e+002, 7.002205e+002
4.382454e+002, 7.025540e+002
4.387275e+002, 7.048422e+002
4.392097e+002, 7.069692e+002
4.396918e+002, 7.086213e+002
4.401739e+002, 7.104871e+002
4.406560e+002, 7.137606e+002
4.411381e+002, 7.184943e+002
4.416202e+002, 7.233005e+002
4.421024e+002, 7.279608e+002
4.425845e+002, 7.323972e+002
4.430666e+002, 7.362971e+002
4.435487e+002, 7.396995e+002
4.440308e+002, 7.433059e+002
4.445129e+002, 7.477729e+002
4.449951e+002, 7.529341e+002
4.454772e+002, 7.573811e+002
4.459593e+002, 7.606536e+002
4.464414e+002, 7.638389e+002
4.469235e+002, 7.677813e+002
4.474056e+002, 7.716943e+002
4.478878e+002, 7.744122e+002
4.483699e+002, 7.755400e+002
4.488520e+002, 7.754971e+002
4.493341e+002, 7.749615e+002
4.498162e+002, 7.742536e+002
4.502983e+002, 7.719656e+002
4.507805e+002, 7.673253e+002
4.512626e+002, 7.620867e+002
4.517447e+002, 7.570631e+002
4.522268e+002, 7.522112e+002
4.527089e+002, 7.470963e+002
4.531910e+002, 7.414382e+002
4.536732e+002, 7.353408e+002
4.541553e+002, 7.292081e+002
4.546374e+002, 7.225135e+002
4.551195e+002, 7.167377e+002
4.556016e+002, 7.126902e+002
4.560837e+002, 7.091633e+002
4.565659e+002, 7.050356e+002
4.570480e+002, 7.001293e+002
4.575301e+002, 6.954037e+002
4.580122e+002, 6.919329e+002
4.584943e+002, 6.896810e+002
4.589764e+002, 6.875046e+002
4.594586e+002, 6.855750e+002
4.599407e+002, 6.833979e+002
4.604228e+002, 6.803547e+002
4.609049e+002, 6.769822e+002
4.613870e+002, 6.742568e+002
4.618691e+002, 6.726160e+002
4.623513e+002, 6.715988e+002
4.628334e+002, 6.709434e+002
4.633155e+002, 6.706171e+002
4.637976e+002, 6.696857e+002
4.642797e+002, 6.675658e+002
4.647618e+002, 6.650629e+002
4.652440e+002, 6.631696e+002
4.657261e+002, 6.618749e+002
4.662082e+002, 6.607846e+002
4.666903e+002, 6.596808e+002
4.671724e+002, 6.587501e+002
4.676545e+002, 6.583650e+002
4.681367e+002, 6.585148e+002
4.686188e+002, 6.586255e+002
4.691009e+002, 6.583984e+002
4.695830e+002, 6.577961e+002
4.700651e+002, 6.566229e+002
4.705472e+002, 6.537647e+002
4.710294e+002, 6.518190e+002
4.715115e+002, 6.523578e+002
4.719936e+002, 6.537901e+002
4.724757e+002, 6.540511e+002
4.729578e+002, 6.526367e+002
4.734399e+002, 6.505172e+002
4.739221e+002, 6.488699e+002
4.744042e+002, 6.478665e+002
4.748863e+002, 6.463176e+002
4.753684e+002, 6.440566e+002
4.758505e+002, 6.414850e+002
4.763326e+002, 6.384197e+002
4.768148e+002, 6.352157e+002
4.772969e+002, 6.324462e+002
4.777790e+002, 6.304125e+002
4.782611e+002, 6.288400e+002
4.787432e+002, 6.272267e+002
4.792253e+002, 6.256438e+002
4.797075e+002, 6.238366e+002
4.801896e+002, 6.215798e+002
4.806717e+002, 6.192663e+002
4.811538e+002, 6.171044e+002
4.816359e+002, 6.150898e+002
4.821180e+002, 6.130840e+002
4.826002e+002, 6.108764e+002
4.830823e+002, 6.086542e+002
4.835644e+002, 6.070469e+002
4.840465e+002, 6.062929e+002
4.845286e+002, 6.053000e+002
4.850107e+002, 6.032994e+002
4.854929e+002, 6.009471e+002
4.859750e+002, 5.990223e+002
4.864571e+002, 5.976738e+002
4.869392e+002, 5.964416e+002
4.874213e+002, 5.950139e+002
4.879034e+002, 5.935049e+002
4.883856e+002, 5.922155e+002
4.888677e+002, 5.912054e+002
4.893498e+002, 5.902187e+002
4.898319e+002, 5.889522e+002
4.903140e+002, 5.874671e+002
4.907961e+002, 5.864432e+002
4.912783e+002, 5.868099e+002
4.917604e+002, 5.866437e+002
4.922425e+002, 5.843377e+002
4.927246e+002, 5.810146e+002
4.932067e+002, 5.788587e+002
4.936888e+002, 5.786423e+002
4.941710e+002, 5.793522e+002
4.946531e+002, 5.794421e+002
4.951352e+002, 5.786159e+002
4.956173e+002, 5.780968e+002
4.960994e+002, 5.785880e+002
4.965815e+002, 5.786648e+002
4.970637e+002, 5.774371e+002
4.975458e+002, 5.752645e+002
4.980279e+002, 5.728967e+002
4.985100e+002, 5.707040e+002
4.989921e+002, 5.688297e+002
4.994742e+002, 5.677972e+002
4.999564e+002, 5.683070e+002
5.004385e+002, 5.678560e+002
5.009206e+002, 5.647542e+002
5.014027e+002, 5.616396e+002
5.018848e+002, 5.604705e+002
5.023669e+002, 5.610168e+002
5.028491e+002, 5.613895e+002
5.033312e+002, 5.600649e+002
5.038133e+002, 5.576815e+002
5.042954e+002, 5.560766e+002
5.047775e+002, 5.554686e+002
5.052596e+002, 5.546423e+002
5.057418e+002, 5.529821e+002
5.062239e+002, 5.508055e+002
5.067060e+002, 5.484895e+002
5.071881e+002, 5.459622e+002
5.076702e+002, 5.437116e+002
5.081523e+002, 5.421981e+002
5.086345e+002, 5.410501e+002
5.091166e+002, 5.396599e+002
5.095987e+002, 5.379302e+002
5.100808e+002, 5.360554e+002
5.105629e+002, 5.341579e+002
5.110450e+002, 5.322498e+002
5.115272e+002, 5.303860e+002
5.120093e+002, 5.286498e+002
5.124914e+002, 5.268390e+002
5.129735e+002, 5.246470e+002
5.134556e+002, 5.224396e+002
5.139377e+002, 5.207925e+002
5.144199e+002, 5.198270e+002
5.149020e+002, 5.189938e+002
5.153841e+002, 5.175750e+002
5.158662e+002, 5.154342e+002
5.163483e+002, 5.136721e+002
5.168304e+002, 5.127532e+002
5.173126e+002, 5.117358e+002
5.177947e+002, 5.103922e+002
5.182768e+002, 5.087796e+002
5.187589e+002, 5.069127e+002
5.192410e+002, 5.047773e+002
5.197231e+002, 5.027028e+002
5.202053e+002, 5.011418e+002
5.206874e+002, 5.001129e+002
5.211695e+002, 4.994191e+002
5.216516e+002, 4.993735e+002
5.221337e+002, 4.992201e+002
5.226158e+002, 4.985712e+002
5.230980e+002, 4.974373e+002
5.235801e+002, 4.957859e+002
5.240622e+002, 4.929759e+002
5.245443e+002, 4.902728e+002
5.250264e+002, 4.892710e+002
5.255085e+002, 4.897011e+002
5.259907e+002, 4.900350e+002
5.264728e+002, 4.897565e+002
5.269549e+002, 4.891330e+002
5.274370e+002, 4.886132e+002
5.279191e+002, 4.882989e+002
5.284012e+002, 4.874360e+002
5.288834e+002, 4.851588e+002
5.293655e+002, 4.829894e+002
5.298476e+002, 4.821992e+002
5.303297e+002, 4.824394e+002
5.308118e+002, 4.825495e+002
5.312939e+002, 4.818960e+002
5.317761e+002, 4.807821e+002
5.322582e+002, 4.800167e+002
5.327403e+002, 4.800994e+002
5.332224e+002, 4.795787e+002
5.337045e+002, 4.777517e+002
5.341866e+002, 4.759821e+002
5.346688e+002, 4.752221e+002
5.351509e+002, 4.752593e+002
5.356330e+002, 4.752281e+002
5.361151e+002, 4.745229e+002
5.365972e+002, 4.734218e+002
5.370793e+002, 4.727275e+002
5.375615e+002, 4.725995e+002
5.380436e+002, 4.722396e+002
5.385257e+002, 4.712120e+002
5.390078e+002, 4.700269e+002
5.394899e+002, 4.691700e+002
5.399720e+002, 4.686389e+002
5.404542e+002, 4.680401e+002
5.409363e+002, 4.671041e+002
5.414184e+002, 4.660343e+002
5.419005e+002, 4.651129e+002
5.423826e+002, 4.643479e+002
5.428647e+002, 4.636632e+002
5.433469e+002, 4.630622e+002
5.438290e+002, 4.624656e+002
5.443111e+002, 4.616359e+002
5.447932e+002, 4.604500e+002
5.452753e+002, 4.593593e+002
5.457574e+002, 4.586461e+002
5.462396e+002, 4.578850e+002
5.467217e+002, 4.564279e+002
5.472038e+002, 4.544762e+002
5.476859e+002, 4.530602e+002
5.481680e+002, 4.529789e+002
5.486501e+002, 4.538460e+002
5.491323e+002, 4.539078e+002
5.496144e+002, 4.525001e+002
5.500965e+002, 4.514293e+002
5.505786e+002, 4.510759e+002
5.510607e+002, 4.509421e+002
5.515428e+002, 4.507652e+002
5.520250e+002, 4.504762e+002
5.525071e+002, 4.500205e+002
5.529892e+002, 4.492877e+002
5.534713e+002, 4.483817e+002
5.539534e+002, 4.475956e+002
5.544355e+002, 4.469467e+002
5.549177e+002, 4.463398e+002
5.553998e+002, 4.458000e+002
5.558819e+002, 4.452309e+002
5.563640e+002, 4.444788e+002
5.568461e+002, 4.435134e+002
5.573282e+002, 4.425975e+002
5.578104e+002, 4.417229e+002
5.582925e+002, 4.410096e+002
5.587746e+002, 4.406970e+002
5.592567e+002, 4.407429e+002
5.597388e+002, 4.408417e+002
5.602209e+002, 4.408842e+002
5.607031e+002, 4.407303e+002
5.611852e+002, 4.399310e+002
5.616673e+002, 4.375317e+002
5.621494e+002, 4.358200e+002
5.626315e+002, 4.352076e+002
5.631136e+002, 4.349931e+002
5.635958e+002, 4.347621e+002
5.640779e+002, 4.344513e+002
5.645600e+002, 4.341274e+002
5.650421e+002, 4.338348e+002
5.655242e+002, 4.335652e+002
5.660063e+002, 4.332868e+002
5.664885e+002, 4.329849e+002
5.669706e+002, 4.327195e+002
5.674527e+002, 4.326552e+002
5.679348e+002, 4.325153e+002
5.684169e+002, 4.320163e+002
5.688990e+002, 4.312090e+002
5.693812e+002, 4.304933e+002
5.698633e+002, 4.301162e+002
5.703454e+002, 4.299399e+002
5.708275e+002, 4.298703e+002
5.713096e+002, 4.298839e+002
5.717917e+002, 4.296361e+002
5.722739e+002, 4.288998e+002
5.727560e+002, 4.279517e+002
5.732381e+002, 4.272801e+002
5.737202e+002, 4.269267e+002
5.742023e+002, 4.266559e+002
5.746844e+002, 4.265917e+002
5.751666e+002, 4.264785e+002
5.756487e+002, 4.260249e+002
5.761308e+002, 4.253746e+002
5.766129e+002, 4.248887e+002
5.770950e+002, 4.247501e+002
5.775771e+002, 4.249147e+002
5.780593e+002, 4.253661e+002
5.785414e+002, 4.263799e+002
5.790235e+002, 4.269187e+002
5.795056e+002, 4.264111e+002
5.799877e+002, 4.258959e+002
5.804698e+002, 4.259650e+002
5.809520e+002, 4.263840e+002
5.814341e+002, 4.265555e+002
5.819162e+002, 4.261693e+002
5.823983e+002, 4.255087e+002
5.828804e+002, 4.247817e+002
5.833625e+002, 4.240315e+002
5.838447e+002, 4.238338e+002
5.843268e+002, 4.244979e+002
5.848089e+002, 4.253471e+002
5.852910e+002, 4.256512e+002
5.857731e+002, 4.254697e+002
5.862552e+002, 4.254061e+002
5.867374e+002, 4.255787e+002
5.872195e+002, 4.258150e+002
5.877016e+002, 4.262075e+002
5.881837e+002, 4.265570e+002
5.886658e+002, 4.263400e+002
5.891479e+002, 4.254474e+002
5.896301e+002, 4.246308e+002
5.901122e+002, 4.248730e+002
5.905943e+002, 4.263073e+002
5.910764e+002, 4.275266e+002
5.915585e+002, 4.282030e+002
5.920406e+002, 4.290490e+002
5.925228e+002, 4.306186e+002
5.930049e+002, 4.322627e+002
5.934870e+002, 4.330054e+002
5.939691e+002, 4.326343e+002
5.944512e+002, 4.323177e+002
5.949333e+002, 4.332789e+002
5.954155e+002, 4.352555e+002
5.958976e+002, 4.371257e+002
5.963797e+002, 4.388300e+002
5.968618e+002, 4.403983e+002
5.973439e+002, 4.416964e+002
5.978260e+002, 4.429266e+002
5.983082e+002, 4.445677e+002
5.987903e+002, 4.468029e+002
5.992724e+002, 4.489877e+002
5.997545e+002, 4.506591e+002
6.002366e+002, 4.523395e+002
6.007188e+002, 4.547678e+002
6.012009e+002, 4.578556e+002
6.016830e+002, 4.607534e+002
6.021651e+002, 4.628788e+002
6.026472e+002, 4.644356e+002
6.031293e+002, 4.661417e+002
6.036115e+002, 4.678058e+002
6.040936e+002, 4.700013e+002
6.045757e+002, 4.731200e+002
6.050578e+002, 4.763952e+002
6.055399e+002, 4.793092e+002
6.060220e+002, 4.819458e+002
6.065042e+002, 4.846892e+002
6.069863e+002, 4.875700e+002
6.074684e+002, 4.909178e+002
6.079505e+002, 4.956890e+002
6.084326e+002, 5.018398e+002
6.089147e+002, 5.071339e+002
6.093969e+002, 5.106635e+002
6.098790e+002, 5.137675e+002
6.103611e+002, 5.179488e+002
6.108432e+002, 5.231281e+002
6.113253e+002, 5.281317e+002
6.118074e+002, 5.338433e+002
6.122896e+002, 5.383053e+002
6.127717e+002, 5.400505e+002
6.132538e+002, 5.399716e+002
6.137359e+002, 5.397859e+002
6.142180e+002, 5.399371e+002
6.147001e+002, 5.392254e+002
6.151823e+002, 5.361263e+002
6.156644e+002, 5.305372e+002
6.161465e+002, 5.246392e+002
6.166286e+002, 5.183437e+002
6.171107e+002, 5.118692e+002
6.175928e+002, 5.050935e+002
6.180750e+002, 4.983157e+002
6.185571e+002, 4.917157e+002
6.190392e+002, 4.853700e+002
6.195213e+002, 4.796040e+002
6.200034e+002, 4.748085e+002
6.204855e+002, 4.707428e+002
6.209677e+002, 4.667625e+002
6.214498e+002, 4.628378e+002
6.219319e+002, 4.595309e+002
6.224140e+002, 4.572631e+002
6.228961e+002, 4.556346e+002
6.233782e+002, 4.537786e+002
6.238604e+002, 4.515642e+002
6.243425e+002, 4.495740e+002
6.248246e+002, 4.477212e+002
6.253067e+002, 4.462579e+002
6.257888e+002, 4.454118e+002
6.262709e+002, 4.450928e+002
6.267531e+002, 4.451830e+002
6.272352e+002, 4.456397e+002
6.277173e+002, 4.460623e+002
6.281994e+002, 4.455395e+002
6.286815e+002, 4.437676e+002
6.291636e+002, 4.428094e+002
6.296458e+002, 4.439968e+002
6.301279e+002, 4.443911e+002
6.306100e+002, 4.418269e+002
6.310921e+002, 4.377352e+002
6.315742e+002, 4.347035e+002
6.320563e+002, 4.335918e+002
6.325385e+002, 4.329530e+002
6.330206e+002, 4.318633e+002
6.335027e+002, 4.304815e+002
6.339848e+002, 4.290864e+002
6.344669e+002, 4.277229e+002
6.349490e+002, 4.264145e+002
6.354312e+002, 4.252222e+002
6.359133e+002, 4.240682e+002
6.363954e+002, 4.225549e+002
6.368775e+002, 4.199144e+002
6.373596e+002, 4.179767e+002
6.378417e+002, 4.173531e+002
6.383239e+002, 4.170068e+002
6.388060e+002, 4.162734e+002
6.392881e+002, 4.151402e+002
6.397702e+002, 4.138610e+002
6.402523e+002, 4.125604e+002
6.407344e+002, 4.112673e+002
6.412166e+002, 4.100594e+002
6.416987e+002, 4.089342e+002
6.421808e+002, 4.077803e+002
6.426629e+002, 4.064234e+002
6.431450e+002, 4.052689e+002
6.436271e+002, 4.049883e+002
6.441093e+002, 4.052780e+002
6.445914e+002, 4.049933e+002
6.450735e+002, 4.037484e+002
6.455556e+002, 4.021675e+002
6.460377e+002, 4.001094e+002
6.465198e+002, 3.980719e+002
6.470020e+002, 3.969062e+002
6.474841e+002, 3.967029e+002
6.479662e+002, 3.967527e+002
6.484483e+002, 3.964172e+002
6.489304e+002, 3.957829e+002
6.494125e+002, 3.954892e+002
6.498947e+002, 3.958725e+002
6.503768e+002, 3.959619e+002
6.508589e+002, 3.955098e+002
6.513410e+002, 3.947871e+002
6.518231e+002, 3.938894e+002
6.523052e+002, 3.928687e+002
6.527874e+002, 3.918687e+002
6.532695e+002, 3.910308e+002
6.537516e+002, 3.901805e+002
6.542337e+002, 3.889308e+002
6.547158e+002, 3.874329e+002
6.551979e+002, 3.864733e+002
6.556801e+002, 3.863386e+002
6.561622e+002, 3.864268e+002
6.566443e+002, 3.860747e+002
6.571264e+002, 3.852553e+002
6.576085e+002, 3.845314e+002
6.580906e+002, 3.836875e+002
6.585728e+002, 3.831931e+002
6.590549e+002, 3.833549e+002
6.595370e+002, 3.837997e+002
6.600191e+002, 3.843686e+002
6.605012e+002, 3.848940e+002
6.609833e+002, 3.848690e+002
6.614655e+002, 3.837087e+002
6.619476e+002, 3.817801e+002
6.624297e+002, 3.801542e+002
6.629118e+002, 3.788084e+002
6.633939e+002, 3.780205e+002
6.638760e+002, 3.782009e+002
6.643582e+002, 3.785944e+002
6.648403e+002, 3.781893e+002
6.653224e+002, 3.770623e+002
6.658045e+002, 3.762008e+002
6.662866e+002, 3.760200e+002
6.667687e+002, 3.758706e+002
6.672509e+002, 3.754777e+002
6.677330e+002, 3.748485e+002
6.682151e+002, 3.738580e+002
6.686972e+002, 3.725414e+002
6.691793e+002, 3.714337e+002
6.696614e+002, 3.711797e+002
6.701436e+002, 3.716883e+002
6.706257e+002, 3.716158e+002
6.711078e+002, 3.706847e+002
6.715899e+002, 3.697457e+002
6.720720e+002, 3.691149e+002
6.725541e+002, 3.685001e+002
6.730363e+002, 3.674357e+002
6.735184e+002, 3.660103e+002
6.740005e+002, 3.652033e+002
6.744826e+002, 3.661313e+002
6.749647e+002, 3.672971e+002
6.754468e+002, 3.669969e+002
6.759290e+002, 3.656783e+002
6.764111e+002, 3.647632e+002
6.768932e+002, 3.646992e+002
6.773753e+002, 3.648976e+002
6.778574e+002, 3.646501e+002
6.783395e+002, 3.639279e+002
6.788217e+002, 3.635175e+002
6.793038e+002, 3.638570e+002
6.797859e+002, 3.639521e+002
6.802680e+002, 3.635441e+002
6.807501e+002, 3.628905e+002
6.812322e+002, 3.622500e+002
6.817144e+002, 3.616317e+002
6.821965e+002, 3.608010e+002
6.826786e+002, 3.592084e+002
6.831607e+002, 3.575968e+002
6.836428e+002, 3.576304e+002
6.841249e+002, 3.590493e+002
6.846071e+002, 3.595101e+002
6.850892e+002, 3.581550e+002
6.855713e+002, 3.561431e+002
6.860534e+002, 3.546492e+002
6.865355e+002, 3.536808e+002
6.870176e+002, 3.533296e+002
6.874998e+002, 3.543286e+002
6.879819e+002, 3.549617e+002
6.884640e+002, 3.546347e+002
6.889461e+002, 3.538388e+002
6.894282e+002, 3.528991e+002
6.899103e+002, 3.519787e+002
6.903925e+002, 3.513567e+002
6.908746e+002, 3.513217e+002
6.913567e+002, 3.516617e+002
6.918388e+002, 3.519735e+002
6.923209e+002, 3.522718e+002
6.928030e+002, 3.522104e+002
6.932852e+002, 3.516978e+002
6.937673e+002, 3.507878e+002
6.942494e+002, 3.492047e+002
6.947315e+002, 3.470561e+002
6.952136e+002, 3.459337e+002
6.956957e+002, 3.469795e+002
6.961779e+002, 3.477414e+002
6.966600e+002, 3.471072e+002
6.971421e+002, 3.459128e+002
6.976242e+002, 3.448620e+002
6.981063e+002, 3.442016e+002
6.985884e+002, 3.442328e+002
6.990706e+002, 3.453535e+002
6.995527e+002, 3.470346e+002
7.000348e+002, 3.476829e+002
7.005169e+002, 3.471298e+002
7.009990e+002, 3.466237e+002
7.014811e+002, 3.465287e+002
7.019633e+002, 3.463687e+002
7.024454e+002, 3.456313e+002
7.029275e+002, 3.444814e+002
7.034096e+002, 3.434293e+002
7.038917e+002, 3.423048e+002
7.043738e+002, 3.416138e+002
7.048560e+002, 3.418150e+002
7.053381e+002, 3.424142e+002
7.058202e+002, 3.429296e+002
7.063023e+002, 3.432451e+002
7.067844e+002, 3.432922e+002
7.072665e+002, 3.429886e+002
7.077487e+002, 3.425108e+002
7.082308e+002, 3.424834e+002
7.087129e+002, 3.431600e+002
7.091950e+002, 3.430398e+002
7.096771e+002, 3.413695e+002
7.101592e+002, 3.396332e+002
7.106414e+002, 3.389291e+002
7.111235e+002, 3.388279e+002
7.116056e+002, 3.384238e+002
7.120877e+002, 3.375106e+002
7.125698e+002, 3.364252e+002
7.130519e+002, 3.351825e+002
7.135341e+002, 3.339567e+002
7.140162e+002, 3.329173e+002
7.144983e+002, 3.320986e+002
7.149804e+002, 3.316212e+002
7.154625e+002, 3.316002e+002
7.159446e+002, 3.315947e+002
7.164268e+002, 3.304296e+002
7.169089e+002, 3.275686e+002
7.173910e+002, 3.259924e+002
7.178731e+002, 3.265691e+002
7.183552e+002, 3.273600e+002
7.188373e+002, 3.275179e+002
7.193195e+002, 3.272942e+002
7.198016e+002, 3.270587e+002
7.202837e+002, 3.268929e+002
7.207658e+002, 3.265357e+002
7.212479e+002, 3.256134e+002
7.217300e+002, 3.246135e+002
7.222122e+002, 3.241038e+002
7.226943e+002, 3.240045e+002
7.231764e+002, 3.239139e+002
7.236585e+002, 3.236571e+002
7.241406e+002, 3.233612e+002
7.246227e+002, 3.232304e+002
7.251049e+002, 3.232842e+002
7.255870e+002, 3.233141e+002
7.260691e+002, 3.233719e+002
7.265512e+002, 3.233177e+002
7.270333e+002, 3.230617e+002
7.275154e+002, 3.226998e+002
7.279976e+002, 3.222300e+002
7.284797e+002, 3.216674e+002
7.289618e+002, 3.213856e+002
7.294439e+002, 3.218079e+002
7.299260e+002, 3.223493e+002
7.304081e+002, 3.224244e+002
7.308903e+002, 3.222032e+002
7.313724e+002, 3.222152e+002
7.318545e+002, 3.225872e+002
7.323366e+002, 3.227931e+002
7.328187e+002, 3.222163e+002
7.333008e+002, 3.209418e+002
7.337830e+002, 3.200131e+002
7.342651e+002, 3.196812e+002
7.347472e+002, 3.191536e+002
7.352293e+002, 3.178460e+002
7.357114e+002, 3.166279e+002
7.361935e+002, 3.162071e+002
7.366757e+002, 3.164535e+002
7.371578e+002, 3.166859e+002
7.376399e+002, 3.167260e+002
7.381220e+002, 3.166570e+002
7.386041e+002, 3.166119e+002
7.390862e+002, 3.164623e+002
7.395684e+002, 3.158866e+002
7.400505e+002, 3.149153e+002
7.405326e+002, 3.140128e+002
7.410147e+002, 3.135167e+002
7.414968e+002, 3.133278e+002
7.419789e+002, 3.131542e+002
7.424611e+002, 3.129935e+002
7.429432e+002, 3.128539e+002
7.434253e+002, 3.127358e+002
7.439074e+002, 3.126401e+002
7.443895e+002, 3.126187e+002
7.448716e+002, 3.126057e+002
7.453538e+002, 3.124491e+002
7.458359e+002, 3.120531e+002
7.463180e+002, 3.117534e+002
7.468001e+002, 3.117909e+002
7.472822e+002, 3.119354e+002
7.477643e+002, 3.120517e+002
7.482465e+002, 3.120623e+002
7.487286e+002, 3.116976e+002
7.492107e+002, 3.108351e+002
7.496928e+002, 3.100006e+002
7.501749e+002, 3.102141e+002
7.506570e+002, 3.115769e+002
7.511392e+002, 3.116858e+002
7.516213e+002, 3.098680e+002
7.521034e+002, 3.083467e+002
7.525855e+002, 3.082291e+002
7.530676e+002, 3.086992e+002
7.535497e+002, 3.087659e+002
7.540319e+002, 3.084030e+002
7.545140e+002, 3.080829e+002
7.549961e+002, 3.078426e+002
7.554782e+002, 3.077517e+002
7.559603e+002, 3.081710e+002
7.564424e+002, 3.086367e+002
7.569246e+002, 3.082731e+002
7.574067e+002, 3.070141e+002
7.578888e+002, 3.057797e+002
7.583709e+002, 3.053988e+002
7.588530e+002, 3.055920e+002
7.593351e+002, 3.053688e+002
7.598173e+002, 3.046625e+002
7.602994e+002, 3.041104e+002
7.607815e+002, 3.038205e+002
7.612636e+002, 3.037785e+002
7.617457e+002, 3.041636e+002
7.622278e+002, 3.048229e+002
7.627100e+002, 3.050144e+002
7.631921e+002, 3.043393e+002
7.636742e+002, 3.037957e+002
7.641563e+002, 3.036833e+002
7.646384e+002, 3.037371e+002
7.651205e+002, 3.037598e+002
7.656027e+002, 3.037572e+002
7.660848e+002, 3.038306e+002
7.665669e+002, 3.040327e+002
7.670490e+002, 3.042448e+002
7.675311e+002, 3.043836e+002
7.680132e+002, 3.044123e+002
7.684954e+002, 3.041068e+002
7.689775e+002, 3.034350e+002
7.694596e+002, 3.025111e+002
7.699417e+002, 3.012089e+002
7.704238e+002, 2.999397e+002
7.709059e+002, 2.994710e+002
7.713881e+002, 3.000439e+002
7.718702e+002, 3.004853e+002
7.723523e+002, 3.008419e+002
7.728344e+002, 3.010178e+002
7.733165e+002, 3.008641e+002
7.737986e+002, 3.005779e+002
7.742808e+002, 3.003059e+002
7.747629e+002, 3.001101e+002
7.752450e+002, 3.001255e+002
7.757271e+002, 3.007005e+002
7.762092e+002, 3.012888e+002
7.766913e+002, 3.008475e+002
7.771735e+002, 2.996648e+002
7.776556e+002, 2.989602e+002
7.781377e+002, 2.990190e+002
7.786198e+002, 2.993893e+002
7.791019e+002, 2.997508e+002
7.795840e+002, 3.000518e+002
7.800662e+002, 3.000088e+002
7.805483e+002, 2.994234e+002
7.810304e+002, 2.988648e+002
7.815125e+002, 2.984483e+002
7.819946e+002, 2.979847e+002
7.824767e+002, 2.972038e+002
7.829589e+002, 2.963521e+002
7.834410e+002, 2.959749e+002
7.839231e+002, 2.963151e+002
7.844052e+002, 2.965540e+002
7.848873e+002, 2.961204e+002
7.853694e+002, 2.953705e+002
7.858516e+002, 2.946063e+002
7.863337e+002, 2.939200e+002
7.868158e+002, 2.935300e+002
7.872979e+002, 2.935205e+002
7.877800e+002, 2.936519e+002
7.882621e+002, 2.936049e+002
7.887443e+002, 2.933885e+002
7.892264e+002, 2.931942e+002
7.897085e+002, 2.928524e+002
7.901906e+002, 2.930414e+002
7.906727e+002, 2.943899e+002
7.911548e+002, 2.959400e+002
7.916370e+002, 2.967745e+002
7.921191e+002, 2.969583e+002
7.926012e+002, 2.968777e+002
7.930833e+002, 2.965014e+002
7.935654e+002, 2.959773e+002
7.940475e+002, 2.952184e+002
7.945297e+002, 2.944375e+002
7.950118e+002, 2.938548e+002
7.954939e+002, 2.934605e+002
7.959760e+002, 2.931415e+002
7.964581e+002, 2.928485e+002
7.969402e+002, 2.925091e+002
7.974224e+002, 2.919506e+002
7.979045e+002, 2.912212e+002
7.983866e+002, 2.906718e+002
7.988687e+002, 2.903410e+002
7.993508e+002, 2.900903e+002
7.998329e+002, 2.898173e+002
8.003151e+002, 2.896412e+002
8.007972e+002, 2.898665e+002
8.012793e+002, 2.907708e+002
8.017614e+002, 2.909688e+002
8.022435e+002, 2.895730e+002
8.027256e+002, 2.886294e+002
8.032078e+002, 2.890667e+002
8.036899e+002, 2.900319e+002
8.041720e+002, 2.906075e+002
8.046541e+002, 2.907409e+002
8.051362e+002, 2.910328e+002
8.056183e+002, 2.921194e+002
8.061005e+002, 2.931379e+002
8.065826e+002, 2.928586e+002
8.070647e+002, 2.918929e+002
8.075468e+002, 2.916342e+002
8.080289e+002, 2.922954e+002
8.085110e+002, 2.933643e+002
8.089932e+002, 2.945501e+002
8.094753e+002, 2.956618e+002
8.099574e+002, 2.961676e+002
8.104395e+002, 2.959585e+002
8.109216e+002, 2.956348e+002
8.114037e+002, 2.952222e+002
8.118859e+002, 2.947038e+002
8.123680e+002, 2.941150e+002
8.128501e+002, 2.933902e+002
8.133322e+002, 2.923721e+002
8.138143e+002, 2.909995e+002
8.142964e+002, 2.897512e+002
8.147786e+002, 2.887939e+002
8.152607e+002, 2.879215e+002
8.157428e+002, 2.869746e+002
8.162249e+002, 2.860584e+002
8.167070e+002, 2.853954e+002
8.171891e+002, 2.849791e+002
8.176713e+002, 2.845229e+002
8.181534e+002, 2.837938e+002
8.186355e+002, 2.829175e+002
8.191176e+002, 2.820003e+002
8.195997e+002, 2.811007e+002
8.200818e+002, 2.808365e+002
8.205640e+002, 2.813985e+002
8.210461e+002, 2.818277e+002
8.215282e+002, 2.813996e+002
8.220103e+002, 2.803963e+002
8.224924e+002, 2.796946e+002
8.229745e+002, 2.795430e+002
8.234567e+002, 2.791251e+002
8.239388e+002, 2.784951e+002
8.244209e+002, 2.775392e+002
8.249030e+002, 2.757585e+002
8.253851e+002, 2.738620e+002
8.258672e+002, 2.728097e+002
8.263494e+002, 2.727249e+002
8.268315e+002, 2.728332e+002
8.273136e+002, 2.728097e+002
8.277957e+002, 2.728009e+002
8.282778e+002, 2.730678e+002
8.287599e+002, 2.733951e+002
8.292421e+002, 2.733753e+002
8.297242e+002, 2.729475e+002
8.302063e+002, 2.723214e+002
8.306884e+002, 2.716386e+002
8.311705e+002, 2.709064e+002
8.316526e+002, 2.700417e+002
8.321348e+002, 2.690284e+002
8.326169e+002, 2.685096e+002
8.330990e+002, 2.686902e+002
8.335811e+002, 2.689306e+002
8.340632e+002, 2.687949e+002
8.345453e+002, 2.685129e+002
8.350275e+002, 2.686534e+002
8.355096e+002, 2.695230e+002
8.359917e+002, 2.698699e+002
8.364738e+002, 2.693138e+002
8.369559e+002, 2.686730e+002
8.374380e+002, 2.680644e+002
8.379202e+002, 2.676417e+002
8.384023e+002, 2.676652e+002
8.388844e+002, 2.680880e+002
8.393665e+002, 2.684369e+002
8.398486e+002, 2.685417e+002
8.403307e+002, 2.683627e+002
8.408129e+002, 2.674410e+002
8.412950e+002, 2.663386e+002
8.417771e+002, 2.663848e+002
8.422592e+002, 2.676122e+002
8.427413e+002, 2.688457e+002
8.432234e+002, 2.693293e+002
8.437056e+002, 2.694425e+002
8.441877e+002, 2.700360e+002
8.446698e+002, 2.711828e+002
8.451519e+002, 2.717672e+002
8.456340e+002, 2.714649e+002
8.461161e+002, 2.714389e+002
8.465983e+002, 2.723349e+002
8.470804e+002, 2.736053e+002
8.475625e+002, 2.744449e+002
8.480446e+002, 2.748143e+002
8.485267e+002, 2.754496e+002
8.490089e+002, 2.764964e+002
8.494910e+002, 2.776578e+002
8.499731e+002, 2.789225e+002
8.504552e+002, 2.802165e+002
8.509373e+002, 2.815102e+002
8.514194e+002, 2.827782e+002
8.519016e+002, 2.839747e+002
8.523837e+002, 2.850936e+002
8.528658e+002, 2.861161e+002
8.533479e+002, 2.871375e+002
8.538300e+002, 2.880118e+002
8.543121e+002, 2.883116e+002
8.547943e+002, 2.881615e+002
8.552764e+002, 2.882994e+002
8.557585e+002, 2.890457e+002
8.562406e+002, 2.898849e+002
8.567227e+002, 2.901408e+002
8.572048e+002, 2.898491e+002
8.576870e+002, 2.894596e+002
8.581691e+002, 2.889223e+002
8.586512e+002, 2.885219e+002
8.591333e+002, 2.885034e+002
8.596154e+002, 2.883629e+002
8.600975e+002, 2.876229e+002
8.605797e+002, 2.863607e+002
8.610618e+002, 2.850546e+002
8.615439e+002, 2.839184e+002
8.620260e+002, 2.823913e+002
8.625081e+002, 2.798651e+002
8.629902e+002, 2.774808e+002
8.634724e+002, 2.763477e+002
8.639545e+002, 2.756542e+002
8.644366e+002, 2.737871e+002
8.649187e+002, 2.703894e+002
8.654008e+002, 2.673595e+002
8.658829e+002, 2.662856e+002
8.663651e+002, 2.659544e+002
8.668472e+002, 2.651557e+002
8.673293e+002, 2.639279e+002
8.678114e+002, 2.622173e+002
8.682935e+002, 2.601201e+002
8.687756e+002, 2.583465e+002
8.692578e+002, 2.574828e+002
8.697399e+002, 2.571677e+002
8.702220e+002, 2.564681e+002
8.707041e+002, 2.553535e+002
8.711862e+002, 2.545595e+002
8.716683e+002, 2.542564e+002
8.721505e+002, 2.538330e+002
8.726326e+002, 2.527918e+002
8.731147e+002, 2.516725e+002
8.735968e+002, 2.515107e+002
8.740789e+002, 2.526339e+002
8.745610e+002, 2.529317e+002
8.750432e+002, 2.518244e+002
8.755253e+002, 2.506964e+002
8.760074e+002, 2.497709e+002
8.764895e+002, 2.490193e+002
8.769716e+002, 2.485482e+002
8.774537e+002, 2.482267e+002
8.779359e+002, 2.475929e+002
8.784180e+002, 2.463359e+002
8.789001e+002, 2.451250e+002
8.793822e+002, 2.442597e+002
8.798643e+002, 2.437344e+002
8.803464e+002, 2.437839e+002
8.808286e+002, 2.441421e+002
8.813107e+002, 2.440577e+002
8.817928e+002, 2.432905e+002
8.822749e+002, 2.424672e+002
8.827570e+002, 2.423313e+002
8.832391e+002, 2.426400e+002
8.837213e+002, 2.423981e+002
8.842034e+002, 2.416839e+002
8.846855e+002, 2.421912e+002
8.851676e+002, 2.445448e+002
8.856497e+002, 2.464300e+002
8.861318e+002, 2.459230e+002
8.866140e+002, 2.436971e+002
8.870961e+002, 2.420199e+002
8.875782e+002, 2.410583e+002
8.880603e+002, 2.402079e+002
8.885424e+002, 2.393690e+002
8.890245e+002, 2.387766e+002
8.895067e+002, 2.387819e+002
8.899888e+002, 2.389232e+002
8.904709e+002, 2.385269e+002
8.909530e+002, 2.375775e+002
8.914351e+002, 2.371054e+002
8.919172e+002, 2.378203e+002
8.923994e+002, 2.384262e+002
8.928815e+002, 2.383312e+002
8.933636e+002, 2.379306e+002
8.938457e+002, 2.375817e+002
8.943278e+002, 2.372956e+002
8.948099e+002, 2.369112e+002
8.952921e+002, 2.363385e+002
8.957742e+002, 2.358444e+002
8.962563e+002, 2.358372e+002
8.967384e+002, 2.359978e+002
8.972205e+002, 2.356315e+002
8.977026e+002, 2.349022e+002
8.981848e+002, 2.345861e+002
8.986669e+002, 2.349135e+002
8.991490e+002, 2.354861e+002
8.996311e+002, 2.360015e+002
9.001132e+002, 2.363406e+002
9.005953e+002, 2.358516e+002
9.010775e+002, 2.344080e+002
9.015596e+002, 2.336526e+002
9.020417e+002, 2.339727e+002
9.025238e+002, 2.344786e+002
9.030059e+002, 2.347105e+002
9.034880e+002, 2.347182e+002
9.039702e+002, 2.345553e+002
9.044523e+002, 2.340918e+002
9.049344e+002, 2.339797e+002
9.054165e+002, 2.346877e+002
9.058986e+002, 2.351357e+002
9.063807e+002, 2.348520e+002
9.068629e+002, 2.343978e+002
9.073450e+002, 2.342946e+002
9.078271e+002, 2.344709e+002
9.083092e+002, 2.345199e+002
9.087913e+002, 2.343479e+002
9.092734e+002, 2.340152e+002
9.097556e+002, 2.333346e+002
9.102377e+002, 2.326903e+002
9.107198e+002, 2.325281e+002
9.112019e+002, 2.326418e+002
9.116840e+002, 2.325236e+002
9.121661e+002, 2.320560e+002
9.126483e+002, 2.316986e+002
9.131304e+002, 2.320666e+002
9.136125e+002, 2.325717e+002
9.140946e+002, 2.320431e+002
9.145767e+002, 2.308408e+002
9.150588e+002, 2.300885e+002
9.155410e+002, 2.299755e+002
9.160231e+002, 2.302969e+002
9.165052e+002, 2.309707e+002
9.169873e+002, 2.317337e+002
9.174694e+002, 2.321019e+002
9.179515e+002, 2.320698e+002
9.184337e+002, 2.316714e+002
9.189158e+002, 2.307456e+002
9.193979e+002, 2.302269e+002
9.198800e+002, 2.305602e+002
9.203621e+002, 2.311769e+002
9.208442e+002, 2.315343e+002
9.213264e+002, 2.316383e+002
9.218085e+002, 2.315387e+002
9.222906e+002, 2.311250e+002
9.227727e+002, 2.306864e+002
9.232548e+002, 2.299379e+002
9.237369e+002, 2.294922e+002
9.242191e+002, 2.299016e+002
9.247012e+002, 2.306799e+002
9.251833e+002, 2.310939e+002
9.256654e+002, 2.310505e+002
9.261475e+002, 2.309303e+002
9.266296e+002, 2.308215e+002
9.271118e+002, 2.306913e+002
9.275939e+002, 2.304129e+002
9.280760e+002, 2.301809e+002
9.285581e+002, 2.302584e+002
9.290402e+002, 2.305867e+002
9.295223e+002, 2.309056e+002
9.300045e+002, 2.311069e+002
9.304866e+002, 2.312347e+002
9.309687e+002, 2.311699e+002
9.314508e+002, 2.311530e+002
9.319329e+002, 2.317486e+002
9.324150e+002, 2.327221e+002
9.328972e+002, 2.332711e+002
9.333793e+002, 2.331964e+002
9.338614e+002, 2.329433e+002
9.343435e+002, 2.328878e+002
9.348256e+002, 2.329443e+002
9.353077e+002, 2.328590e+002
9.357899e+002, 2.326540e+002
9.362720e+002, 2.327125e+002
9.367541e+002, 2.331082e+002
9.372362e+002, 2.333348e+002
9.377183e+002, 2.330758e+002
9.382004e+002, 2.327396e+002
9.386826e+002, 2.329804e+002
9.391647e+002, 2.338171e+002
9.396468e+002, 2.343949e+002
9.401289e+002, 2.346615e+002
9.406110e+002, 2.347872e+002
9.410931e+002, 2.347053e+002
9.415753e+002, 2.346164e+002
9.420574e+002, 2.346880e+002
9.425395e+002, 2.348549e+002
9.430216e+002, 2.349481e+002
9.435037e+002, 2.349777e+002
9.439858e+002, 2.349050e+002
9.444680e+002, 2.345012e+002
9.449501e+002, 2.342716e+002
9.454322e+002, 2.346774e+002
9.459143e+002, 2.351551e+002
9.463964e+002, 2.349751e+002
9.468785e+002, 2.342718e+002
9.473607e+002, 2.339015e+002
9.478428e+002, 2.341641e+002
9.483249e+002, 2.347648e+002
9.488070e+002, 2.360040e+002
9.492891e+002, 2.371118e+002
9.497712e+002, 2.370903e+002
9.502534e+002, 2.364417e+002
9.507355e+002, 2.362227e+002
9.512176e+002, 2.366987e+002
9.516997e+002, 2.373951e+002
9.521818e+002, 2.380026e+002
9.526639e+002, 2.385714e+002
9.531461e+002, 2.392211e+002
9.536282e+002, 2.398684e+002
9.541103e+002, 2.401987e+002
9.545924e+002, 2.402687e+002
9.550745e+002, 2.406620e+002
9.555566e+002, 2.416801e+002
9.560388e+002, 2.427232e+002
9.565209e+002, 2.427707e+002
9.570030e+002, 2.421509e+002
9.574851e+002, 2.427309e+002
9.579672e+002, 2.445054e+002
9.584493e+002, 2.457940e+002
9.589315e+002, 2.461522e+002
9.594136e+002, 2.465740e+002
9.598957e+002, 2.478365e+002
9.603778e+002, 2.495955e+002
9.608599e+002, 2.509706e+002
9.613420e+002, 2.518919e+002
9.618242e+002, 2.527240e+002
9.623063e+002, 2.533316e+002
9.627884e+002, 2.541665e+002
9.632705e+002, 2.553332e+002
9.637526e+002, 2.568447e+002
9.642347e+002, 2.588925e+002
9.647169e+002, 2.613506e+002
9.651990e+002, 2.633202e+002
9.656811e+002, 2.639902e+002
9.661632e+002, 2.654166e+002
9.666453e+002, 2.682515e+002
9.671274e+002, 2.710947e+002
9.676096e+002, 2.731469e+002
9.680917e+002, 2.750182e+002
9.685738e+002, 2.773676e+002
9.690559e+002, 2.802752e+002
9.695380e+002, 2.837939e+002
9.700201e+002, 2.882171e+002
9.705023e+002, 2.929200e+002
9.709844e+002, 2.975828e+002
9.714665e+002, 3.025411e+002
9.719486e+002, 3.077289e+002
9.724307e+002, 3.135829e+002
9.729128e+002, 3.208427e+002
9.733950e+002, 3.297049e+002
9.738771e+002, 3.398996e+002
9.743592e+002, 3.514317e+002
9.748413e+002, 3.642009e+002
9.753234e+002, 3.782176e+002
9.758055e+002, 3.933966e+002
9.762877e+002, 4.099705e+002
9.767698e+002, 4.276102e+002
9.772519e+002, 4.452706e+002
9.777340e+002, 4.624558e+002
9.782161e+002, 4.798049e+002
9.786982e+002, 4.968153e+002
9.791804e+002, 5.149948e+002
9.796625e+002, 5.365125e+002
9.801446e+002, 5.615510e+002
9.806267e+002, 5.905637e+002
9.811088e+002, 6.236651e+002
9.815909e+002, 6.616911e+002
9.820731e+002, 7.052234e+002
9.825552e+002, 7.541713e+002
9.830373e+002, 8.085031e+002
9.835194e+002, 8.683447e+002
9.840015e+002, 9.360572e+002
9.844836e+002, 1.011909e+003
9.849658e+002, 1.092402e+003
9.854479e+002, 1.177748e+003
9.859300e+002, 1.257173e+003
9.864121e+002, 1.322926e+003
9.868942e+002, 1.371496e+003
9.873763e+002, 1.389937e+003
9.878585e+002, 1.378099e+003
9.883406e+002, 1.334066e+003
9.888227e+002, 1.252174e+003
9.893048e+002, 1.155501e+003
9.897869e+002, 1.048626e+003
9.902690e+002, 9.407314e+002
9.907512e+002, 8.420430e+002
9.912333e+002, 7.526014e+002
9.917154e+002, 6.753503e+002
9.921975e+002, 6.116908e+002
9.926796e+002, 5.572234e+002
9.931617e+002, 5.131377e+002
9.936439e+002, 4.763080e+002
9.941260e+002, 4.465335e+002
9.946081e+002, 4.221837e+002
9.950902e+002, 4.009897e+002
9.955723e+002, 3.829680e+002
9.960544e+002, 3.675155e+002
9.965366e+002, 3.554174e+002
9.970187e+002, 3.446231e+002
9.975008e+002, 3.348488e+002
9.979829e+002, 3.262421e+002
9.984650e+002, 3.189354e+002
9.989471e+002, 3.127760e+002
9.994293e+002, 3.077953e+002
9.999114e+002, 3.040235e+002
1.000393e+003, 3.003932e+002
1.000876e+003, 2.965255e+002
1.001358e+003, 2.928733e+002
1.001840e+003, 2.896761e+002
1.002322e+003, 2.867757e+002
1.002804e+003, 2.839460e+002
1.003286e+003, 2.813042e+002
1.003768e+003, 2.790838e+002
1.004250e+003, 2.773562e+002
1.004733e+003, 2.761114e+002
1.005215e+003, 2.758611e+002
1.005697e+003, 2.755500e+002
1.006179e+003, 2.742240e+002
1.006661e+003, 2.724747e+002
1.007143e+003, 2.708715e+002
1.007625e+003, 2.696190e+002
1.008107e+003, 2.690849e+002
1.008589e+003, 2.695005e+002
1.009072e+003, 2.696371e+002
1.009554e+003, 2.679904e+002
1.010036e+003, 2.658946e+002
1.010518e+003, 2.649831e+002
1.011000e+003, 2.648406e+002
1.011482e+003, 2.646592e+002
1.011964e+003, 2.642543e+002
1.012446e+003, 2.635863e+002
1.012929e+003, 2.625845e+002
1.013411e+003, 2.617408e+002
1.013893e+003, 2.618398e+002
1.014375e+003, 2.624233e+002
1.014857e+003, 2.624443e+002
1.015339e+003, 2.621093e+002
1.015821e+003, 2.623727e+002
1.016303e+003, 2.633500e+002
1.016785e+003, 2.641260e+002
1.017268e+003, 2.640792e+002
1.017750e+003, 2.634871e+002
1.018232e+003, 2.626343e+002
1.018714e+003, 2.616280e+002
1.019196e+003, 2.608447e+002
1.019678e+003, 2.603155e+002
1.020160e+003, 2.602681e+002
1.020642e+003, 2.607589e+002
1.021125e+003, 2.611678e+002
1.021607e+003, 2.609731e+002
1.022089e+003, 2.604572e+002
1.022571e+003, 2.603105e+002
1.023053e+003, 2.605011e+002
1.023535e+003, 2.603847e+002
1.024017e+003, 2.599213e+002
1.024499e+003, 2.595757e+002
1.024981e+003, 2.594821e+002
1.025464e+003, 2.596672e+002
1.025946e+003, 2.602357e+002
1.026428e+003, 2.609575e+002
1.026910e+003, 2.610222e+002
1.027392e+003, 2.603322e+002
1.027874e+003, 2.598650e+002
1.028356e+003, 2.595869e+002
1.028838e+003, 2.598901e+002
1.029321e+003, 2.610085e+002
1.029803e+003, 2.625113e+002
1.030285e+003, 2.641354e+002
1.030767e+003, 2.657042e+002
1.031249e+003, 2.663786e+002
1.031731e+003, 2.659297e+002
1.032213e+003, 2.654148e+002
1.032695e+003, 2.647036e+002
1.033177e+003, 2.643228e+002
1.033660e+003, 2.644316e+002
1.034142e+003, 2.650235e+002
1.034624e+003, 2.662405e+002
1.035106e+003, 2.679391e+002
1.035588e+003, 2.691713e+002
1.036070e+003, 2.698117e+002
1.036552e+003, 2.702834e+002
1.037034e+003, 2.705706e+002
1.037516e+003, 2.707177e+002
1.037999e+003, 2.705480e+002
1.038481e+003, 2.704496e+002
1.038963e+003, 2.709419e+002
1.039445e+003, 2.719216e+002
1.039927e+003, 2.725837e+002
1.040409e+003, 2.728418e+002
1.040891e+003, 2.729340e+002
1.041373e+003, 2.726393e+002
1.041855e+003, 2.724643e+002
1.042338e+003, 2.723315e+002
1.042820e+003, 2.725993e+002
1.043302e+003, 2.741330e+002
1.043784e+003, 2.766235e+002
1.044266e+003, 2.777174e+002
1.044748e+003, 2.762628e+002
1.045230e+003, 2.752352e+002
1.045712e+003, 2.749322e+002
1.046195e+003, 2.749065e+002
1.046677e+003, 2.748293e+002
1.047159e+003, 2.750478e+002
1.047641e+003, 2.762180e+002
1.048123e+003, 2.781416e+002
1.048605e+003, 2.794473e+002
1.049087e+003, 2.797063e+002
1.049569e+003, 2.798658e+002
1.050052e+003, 2.799108e+002
1.050534e+003, 2.800529e+002
1.051016e+003, 2.804318e+002
1.051498e+003, 2.809254e+002
1.051980e+003, 2.813717e+002
1.052462e+003, 2.817907e+002
1.052944e+003, 2.823553e+002
1.053426e+003, 2.830609e+002
1.053908e+003, 2.839864e+002
1.054391e+003, 2.853441e+002
1.054873e+003, 2.866953e+002
1.055355e+003, 2.877872e+002
1.055837e+003, 2.887787e+002
1.056319e+003, 2.898488e+002
1.056801e+003, 2.910079e+002
1.057283e+003, 2.922166e+002
1.057765e+003, 2.934795e+002
1.058248e+003, 2.947460e+002
1.058730e+003, 2.962701e+002
1.059212e+003, 2.974976e+002
1.059694e+003, 2.978013e+002
1.060176e+003, 2.978653e+002
1.060658e+003, 2.984546e+002
1.061140e+003, 2.995699e+002
1.061622e+003, 3.008741e+002
1.062104e+003, 3.024532e+002
1.062587e+003, 3.036979e+002
1.063069e+003, 3.041225e+002
1.063551e+003, 3.044448e+002
1.064033e+003, 3.049498e+002
1.064515e+003, 3.056739e+002
1.064997e+003, 3.069145e+002
1.065479e+003, 3.083979e+002
1.065961e+003, 3.090968e+002
1.066443e+003, 3.084140e+002
1.066926e+003, 3.080178e+002
1.067408e+003, 3.087932e+002
1.067890e+003, 3.098136e+002
1.068372e+003, 3.106526e+002
1.068854e+003, 3.113450e+002
1.069336e+003, 3.118860e+002
1.069818e+003, 3.123517e+002
1.070300e+003, 3.130095e+002
1.070782e+003, 3.140449e+002
1.071265e+003, 3.147412e+002
1.071747e+003, 3.144721e+002
1.072229e+003, 3.141351e+002
1.072711e+003, 3.142544e+002
1.073193e+003, 3.146055e+002
1.073675e+003, 3.150854e+002
1.074157e+003, 3.155368e+002
1.074639e+003, 3.155424e+002
1.075122e+003, 3.148884e+002
1.075604e+003, 3.145703e+002
1.076086e+003, 3.152982e+002
1.076568e+003, 3.161920e+002
1.077050e+003, 3.166646e+002
1.077532e+003, 3.171015e+002
1.078014e+003, 3.181006e+002
1.078496e+003, 3.193813e+002
1.078979e+003, 3.200031e+002
1.079461e+003, 3.196673e+002
1.079943e+003, 3.198622e+002
1.080425e+003, 3.216479e+002
1.080907e+003, 3.236746e+002
1.081389e+003, 3.251621e+002
1.081871e+003, 3.265620e+002
1.082353e+003, 3.285310e+002
1.082835e+003, 3.307056e+002
1.083318e+003, 3.322313e+002
1.083800e+003, 3.329186e+002
1.084282e+003, 3.333544e+002
1.084764e+003, 3.334914e+002
1.085246e+003, 3.338224e+002
1.085728e+003, 3.346934e+002
1.086210e+003, 3.357725e+002
1.086692e+003, 3.364073e+002
1.087175e+003, 3.371876e+002
1.087657e+003, 3.394845e+002
1.088139e+003, 3.433990e+002
1.088621e+003, 3.467903e+002
1.089103e+003, 3.486943e+002
1.089585e+003, 3.500648e+002
1.090067e+003, 3.508399e+002
1.090549e+003, 3.517044e+002
1.091031e+003, 3.533290e+002
1.091514e+003, 3.553091e+002
1.091996e+003, 3.567766e+002
1.092478e+003, 3.577814e+002
1.092960e+003, 3.596402e+002
1.093442e+003, 3.635414e+002
1.093924e+003, 3.669457e+002
1.094406e+003, 3.688062e+002
1.094888e+003, 3.700087e+002
1.095370e+003, 3.708574e+002
1.095853e+003, 3.715814e+002
1.096335e+003, 3.723946e+002
1.096817e+003, 3.733150e+002
1.097299e+003, 3.742256e+002
1.097781e+003, 3.749307e+002
1.098263e+003, 3.760638e+002
1.098745e+003, 3.781482e+002
1.099227e+003, 3.803371e+002
1.099709e+003, 3.823700e+002
1.100192e+003, 3.841470e+002
1.100674e+003, 3.854536e+002
1.101156e+003, 3.864298e+002
1.101638e+003, 3.875192e+002
1.102120e+003, 3.888098e+002
1.102602e+003, 3.901930e+002
1.103084e+003, 3.916419e+002
1.103566e+003, 3.931758e+002
1.104049e+003, 3.951205e+002
1.104531e+003, 3.968666e+002
1.105013e+003, 3.977509e+002
1.105495e+003, 3.980677e+002
1.105977e+003, 3.983825e+002
1.106459e+003, 3.985988e+002
1.106941e+003, 3.999588e+002
1.107423e+003, 4.036329e+002
1.107906e+003, 4.071342e+002
1.108388e+003, 4.100701e+002
1.108870e+003, 4.123513e+002
1.109352e+003, 4.135996e+002
1.109834e+003, 4.142916e+002
1.110316e+003, 4.153036e+002
1.110798e+003, 4.167316e+002
1.111280e+003, 4.176151e+002
1.111762e+003, 4.174659e+002
1.112245e+003, 4.174088e+002
1.112727e+003, 4.175698e+002
1.113209e+003, 4.178710e+002
1.113691e+003, 4.183045e+002
1.114173e+003, 4.188371e+002
1.114655e+003, 4.192115e+002
1.115137e+003, 4.195037e+002
1.115619e+003, 4.208484e+002
1.116102e+003, 4.241698e+002
1.116584e+003, 4.268990e+002
1.117066e+003, 4.289220e+002
1.117548e+003, 4.304618e+002
1.118030e+003, 4.316071e+002
1.118512e+003, 4.322639e+002
1.118994e+003, 4.320020e+002
1.119476e+003, 4.312272e+002
1.119958e+003, 4.316528e+002
1.120441e+003, 4.338198e+002
1.120923e+003, 4.354193e+002
1.121405e+003, 4.359962e+002
1.121887e+003, 4.370452e+002
1.122369e+003, 4.392497e+002
1.122851e+003, 4.414466e+002
1.123333e+003, 4.427188e+002
1.123815e+003, 4.434489e+002
1.124297e+003, 4.444547e+002
1.124780e+003, 4.457335e+002
1.125262e+003, 4.473578e+002
1.125744e+003, 4.495190e+002
1.126226e+003, 4.512258e+002
1.126708e+003, 4.521391e+002
1.127190e+003, 4.531244e+002
1.127672e+003, 4.546055e+002
1.128154e+003, 4.565681e+002
1.128636e+003, 4.591162e+002
1.129119e+003, 4.621143e+002
1.129601e+003, 4.642936e+002
1.130083e+003, 4.655650e+002
1.130565e+003, 4.671279e+002
1.131047e+003, 4.691199e+002
1.131529e+003, 4.711676e+002
1.132011e+003, 4.731248e+002
1.132493e+003, 4.749368e+002
1.132976e+003, 4.764507e+002
1.133458e+003, 4.779828e+002
1.133940e+003, 4.807511e+002
1.134422e+003, 4.845913e+002
1.134904e+003, 4.870110e+002
1.135386e+003, 4.880114e+002
1.135868e+003, 4.901706e+002
1.136350e+003, 4.941623e+002
1.136833e+003, 4.981382e+002
1.137315e+003, 5.007813e+002
1.137797e+003, 5.028448e+002
1.138279e+003, 5.055853e+002
1.138761e+003, 5.087965e+002
1.139243e+003, 5.117730e+002
1.139725e+003, 5.145491e+002
1.140207e+003, 5.173615e+002
1.140689e+003, 5.201990e+002
1.141172e+003, 5.225841e+002
1.141654e+003, 5.243082e+002
1.142136e+003, 5.261271e+002
1.142618e+003, 5.290259e+002
1.143100e+003, 5.323074e+002
1.143582e+003, 5.345858e+002
1.144064e+003, 5.364302e+002
1.144546e+003, 5.388449e+002
1.145029e+003, 5.419867e+002
1.145511e+003, 5.461320e+002
1.145993e+003, 5.512167e+002
1.146475e+003, 5.561818e+002
1.146957e+003, 5.604833e+002
1.147439e+003, 5.639352e+002
1.147921e+003, 5.656174e+002
1.148403e+003, 5.669643e+002
1.148885e+003, 5.698852e+002
1.149368e+003, 5.736531e+002
1.149850e+003, 5.765235e+002
1.150332e+003, 5.786561e+002
1.150814e+003, 5.820529e+002
1.151296e+003, 5.877069e+002
1.151778e+003, 5.934892e+002
1.152260e+003, 5.980316e+002
1.152742e+003, 6.023322e+002
1.153224e+003, 6.072579e+002
1.153707e+003, 6.122020e+002
1.154189e+003, 6.163860e+002
1.154671e+003, 6.200869e+002
1.155153e+003, 6.242177e+002
1.155635e+003, 6.289903e+002
1.156117e+003, 6.329625e+002
1.156599e+003, 6.347686e+002
1.157081e+003, 6.370150e+002
1.157563e+003, 6.407786e+002
1.158046e+003, 6.449315e+002
1.158528e+003, 6.487577e+002
1.159010e+003, 6.525446e+002
1.159492e+003, 6.570851e+002
1.159974e+003, 6.621636e+002
1.160456e+003, 6.659688e+002
1.160938e+003, 6.671541e+002
1.161420e+003, 6.693876e+002
1.161903e+003, 6.740225e+002
1.162385e+003, 6.779613e+002
1.162867e+003, 6.799003e+002
1.163349e+003, 6.813935e+002
1.163831e+003, 6.837117e+002
1.164313e+003, 6.864277e+002
1.164795e+003, 6.884057e+002
1.165277e+003, 6.894978e+002
1.165760e+003, 6.910863e+002
1.166242e+003, 6.930178e+002
1.166724e+003, 6.960290e+002
1.167206e+003, 7.004491e+002
1.167688e+003, 7.053068e+002
1.168170e+003, 7.102919e+002
1.168652e+003, 7.149215e+002
1.169134e+003, 7.185702e+002
1.169616e+003, 7.213012e+002
1.170099e+003, 7.230440e+002
1.170581e+003, 7.237778e+002
1.171063e+003, 7.256552e+002
1.171545e+003, 7.288163e+002
1.172027e+003, 7.332295e+002
1.172509e+003, 7.389349e+002
1.172991e+003, 7.448057e+002
1.173473e+003, 7.500117e+002
1.173956e+003, 7.547952e+002
1.174438e+003, 7.597328e+002
1.174920e+003, 7.645536e+002
1.175402e+003, 7.678205e+002
1.175884e+003, 7.701573e+002
1.176366e+003, 7.738943e+002
1.176848e+003, 7.792019e+002
1.177330e+003, 7.848118e+002
1.177813e+003, 7.901925e+002
1.178295e+003, 7.957136e+002
1.178777e+003, 8.016604e+002
1.179259e+003, 8.081122e+002
1.179741e+003, 8.155440e+002
1.180223e+003, 8.232590e+002
1.180705e+003, 8.308481e+002
1.181187e+003, 8.376328e+002
1.181669e+003, 8.418552e+002
1.182151e+003, 8.436824e+002
1.182634e+003, 8.454713e+002
1.183116e+003, 8.479436e+002
1.183598e+003, 8.517894e+002
1.184080e+003, 8.585865e+002
1.184562e+003, 8.655124e+002
1.185044e+003, 8.697696e+002
1.185526e+003, 8.739313e+002
1.186008e+003, 8.815931e+002
1.186490e+003, 8.912004e+002
1.186973e+003, 8.986937e+002
1.187455e+003, 9.033107e+002
1.187937e+003, 9.072210e+002
1.188419e+003, 9.096484e+002
1.188901e+003, 9.132261e+002
1.189383e+003, 9.198654e+002
1.189865e+003, 9.261520e+002
1.190347e+003, 9.300106e+002
1.190830e+003, 9.328998e+002
1.191312e+003, 9.364325e+002
1.191794e+003, 9.403613e+002
1.192276e+003, 9.434979e+002
1.192758e+003, 9.457988e+002
1.193240e+003, 9.473397e+002
1.193722e+003, 9.475351e+002
1.194204e+003, 9.487567e+002
1.194687e+003, 9.516821e+002
1.195169e+003, 9.553514e+002
1.195651e+003, 9.592716e+002
1.196133e+003, 9.633526e+002
1.196615e+003, 9.675942e+002
1.197097e+003, 9.718192e+002
1.197579e+003, 9.746110e+002
1.198061e+003, 9.761273e+002
1.198543e+003, 9.793210e+002
1.199026e+003, 9.843674e+002
1.199508e+003, 9.895395e+002
1.199990e+003, 9.942008e+002
1.200472e+003, 9.983417e+002
1.200954e+003, 1.001882e+003
1.201436e+003, 1.005019e+003
1.201918e+003, 1.007762e+003
1.202400e+003, 1.010504e+003
1.202883e+003, 1.013791e+003
1.203365e+003, 1.017796e+003
1.203847e+003, 1.023203e+003
1.204329e+003, 1.029664e+003
1.204811e+003, 1.036035e+003
1.205293e+003, 1.041839e+003
1.205775e+003, 1.046688e+003
1.206257e+003, 1.049519e+003
1.206740e+003, 1.052424e+003
1.207222e+003, 1.057176e+003
1.207704e+003, 1.062436e+003
1.208186e+003, 1.066744e+003
1.208668e+003, 1.070888e+003
1.209150e+003, 1.076495e+003
1.209632e+003, 1.083310e+003
1.210114e+003, 1.089350e+003
1.210596e+003, 1.094060e+003
1.211078e+003, 1.098314e+003
1.211561e+003, 1.101377e+003
1.212043e+003, 1.105319e+003
1.212525e+003, 1.111376e+003
1.213007e+003, 1.117854e+003
1.213489e+003, 1.123875e+003
1.213971e+003, 1.129475e+003
1.214453e+003, 1.134591e+003
1.214935e+003, 1.139249e+003
1.215417e+003, 1.144027e+003
1.215900e+003, 1.148858e+003
1.216382e+003, 1.154055e+003
1.216864e+003, 1.159684e+003
1.217346e+003, 1.165244e+003
1.217828e+003, 1.170506e+003
1.218310e+003, 1.176134e+003
1.218792e+003, 1.182780e+003
1.219274e+003, 1.189808e+003
1.219757e+003, 1.196265e+003
1.220239e+003, 1.202105e+003
1.220721e+003, 1.206838e+003
1.221203e+003, 1.210800e+003
1.221685e+003, 1.215521e+003
1.222167e+003, 1.221159e+003
1.222649e+003, 1.227289e+003
1.223131e+003, 1.233788e+003
1.223614e+003, 1.240867e+003
1.224096e+003, 1.248787e+003
1.224578e+003, 1.257058e+003
1.225060e+003, 1.265392e+003
1.225542e+003, 1.273547e+003
1.226024e+003, 1.281965e+003
1.226506e+003, 1.289493e+003
1.226988e+003, 1.294324e+003
1.227470e+003, 1.296619e+003
1.227953e+003, 1.296916e+003
1.228435e+003, 1.295221e+003
1.228917e+003, 1.295266e+003
1.229399e+003, 1.299131e+003
1.229881e+003, 1.304005e+003
1.230363e+003, 1.309890e+003
1.230845e+003, 1.315513e+003
1.231327e+003, 1.319496e+003
1.231810e+003, 1.323289e+003
1.232292e+003, 1.328968e+003
1.232774e+003, 1.335979e+003
1.233256e+003, 1.342026e+003
1.233738e+003, 1.346906e+003
1.234220e+003, 1.351543e+003
1.234702e+003, 1.355426e+003
1.235184e+003, 1.360914e+003
1.235667e+003, 1.369035e+003
1.236149e+003, 1.376365e+003
1.236631e+003, 1.381023e+003
1.237113e+003, 1.384470e+003
1.237595e+003, 1.388346e+003
1.238077e+003, 1.392602e+003
1.238559e+003, 1.397440e+003
1.239041e+003, 1.402595e+003
1.239523e+003, 1.406129e+003
1.240005e+003, 1.408610e+003
1.240488e+003, 1.413290e+003
1.240970e+003, 1.420461e+003
1.241452e+003, 1.427529e+003
1.241934e+003, 1.433267e+003
1.242416e+003, 1.438171e+003
1.242898e+003, 1.442225e+003
1.243380e+003, 1.446226e+003
1.243862e+003, 1.451016e+003
1.244344e+003, 1.456177e+003
1.244827e+003, 1.461009e+003
1.245309e+003, 1.466022e+003
1.245791e+003, 1.472271e+003
1.246273e+003, 1.479667e+003
1.246755e+003, 1.487306e+003
1.247237e+003, 1.495663e+003
1.247719e+003, 1.501801e+003
1.248201e+003, 1.503419e+003
1.248684e+003, 1.505087e+003
1.249166e+003, 1.508353e+003
1.249648e+003, 1.511753e+003
1.250130e+003, 1.514066e+003
1.250612e+003, 1.516463e+003
1.251094e+003, 1.520815e+003
1.251576e+003, 1.526677e+003
1.252058e+003, 1.530949e+003
1.252541e+003, 1.533348e+003
1.253023e+003, 1.536108e+003
1.253505e+003, 1.539249e+003
1.253987e+003, 1.543527e+003
1.254469e+003, 1.549139e+003
1.254951e+003, 1.555553e+003
1.255433e+003, 1.562540e+003
1.255915e+003, 1.568758e+003
1.256397e+003, 1.572197e+003
1.256880e+003, 1.574305e+003
1.257362e+003, 1.577697e+003
1.257844e+003, 1.581976e+003
1.258326e+003, 1.585678e+003
1.258808e+003, 1.589800e+003
1.259290e+003, 1.597831e+003
1.259772e+003, 1.609192e+003
1.260254e+003, 1.618942e+003
1.260737e+003, 1.625049e+003
1.261219e+003, 1.629515e+003
1.261701e+003, 1.632590e+003
1.262183e+003, 1.635368e+003
1.262665e+003, 1.637111e+003
1.263147e+003, 1.640109e+003
1.263629e+003, 1.647172e+003
1.264111e+003, 1.655764e+003
1.264594e+003, 1.662893e+003
1.265076e+003, 1.668282e+003
1.265558e+003, 1.670934e+003
1.266040e+003, 1.669463e+003
1.266522e+003, 1.670393e+003
1.267004e+003, 1.674428e+003
1.267486e+003, 1.678370e+003
1.267968e+003, 1.681592e+003
1.268450e+003, 1.684888e+003
1.268932e+003, 1.688750e+003
1.269415e+003, 1.692221e+003
1.269897e+003, 1.693980e+003
1.270379e+003, 1.695226e+003
1.270861e+003, 1.699162e+003
1.271343e+003, 1.704917e+003
1.271825e+003, 1.709672e+003
1.272307e+003, 1.713913e+003
1.272789e+003, 1.720015e+003
1.273271e+003, 1.727577e+003
1.273754e+003, 1.733010e+003
1.274236e+003, 1.735084e+003
1.274718e+003, 1.737778e+003
1.275200e+003, 1.745048e+003
1.275682e+003, 1.751676e+003
1.276164e+003, 1.752999e+003
1.276646e+003, 1.754304e+003
1.277128e+003, 1.760378e+003
1.277611e+003, 1.767776e+003
1.278093e+003, 1.772149e+003
1.278575e+003, 1.774285e+003
1.279057e+003, 1.777420e+003
1.279539e+003, 1.781872e+003
1.280021e+003, 1.786252e+003
1.280503e+003, 1.789755e+003
1.280985e+003, 1.794538e+003
1.281468e+003, 1.801611e+003
1.281950e+003, 1.809063e+003
1.282432e+003, 1.816182e+003
1.282914e+003, 1.823273e+003
1.283396e+003, 1.830758e+003
1.283878e+003, 1.838042e+003
1.284360e+003, 1.844245e+003
1.284842e+003, 1.848489e+003
1.285324e+003, 1.848592e+003
##END=



