##NAMES=Durangite
##RRUFFID=R120118
##IDEAL CHEMISTRY=NaAlAs^5+^O_4_F
##LOCALITY=Barranca mine, Coneto de Comonfort, Durango, Mexico
##OWNER=RRUFF
##SOURCE=Michael Shannon
##DESCRIPTION=Single orange crystal fragment, used in the Downs et al (2012) study
##STATUS=The identification of this mineral is confirmed by single-crystal X-ray diffraction and chemical analysis.
##URL=rruff.info/R120118
##MEASURED CHEMISTRY=(Na_0.95_Li_0.05_)(Al_0.91_Fe^3+^_0.07_Mn^3+^_0.02_)(As_1.0_O_4_)(F_0.73_(OH)_0.27_); Li and H by charge balance and difference
9.001007e+001, 0.000000e+000
9.049219e+001, 5.479762e+001
9.097430e+001, 5.471696e+001
9.145642e+001, 5.490068e+001
9.193854e+001, 5.528661e+001
9.242065e+001, 5.535808e+001
9.290277e+001, 5.450827e+001
9.338489e+001, 5.302272e+001
9.386700e+001, 5.155513e+001
9.434912e+001, 5.023260e+001
9.483124e+001, 4.911140e+001
9.531335e+001, 4.838201e+001
9.579547e+001, 4.807123e+001
9.627759e+001, 4.794772e+001
9.675970e+001, 4.790407e+001
9.724182e+001, 4.791124e+001
9.772394e+001, 4.758775e+001
9.820605e+001, 4.651554e+001
9.868817e+001, 4.478352e+001
9.917029e+001, 4.357535e+001
9.965240e+001, 4.296437e+001
1.001345e+002, 4.276532e+001
1.006166e+002, 4.269387e+001
1.010988e+002, 4.278278e+001
1.015809e+002, 4.285306e+001
1.020630e+002, 4.289701e+001
1.025451e+002, 4.300274e+001
1.030272e+002, 4.257034e+001
1.035093e+002, 4.128149e+001
1.039915e+002, 3.945528e+001
1.044736e+002, 3.843309e+001
1.049557e+002, 3.853761e+001
1.054378e+002, 3.899449e+001
1.059199e+002, 3.933431e+001
1.064020e+002, 3.971749e+001
1.068842e+002, 3.967366e+001
1.073663e+002, 3.893859e+001
1.078484e+002, 3.750400e+001
1.083305e+002, 3.653066e+001
1.088126e+002, 3.633647e+001
1.092947e+002, 3.643133e+001
1.097769e+002, 3.636650e+001
1.102590e+002, 3.601501e+001
1.107411e+002, 3.563182e+001
1.112232e+002, 3.519801e+001
1.117053e+002, 3.464213e+001
1.121874e+002, 3.435437e+001
1.126696e+002, 3.477337e+001
1.131517e+002, 3.537457e+001
1.136338e+002, 3.547840e+001
1.141159e+002, 3.444525e+001
1.145980e+002, 3.334240e+001
1.150801e+002, 3.255377e+001
1.155623e+002, 3.224461e+001
1.160444e+002, 3.197496e+001
1.165265e+002, 3.151696e+001
1.170086e+002, 3.101145e+001
1.174907e+002, 3.076739e+001
1.179728e+002, 3.100670e+001
1.184550e+002, 3.146768e+001
1.189371e+002, 3.206766e+001
1.194192e+002, 3.319536e+001
1.199013e+002, 3.383078e+001
1.203834e+002, 3.300173e+001
1.208655e+002, 3.107095e+001
1.213477e+002, 2.945118e+001
1.218298e+002, 2.911594e+001
1.223119e+002, 2.944077e+001
1.227940e+002, 2.978892e+001
1.232761e+002, 3.010589e+001
1.237582e+002, 3.025149e+001
1.242404e+002, 3.007820e+001
1.247225e+002, 2.959753e+001
1.252046e+002, 2.894878e+001
1.256867e+002, 2.795058e+001
1.261688e+002, 2.687646e+001
1.266509e+002, 2.623393e+001
1.271331e+002, 2.662021e+001
1.276152e+002, 2.741389e+001
1.280973e+002, 2.768643e+001
1.285794e+002, 2.741520e+001
1.290615e+002, 2.689716e+001
1.295436e+002, 2.628128e+001
1.300258e+002, 2.562256e+001
1.305079e+002, 2.517319e+001
1.309900e+002, 2.516497e+001
1.314721e+002, 2.546317e+001
1.319542e+002, 2.567264e+001
1.324363e+002, 2.578711e+001
1.329185e+002, 2.579057e+001
1.334006e+002, 2.563412e+001
1.338827e+002, 2.531553e+001
1.343648e+002, 2.494013e+001
1.348469e+002, 2.454865e+001
1.353290e+002, 2.414115e+001
1.358112e+002, 2.367653e+001
1.362933e+002, 2.308365e+001
1.367754e+002, 2.252135e+001
1.372575e+002, 2.244893e+001
1.377396e+002, 2.297096e+001
1.382217e+002, 2.351340e+001
1.387039e+002, 2.365417e+001
1.391860e+002, 2.330944e+001
1.396681e+002, 2.317963e+001
1.401502e+002, 2.341836e+001
1.406323e+002, 2.391630e+001
1.411144e+002, 2.424026e+001
1.415966e+002, 2.443070e+001
1.420787e+002, 2.436657e+001
1.425608e+002, 2.388770e+001
1.430429e+002, 2.281083e+001
1.435250e+002, 2.183452e+001
1.440071e+002, 2.101214e+001
1.444893e+002, 2.035560e+001
1.449714e+002, 2.003231e+001
1.454535e+002, 2.020494e+001
1.459356e+002, 2.055629e+001
1.464177e+002, 2.080468e+001
1.468998e+002, 2.101057e+001
1.473820e+002, 2.101875e+001
1.478641e+002, 2.069249e+001
1.483462e+002, 1.993584e+001
1.488283e+002, 1.953561e+001
1.493104e+002, 1.965875e+001
1.497925e+002, 2.005705e+001
1.502747e+002, 2.045253e+001
1.507568e+002, 2.091446e+001
1.512389e+002, 2.129253e+001
1.517210e+002, 2.155689e+001
1.522031e+002, 2.169996e+001
1.526852e+002, 2.175106e+001
1.531674e+002, 2.171062e+001
1.536495e+002, 2.157880e+001
1.541316e+002, 2.135670e+001
1.546137e+002, 2.099984e+001
1.550958e+002, 2.059096e+001
1.555779e+002, 2.008616e+001
1.560601e+002, 1.926263e+001
1.565422e+002, 1.886318e+001
1.570243e+002, 1.918102e+001
1.575064e+002, 1.998908e+001
1.579885e+002, 2.084769e+001
1.584706e+002, 2.176885e+001
1.589528e+002, 2.264154e+001
1.594349e+002, 2.338000e+001
1.599170e+002, 2.378017e+001
1.603991e+002, 2.438585e+001
1.608812e+002, 2.508496e+001
1.613633e+002, 2.606674e+001
1.618455e+002, 2.782779e+001
1.623276e+002, 3.067677e+001
1.628097e+002, 3.426085e+001
1.632918e+002, 3.861532e+001
1.637739e+002, 4.527407e+001
1.642560e+002, 5.054867e+001
1.647382e+002, 5.172298e+001
1.652203e+002, 4.980782e+001
1.657024e+002, 4.867101e+001
1.661845e+002, 5.044448e+001
1.666666e+002, 5.370410e+001
1.671487e+002, 5.717985e+001
1.676309e+002, 6.069995e+001
1.681130e+002, 6.420184e+001
1.685951e+002, 6.749755e+001
1.690772e+002, 7.065640e+001
1.695593e+002, 7.401675e+001
1.700414e+002, 7.811815e+001
1.705236e+002, 8.245213e+001
1.710057e+002, 8.634953e+001
1.714878e+002, 8.933572e+001
1.719699e+002, 9.205596e+001
1.724520e+002, 9.483889e+001
1.729341e+002, 9.771610e+001
1.734163e+002, 1.009635e+002
1.738984e+002, 1.051269e+002
1.743805e+002, 1.097917e+002
1.748626e+002, 1.141388e+002
1.753447e+002, 1.179496e+002
1.758268e+002, 1.213348e+002
1.763090e+002, 1.241417e+002
1.767911e+002, 1.263380e+002
1.772732e+002, 1.288449e+002
1.777553e+002, 1.322069e+002
1.782374e+002, 1.358711e+002
1.787195e+002, 1.391943e+002
1.792017e+002, 1.416387e+002
1.796838e+002, 1.437475e+002
1.801659e+002, 1.463234e+002
1.806480e+002, 1.494175e+002
1.811301e+002, 1.526453e+002
1.816122e+002, 1.556855e+002
1.820944e+002, 1.586030e+002
1.825765e+002, 1.615293e+002
1.830586e+002, 1.646611e+002
1.835407e+002, 1.678296e+002
1.840228e+002, 1.706917e+002
1.845049e+002, 1.731406e+002
1.849871e+002, 1.757413e+002
1.854692e+002, 1.794556e+002
1.859513e+002, 1.840684e+002
1.864334e+002, 1.882114e+002
1.869155e+002, 1.909525e+002
1.873976e+002, 1.927137e+002
1.878798e+002, 1.948800e+002
1.883619e+002, 1.974731e+002
1.888440e+002, 2.005110e+002
1.893261e+002, 2.041310e+002
1.898082e+002, 2.083200e+002
1.902903e+002, 2.125114e+002
1.907725e+002, 2.164181e+002
1.912546e+002, 2.201224e+002
1.917367e+002, 2.237739e+002
1.922188e+002, 2.274089e+002
1.927009e+002, 2.309682e+002
1.931830e+002, 2.342764e+002
1.936652e+002, 2.373222e+002
1.941473e+002, 2.402435e+002
1.946294e+002, 2.430941e+002
1.951115e+002, 2.458691e+002
1.955936e+002, 2.484454e+002
1.960757e+002, 2.507372e+002
1.965579e+002, 2.529638e+002
1.970400e+002, 2.556660e+002
1.975221e+002, 2.589037e+002
1.980042e+002, 2.619715e+002
1.984863e+002, 2.645343e+002
1.989684e+002, 2.665817e+002
1.994506e+002, 2.682771e+002
1.999327e+002, 2.695595e+002
2.004148e+002, 2.705726e+002
2.008969e+002, 2.715650e+002
2.013790e+002, 2.725328e+002
2.018611e+002, 2.735606e+002
2.023433e+002, 2.746315e+002
2.028254e+002, 2.757188e+002
2.033075e+002, 2.772241e+002
2.037896e+002, 2.792916e+002
2.042717e+002, 2.816714e+002
2.047538e+002, 2.837657e+002
2.052360e+002, 2.855926e+002
2.057181e+002, 2.870623e+002
2.062002e+002, 2.881038e+002
2.066823e+002, 2.886952e+002
2.071644e+002, 2.889631e+002
2.076465e+002, 2.888543e+002
2.081287e+002, 2.884579e+002
2.086108e+002, 2.879917e+002
2.090929e+002, 2.873969e+002
2.095750e+002, 2.868839e+002
2.100571e+002, 2.866414e+002
2.105392e+002, 2.867584e+002
2.110214e+002, 2.866590e+002
2.115035e+002, 2.860747e+002
2.119856e+002, 2.853154e+002
2.124677e+002, 2.856146e+002
2.129498e+002, 2.874532e+002
2.134319e+002, 2.892929e+002
2.139140e+002, 2.901339e+002
2.143962e+002, 2.896639e+002
2.148783e+002, 2.893448e+002
2.153604e+002, 2.893300e+002
2.158425e+002, 2.895556e+002
2.163246e+002, 2.897342e+002
2.168067e+002, 2.897640e+002
2.172889e+002, 2.899381e+002
2.177710e+002, 2.905456e+002
2.182531e+002, 2.918997e+002
2.187352e+002, 2.927083e+002
2.192173e+002, 2.926510e+002
2.196994e+002, 2.919585e+002
2.201816e+002, 2.917389e+002
2.206637e+002, 2.921086e+002
2.211458e+002, 2.927208e+002
2.216279e+002, 2.933731e+002
2.221100e+002, 2.940859e+002
2.225921e+002, 2.947888e+002
2.230743e+002, 2.954731e+002
2.235564e+002, 2.961445e+002
2.240385e+002, 2.968896e+002
2.245206e+002, 2.978013e+002
2.250027e+002, 2.986284e+002
2.254848e+002, 2.991773e+002
2.259670e+002, 2.992655e+002
2.264491e+002, 2.995166e+002
2.269312e+002, 2.999492e+002
2.274133e+002, 3.005805e+002
2.278954e+002, 3.016008e+002
2.283775e+002, 3.033603e+002
2.288597e+002, 3.049754e+002
2.293418e+002, 3.057847e+002
2.298239e+002, 3.052057e+002
2.303060e+002, 3.051871e+002
2.307881e+002, 3.060619e+002
2.312702e+002, 3.076244e+002
2.317524e+002, 3.088824e+002
2.322345e+002, 3.097242e+002
2.327166e+002, 3.103851e+002
2.331987e+002, 3.109421e+002
2.336808e+002, 3.112176e+002
2.341629e+002, 3.117699e+002
2.346451e+002, 3.127218e+002
2.351272e+002, 3.139796e+002
2.356093e+002, 3.151962e+002
2.360914e+002, 3.165170e+002
2.365735e+002, 3.175984e+002
2.370556e+002, 3.181667e+002
2.375378e+002, 3.177689e+002
2.380199e+002, 3.178887e+002
2.385020e+002, 3.188550e+002
2.389841e+002, 3.204145e+002
2.394662e+002, 3.214637e+002
2.399483e+002, 3.217145e+002
2.404305e+002, 3.218712e+002
2.409126e+002, 3.223447e+002
2.413947e+002, 3.234102e+002
2.418768e+002, 3.241613e+002
2.423589e+002, 3.242527e+002
2.428410e+002, 3.240193e+002
2.433232e+002, 3.247085e+002
2.438053e+002, 3.267091e+002
2.442874e+002, 3.290956e+002
2.447695e+002, 3.314175e+002
2.452516e+002, 3.337321e+002
2.457337e+002, 3.358733e+002
2.462159e+002, 3.378419e+002
2.466980e+002, 3.396295e+002
2.471801e+002, 3.411937e+002
2.476622e+002, 3.425790e+002
2.481443e+002, 3.436854e+002
2.486264e+002, 3.443718e+002
2.491086e+002, 3.442789e+002
2.495907e+002, 3.446901e+002
2.500728e+002, 3.460070e+002
2.505549e+002, 3.477363e+002
2.510370e+002, 3.484759e+002
2.515191e+002, 3.476565e+002
2.520013e+002, 3.467641e+002
2.524834e+002, 3.464589e+002
2.529655e+002, 3.469643e+002
2.534476e+002, 3.475199e+002
2.539297e+002, 3.482413e+002
2.544118e+002, 3.489666e+002
2.548940e+002, 3.492752e+002
2.553761e+002, 3.488434e+002
2.558582e+002, 3.485635e+002
2.563403e+002, 3.487826e+002
2.568224e+002, 3.495265e+002
2.573046e+002, 3.506863e+002
2.577867e+002, 3.524083e+002
2.582688e+002, 3.544286e+002
2.587509e+002, 3.561987e+002
2.592330e+002, 3.575147e+002
2.597151e+002, 3.589417e+002
2.601973e+002, 3.606735e+002
2.606794e+002, 3.626608e+002
2.611615e+002, 3.649650e+002
2.616436e+002, 3.673857e+002
2.621257e+002, 3.702661e+002
2.626078e+002, 3.744165e+002
2.630900e+002, 3.804730e+002
2.635721e+002, 3.862313e+002
2.640542e+002, 3.910080e+002
2.645363e+002, 3.948916e+002
2.650184e+002, 3.975356e+002
2.655005e+002, 3.987409e+002
2.659827e+002, 3.990271e+002
2.664648e+002, 3.991326e+002
2.669469e+002, 3.991080e+002
2.674290e+002, 3.987743e+002
2.679111e+002, 3.981893e+002
2.683932e+002, 3.973930e+002
2.688754e+002, 3.954493e+002
2.693575e+002, 3.919273e+002
2.698396e+002, 3.879113e+002
2.703217e+002, 3.848172e+002
2.708038e+002, 3.828021e+002
2.712859e+002, 3.810923e+002
2.717681e+002, 3.794998e+002
2.722502e+002, 3.780296e+002
2.727323e+002, 3.768190e+002
2.732144e+002, 3.759340e+002
2.736965e+002, 3.752112e+002
2.741786e+002, 3.744262e+002
2.746608e+002, 3.735003e+002
2.751429e+002, 3.729306e+002
2.756250e+002, 3.729578e+002
2.761071e+002, 3.734796e+002
2.765892e+002, 3.737254e+002
2.770714e+002, 3.736708e+002
2.775535e+002, 3.733999e+002
2.780356e+002, 3.729434e+002
2.785177e+002, 3.722824e+002
2.789998e+002, 3.715879e+002
2.794819e+002, 3.708167e+002
2.799641e+002, 3.700475e+002
2.804462e+002, 3.697253e+002
2.809283e+002, 3.699254e+002
2.814104e+002, 3.702382e+002
2.818925e+002, 3.703689e+002
2.823746e+002, 3.703189e+002
2.828568e+002, 3.701205e+002
2.833389e+002, 3.697143e+002
2.838210e+002, 3.692287e+002
2.843031e+002, 3.690683e+002
2.847852e+002, 3.692783e+002
2.852673e+002, 3.695103e+002
2.857495e+002, 3.693856e+002
2.862316e+002, 3.689639e+002
2.867137e+002, 3.689796e+002
2.871958e+002, 3.695691e+002
2.876779e+002, 3.705833e+002
2.881600e+002, 3.718233e+002
2.886422e+002, 3.732928e+002
2.891243e+002, 3.747264e+002
2.896064e+002, 3.758976e+002
2.900885e+002, 3.768539e+002
2.905706e+002, 3.777340e+002
2.910527e+002, 3.784599e+002
2.915349e+002, 3.793104e+002
2.920170e+002, 3.808798e+002
2.924991e+002, 3.830892e+002
2.929812e+002, 3.852798e+002
2.934633e+002, 3.869984e+002
2.939454e+002, 3.883914e+002
2.944276e+002, 3.898165e+002
2.949097e+002, 3.912222e+002
2.953918e+002, 3.929168e+002
2.958739e+002, 3.954318e+002
2.963560e+002, 3.986230e+002
2.968381e+002, 4.019262e+002
2.973203e+002, 4.048130e+002
2.978024e+002, 4.076386e+002
2.982845e+002, 4.111545e+002
2.987666e+002, 4.154033e+002
2.992487e+002, 4.202312e+002
2.997308e+002, 4.258746e+002
3.002130e+002, 4.320953e+002
3.006951e+002, 4.381006e+002
3.011772e+002, 4.429532e+002
3.016593e+002, 4.476962e+002
3.021414e+002, 4.538924e+002
3.026235e+002, 4.614758e+002
3.031057e+002, 4.700199e+002
3.035878e+002, 4.791335e+002
3.040699e+002, 4.889184e+002
3.045520e+002, 4.993793e+002
3.050341e+002, 5.104699e+002
3.055162e+002, 5.222471e+002
3.059984e+002, 5.347946e+002
3.064805e+002, 5.480531e+002
3.069626e+002, 5.624524e+002
3.074447e+002, 5.782807e+002
3.079268e+002, 5.953259e+002
3.084089e+002, 6.131194e+002
3.088911e+002, 6.317043e+002
3.093732e+002, 6.507820e+002
3.098553e+002, 6.698153e+002
3.103374e+002, 6.889748e+002
3.108195e+002, 7.092914e+002
3.113016e+002, 7.309312e+002
3.117838e+002, 7.538927e+002
3.122659e+002, 7.784258e+002
3.127480e+002, 8.044962e+002
3.132301e+002, 8.320770e+002
3.137122e+002, 8.608004e+002
3.141943e+002, 8.913231e+002
3.146765e+002, 9.244153e+002
3.151586e+002, 9.599826e+002
3.156407e+002, 9.984127e+002
3.161228e+002, 1.040113e+003
3.166049e+002, 1.084672e+003
3.170870e+002, 1.133740e+003
3.175692e+002, 1.187654e+003
3.180513e+002, 1.246223e+003
3.185334e+002, 1.308909e+003
3.190155e+002, 1.376211e+003
3.194976e+002, 1.447037e+003
3.199797e+002, 1.521365e+003
3.204619e+002, 1.599491e+003
3.209440e+002, 1.677566e+003
3.214261e+002, 1.759040e+003
3.219082e+002, 1.837259e+003
3.223903e+002, 1.905552e+003
3.228724e+002, 1.970819e+003
3.233546e+002, 2.017629e+003
3.238367e+002, 2.044529e+003
3.243188e+002, 2.051174e+003
3.248009e+002, 2.031093e+003
3.252830e+002, 1.976522e+003
3.257651e+002, 1.899355e+003
3.262473e+002, 1.807347e+003
3.267294e+002, 1.688536e+003
3.272115e+002, 1.569691e+003
3.276936e+002, 1.448341e+003
3.281757e+002, 1.327823e+003
3.286578e+002, 1.219021e+003
3.291400e+002, 1.122300e+003
3.296221e+002, 1.036891e+003
3.301042e+002, 9.618853e+002
3.305863e+002, 8.992755e+002
3.310684e+002, 8.435705e+002
3.315505e+002, 7.962316e+002
3.320327e+002, 7.557686e+002
3.325148e+002, 7.195258e+002
3.329969e+002, 6.877488e+002
3.334790e+002, 6.597589e+002
3.339611e+002, 6.350279e+002
3.344432e+002, 6.137683e+002
3.349254e+002, 5.949205e+002
3.354075e+002, 5.793240e+002
3.358896e+002, 5.656125e+002
3.363717e+002, 5.518827e+002
3.368538e+002, 5.377598e+002
3.373359e+002, 5.247977e+002
3.378180e+002, 5.135148e+002
3.383001e+002, 5.039445e+002
3.387823e+002, 4.955800e+002
3.392644e+002, 4.886691e+002
3.397465e+002, 4.826695e+002
3.402286e+002, 4.774104e+002
3.407107e+002, 4.732154e+002
3.411928e+002, 4.680068e+002
3.416750e+002, 4.609913e+002
3.421571e+002, 4.528660e+002
3.426392e+002, 4.469240e+002
3.431213e+002, 4.433991e+002
3.436034e+002, 4.405570e+002
3.440855e+002, 4.370020e+002
3.445677e+002, 4.328154e+002
3.450498e+002, 4.292509e+002
3.455319e+002, 4.265223e+002
3.460140e+002, 4.244232e+002
3.464961e+002, 4.227386e+002
3.469782e+002, 4.214571e+002
3.474604e+002, 4.201100e+002
3.479425e+002, 4.182647e+002
3.484246e+002, 4.161140e+002
3.489067e+002, 4.143689e+002
3.493888e+002, 4.130460e+002
3.498709e+002, 4.122275e+002
3.503531e+002, 4.122213e+002
3.508352e+002, 4.128632e+002
3.513173e+002, 4.135439e+002
3.517994e+002, 4.141572e+002
3.522815e+002, 4.145927e+002
3.527636e+002, 4.144383e+002
3.532458e+002, 4.136915e+002
3.537279e+002, 4.132169e+002
3.542100e+002, 4.139204e+002
3.546921e+002, 4.153631e+002
3.551742e+002, 4.167814e+002
3.556563e+002, 4.178757e+002
3.561385e+002, 4.189310e+002
3.566206e+002, 4.201424e+002
3.571027e+002, 4.215304e+002
3.575848e+002, 4.231618e+002
3.580669e+002, 4.251091e+002
3.585490e+002, 4.273172e+002
3.590312e+002, 4.297554e+002
3.595133e+002, 4.325214e+002
3.599954e+002, 4.353493e+002
3.604775e+002, 4.380331e+002
3.609596e+002, 4.406898e+002
3.614417e+002, 4.435150e+002
3.619239e+002, 4.463497e+002
3.624060e+002, 4.495934e+002
3.628881e+002, 4.534706e+002
3.633702e+002, 4.580306e+002
3.638523e+002, 4.630938e+002
3.643344e+002, 4.687156e+002
3.648166e+002, 4.747712e+002
3.652987e+002, 4.811720e+002
3.657808e+002, 4.878089e+002
3.662629e+002, 4.947081e+002
3.667450e+002, 5.016432e+002
3.672271e+002, 5.086233e+002
3.677093e+002, 5.165895e+002
3.681914e+002, 5.262416e+002
3.686735e+002, 5.365349e+002
3.691556e+002, 5.468676e+002
3.696377e+002, 5.562051e+002
3.701198e+002, 5.665643e+002
3.706020e+002, 5.785532e+002
3.710841e+002, 5.916832e+002
3.715662e+002, 6.042663e+002
3.720483e+002, 6.161100e+002
3.725304e+002, 6.274579e+002
3.730125e+002, 6.386829e+002
3.734947e+002, 6.506010e+002
3.739768e+002, 6.598115e+002
3.744589e+002, 6.662411e+002
3.749410e+002, 6.701268e+002
3.754231e+002, 6.720187e+002
3.759052e+002, 6.724870e+002
3.763874e+002, 6.694517e+002
3.768695e+002, 6.620946e+002
3.773516e+002, 6.503636e+002
3.778337e+002, 6.364095e+002
3.783158e+002, 6.198146e+002
3.787979e+002, 6.017429e+002
3.792801e+002, 5.830743e+002
3.797622e+002, 5.635809e+002
3.802443e+002, 5.450530e+002
3.807264e+002, 5.275609e+002
3.812085e+002, 5.112252e+002
3.816906e+002, 4.960952e+002
3.821728e+002, 4.822132e+002
3.826549e+002, 4.696677e+002
3.831370e+002, 4.589764e+002
3.836191e+002, 4.497950e+002
3.841012e+002, 4.411564e+002
3.845833e+002, 4.327809e+002
3.850655e+002, 4.251789e+002
3.855476e+002, 4.192615e+002
3.860297e+002, 4.147320e+002
3.865118e+002, 4.108580e+002
3.869939e+002, 4.073995e+002
3.874760e+002, 4.042930e+002
3.879582e+002, 4.014977e+002
3.884403e+002, 3.989933e+002
3.889224e+002, 3.965947e+002
3.894045e+002, 3.940843e+002
3.898866e+002, 3.916337e+002
3.903687e+002, 3.894654e+002
3.908509e+002, 3.876743e+002
3.913330e+002, 3.862141e+002
3.918151e+002, 3.852697e+002
3.922972e+002, 3.846992e+002
3.927793e+002, 3.839004e+002
3.932614e+002, 3.820352e+002
3.937436e+002, 3.801779e+002
3.942257e+002, 3.791489e+002
3.947078e+002, 3.794573e+002
3.951899e+002, 3.797129e+002
3.956720e+002, 3.793598e+002
3.961541e+002, 3.786479e+002
3.966363e+002, 3.779817e+002
3.971184e+002, 3.774493e+002
3.976005e+002, 3.769818e+002
3.980826e+002, 3.765679e+002
3.985647e+002, 3.762113e+002
3.990468e+002, 3.758595e+002
3.995290e+002, 3.753232e+002
4.000111e+002, 3.748940e+002
4.004932e+002, 3.748185e+002
4.009753e+002, 3.756802e+002
4.014574e+002, 3.760910e+002
4.019395e+002, 3.755416e+002
4.024217e+002, 3.743665e+002
4.029038e+002, 3.742251e+002
4.033859e+002, 3.757166e+002
4.038680e+002, 3.773660e+002
4.043501e+002, 3.784809e+002
4.048322e+002, 3.789343e+002
4.053144e+002, 3.792483e+002
4.057965e+002, 3.793831e+002
4.062786e+002, 3.794209e+002
4.067607e+002, 3.795282e+002
4.072428e+002, 3.797484e+002
4.077249e+002, 3.797611e+002
4.082071e+002, 3.792245e+002
4.086892e+002, 3.783365e+002
4.091713e+002, 3.785381e+002
4.096534e+002, 3.799656e+002
4.101355e+002, 3.816971e+002
4.106176e+002, 3.827977e+002
4.110998e+002, 3.834099e+002
4.115819e+002, 3.844044e+002
4.120640e+002, 3.860930e+002
4.125461e+002, 3.879953e+002
4.130282e+002, 3.893749e+002
4.135103e+002, 3.902775e+002
4.139925e+002, 3.910155e+002
4.144746e+002, 3.915422e+002
4.149567e+002, 3.921035e+002
4.154388e+002, 3.932223e+002
4.159209e+002, 3.950225e+002
4.164030e+002, 3.967002e+002
4.168852e+002, 3.974073e+002
4.173673e+002, 3.975882e+002
4.178494e+002, 3.979698e+002
4.183315e+002, 3.991003e+002
4.188136e+002, 4.003134e+002
4.192957e+002, 4.009598e+002
4.197779e+002, 4.011866e+002
4.202600e+002, 4.019857e+002
4.207421e+002, 4.042090e+002
4.212242e+002, 4.069444e+002
4.217063e+002, 4.094886e+002
4.221884e+002, 4.116984e+002
4.226706e+002, 4.138373e+002
4.231527e+002, 4.159563e+002
4.236348e+002, 4.180665e+002
4.241169e+002, 4.201950e+002
4.245990e+002, 4.223889e+002
4.250811e+002, 4.245828e+002
4.255633e+002, 4.267297e+002
4.260454e+002, 4.288032e+002
4.265275e+002, 4.309834e+002
4.270096e+002, 4.333739e+002
4.274917e+002, 4.357975e+002
4.279738e+002, 4.381651e+002
4.284560e+002, 4.406905e+002
4.289381e+002, 4.426905e+002
4.294202e+002, 4.440898e+002
4.299023e+002, 4.448848e+002
4.303844e+002, 4.453518e+002
4.308665e+002, 4.459195e+002
4.313487e+002, 4.449087e+002
4.318308e+002, 4.407318e+002
4.323129e+002, 4.331779e+002
4.327950e+002, 4.273881e+002
4.332771e+002, 4.237128e+002
4.337592e+002, 4.210725e+002
4.342414e+002, 4.179848e+002
4.347235e+002, 4.145254e+002
4.352056e+002, 4.115795e+002
4.356877e+002, 4.094428e+002
4.361698e+002, 4.079944e+002
4.366519e+002, 4.070272e+002
4.371341e+002, 4.065390e+002
4.376162e+002, 4.063791e+002
4.380983e+002, 4.067846e+002
4.385804e+002, 4.073607e+002
4.390625e+002, 4.071857e+002
4.395446e+002, 4.057679e+002
4.400268e+002, 4.047521e+002
4.405089e+002, 4.060171e+002
4.409910e+002, 4.087608e+002
4.414731e+002, 4.113158e+002
4.419552e+002, 4.127632e+002
4.424373e+002, 4.139299e+002
4.429195e+002, 4.153407e+002
4.434016e+002, 4.170064e+002
4.438837e+002, 4.186693e+002
4.443658e+002, 4.200934e+002
4.448479e+002, 4.215406e+002
4.453300e+002, 4.231898e+002
4.458122e+002, 4.249448e+002
4.462943e+002, 4.270836e+002
4.467764e+002, 4.298472e+002
4.472585e+002, 4.330391e+002
4.477406e+002, 4.361587e+002
4.482227e+002, 4.389547e+002
4.487049e+002, 4.418907e+002
4.491870e+002, 4.450138e+002
4.496691e+002, 4.481820e+002
4.501512e+002, 4.523190e+002
4.506333e+002, 4.579053e+002
4.511154e+002, 4.638904e+002
4.515976e+002, 4.691316e+002
4.520797e+002, 4.731071e+002
4.525618e+002, 4.779758e+002
4.530439e+002, 4.842884e+002
4.535260e+002, 4.915786e+002
4.540081e+002, 4.987062e+002
4.544903e+002, 5.056142e+002
4.549724e+002, 5.129342e+002
4.554545e+002, 5.213923e+002
4.559366e+002, 5.307253e+002
4.564187e+002, 5.396666e+002
4.569008e+002, 5.480994e+002
4.573830e+002, 5.561599e+002
4.578651e+002, 5.640640e+002
4.583472e+002, 5.716415e+002
4.588293e+002, 5.779772e+002
4.593114e+002, 5.828918e+002
4.597935e+002, 5.863688e+002
4.602757e+002, 5.882892e+002
4.607578e+002, 5.887294e+002
4.612399e+002, 5.881782e+002
4.617220e+002, 5.868250e+002
4.622041e+002, 5.846869e+002
4.626862e+002, 5.815410e+002
4.631684e+002, 5.770911e+002
4.636505e+002, 5.729232e+002
4.641326e+002, 5.696852e+002
4.646147e+002, 5.673154e+002
4.650968e+002, 5.656917e+002
4.655789e+002, 5.656299e+002
4.660611e+002, 5.655179e+002
4.665432e+002, 5.641589e+002
4.670253e+002, 5.618398e+002
4.675074e+002, 5.616322e+002
4.679895e+002, 5.681706e+002
4.684716e+002, 5.734401e+002
4.689538e+002, 5.730773e+002
4.694359e+002, 5.624415e+002
4.699180e+002, 5.564205e+002
4.704001e+002, 5.562374e+002
4.708822e+002, 5.597665e+002
4.713643e+002, 5.639730e+002
4.718465e+002, 5.688588e+002
4.723286e+002, 5.743663e+002
4.728107e+002, 5.803760e+002
4.732928e+002, 5.869193e+002
4.737749e+002, 5.949277e+002
4.742570e+002, 6.045154e+002
4.747392e+002, 6.147600e+002
4.752213e+002, 6.247924e+002
4.757034e+002, 6.347794e+002
4.761855e+002, 6.457806e+002
4.766676e+002, 6.578331e+002
4.771497e+002, 6.712402e+002
4.776319e+002, 6.862570e+002
4.781140e+002, 7.028581e+002
4.785961e+002, 7.207740e+002
4.790782e+002, 7.396711e+002
4.795603e+002, 7.599622e+002
4.800424e+002, 7.820719e+002
4.805246e+002, 8.060957e+002
4.810067e+002, 8.318984e+002
4.814888e+002, 8.597127e+002
4.819709e+002, 8.890645e+002
4.824530e+002, 9.194011e+002
4.829352e+002, 9.504462e+002
4.834173e+002, 9.828753e+002
4.838994e+002, 1.016600e+003
4.843815e+002, 1.052083e+003
4.848636e+002, 1.089677e+003
4.853457e+002, 1.130518e+003
4.858279e+002, 1.172222e+003
4.863100e+002, 1.213176e+003
4.867921e+002, 1.253604e+003
4.872742e+002, 1.298243e+003
4.877563e+002, 1.348729e+003
4.882384e+002, 1.402322e+003
4.887206e+002, 1.457141e+003
4.892027e+002, 1.512386e+003
4.896848e+002, 1.570440e+003
4.901669e+002, 1.631749e+003
4.906490e+002, 1.695499e+003
4.911311e+002, 1.762161e+003
4.916133e+002, 1.831487e+003
4.920954e+002, 1.901665e+003
4.925775e+002, 1.973409e+003
4.930596e+002, 2.045227e+003
4.935417e+002, 2.114435e+003
4.940238e+002, 2.180852e+003
4.945060e+002, 2.239486e+003
4.949881e+002, 2.288980e+003
4.954702e+002, 2.327275e+003
4.959523e+002, 2.351392e+003
4.964344e+002, 2.361283e+003
4.969165e+002, 2.353943e+003
4.973987e+002, 2.326010e+003
4.978808e+002, 2.278688e+003
4.983629e+002, 2.214731e+003
4.988450e+002, 2.129438e+003
4.993271e+002, 2.032855e+003
4.998092e+002, 1.928922e+003
5.002914e+002, 1.817792e+003
5.007735e+002, 1.708600e+003
5.012556e+002, 1.598849e+003
5.017377e+002, 1.494019e+003
5.022198e+002, 1.397383e+003
5.027019e+002, 1.308860e+003
5.031841e+002, 1.227088e+003
5.036662e+002, 1.152354e+003
5.041483e+002, 1.083953e+003
5.046304e+002, 1.021856e+003
5.051125e+002, 9.669078e+002
5.055946e+002, 9.181992e+002
5.060768e+002, 8.762380e+002
5.065589e+002, 8.403113e+002
5.070410e+002, 8.058014e+002
5.075231e+002, 7.721829e+002
5.080052e+002, 7.415297e+002
5.084873e+002, 7.146988e+002
5.089695e+002, 6.920403e+002
5.094516e+002, 6.718763e+002
5.099337e+002, 6.543775e+002
5.104158e+002, 6.385868e+002
5.108979e+002, 6.235006e+002
5.113800e+002, 6.091067e+002
5.118622e+002, 5.960323e+002
5.123443e+002, 5.845605e+002
5.128264e+002, 5.742599e+002
5.133085e+002, 5.644105e+002
5.137906e+002, 5.550851e+002
5.142728e+002, 5.465388e+002
5.147549e+002, 5.392746e+002
5.152370e+002, 5.326249e+002
5.157191e+002, 5.258932e+002
5.162012e+002, 5.189688e+002
5.166833e+002, 5.127950e+002
5.171655e+002, 5.080724e+002
5.176476e+002, 5.040912e+002
5.181297e+002, 5.002505e+002
5.186118e+002, 4.966575e+002
5.190939e+002, 4.929137e+002
5.195760e+002, 4.886747e+002
5.200582e+002, 4.842766e+002
5.205403e+002, 4.803680e+002
5.210224e+002, 4.769687e+002
5.215045e+002, 4.741088e+002
5.219866e+002, 4.720022e+002
5.224688e+002, 4.706349e+002
5.229509e+002, 4.686096e+002
5.234330e+002, 4.655863e+002
5.239151e+002, 4.626511e+002
5.243972e+002, 4.607501e+002
5.248793e+002, 4.599133e+002
5.253615e+002, 4.589281e+002
5.258436e+002, 4.576659e+002
5.263257e+002, 4.562491e+002
5.268078e+002, 4.546920e+002
5.272899e+002, 4.530843e+002
5.277720e+002, 4.519250e+002
5.282542e+002, 4.518440e+002
5.287363e+002, 4.519899e+002
5.292184e+002, 4.510223e+002
5.297005e+002, 4.491445e+002
5.301826e+002, 4.474183e+002
5.306647e+002, 4.465987e+002
5.311469e+002, 4.461627e+002
5.316290e+002, 4.456806e+002
5.321111e+002, 4.451005e+002
5.325932e+002, 4.444775e+002
5.330753e+002, 4.437511e+002
5.335574e+002, 4.430359e+002
5.340396e+002, 4.424623e+002
5.345217e+002, 4.421142e+002
5.350038e+002, 4.418424e+002
5.354859e+002, 4.416888e+002
5.359680e+002, 4.416024e+002
5.364501e+002, 4.413788e+002
5.369323e+002, 4.407827e+002
5.374144e+002, 4.404646e+002
5.378965e+002, 4.408373e+002
5.383786e+002, 4.419299e+002
5.388607e+002, 4.422276e+002
5.393428e+002, 4.415509e+002
5.398250e+002, 4.406091e+002
5.403071e+002, 4.400822e+002
5.407892e+002, 4.399210e+002
5.412713e+002, 4.396063e+002
5.417534e+002, 4.390413e+002
5.422355e+002, 4.383522e+002
5.427177e+002, 4.379536e+002
5.431998e+002, 4.376217e+002
5.436819e+002, 4.366504e+002
5.441640e+002, 4.338596e+002
5.446461e+002, 4.309015e+002
5.451282e+002, 4.293142e+002
5.456104e+002, 4.289840e+002
5.460925e+002, 4.291093e+002
5.465746e+002, 4.297813e+002
5.470567e+002, 4.304125e+002
5.475388e+002, 4.305473e+002
5.480209e+002, 4.299389e+002
5.485031e+002, 4.294584e+002
5.489852e+002, 4.293175e+002
5.494673e+002, 4.293726e+002
5.499494e+002, 4.294935e+002
5.504315e+002, 4.300362e+002
5.509136e+002, 4.300351e+002
5.513958e+002, 4.290328e+002
5.518779e+002, 4.275036e+002
5.523600e+002, 4.269492e+002
5.528421e+002, 4.275898e+002
5.533242e+002, 4.284158e+002
5.538063e+002, 4.291003e+002
5.542885e+002, 4.296302e+002
5.547706e+002, 4.298693e+002
5.552527e+002, 4.298050e+002
5.557348e+002, 4.295961e+002
5.562169e+002, 4.292070e+002
5.566990e+002, 4.287901e+002
5.571812e+002, 4.287760e+002
5.576633e+002, 4.293009e+002
5.581454e+002, 4.299845e+002
5.586275e+002, 4.307275e+002
5.591096e+002, 4.313356e+002
5.595917e+002, 4.314785e+002
5.600739e+002, 4.298802e+002
5.605560e+002, 4.288640e+002
5.610381e+002, 4.303275e+002
5.615202e+002, 4.335922e+002
5.620023e+002, 4.357079e+002
5.624844e+002, 4.345810e+002
5.629666e+002, 4.332972e+002
5.634487e+002, 4.333295e+002
5.639308e+002, 4.350251e+002
5.644129e+002, 4.363672e+002
5.648950e+002, 4.372735e+002
5.653771e+002, 4.379087e+002
5.658593e+002, 4.383687e+002
5.663414e+002, 4.385876e+002
5.668235e+002, 4.388461e+002
5.673056e+002, 4.390475e+002
5.677877e+002, 4.394935e+002
5.682698e+002, 4.412020e+002
5.687520e+002, 4.440643e+002
5.692341e+002, 4.459057e+002
5.697162e+002, 4.452508e+002
5.701983e+002, 4.435301e+002
5.706804e+002, 4.435479e+002
5.711625e+002, 4.450789e+002
5.716447e+002, 4.465089e+002
5.721268e+002, 4.465045e+002
5.726089e+002, 4.460602e+002
5.730910e+002, 4.461388e+002
5.735731e+002, 4.468973e+002
5.740552e+002, 4.478270e+002
5.745374e+002, 4.487734e+002
5.750195e+002, 4.497499e+002
5.755016e+002, 4.507701e+002
5.759837e+002, 4.518770e+002
5.764658e+002, 4.529592e+002
5.769479e+002, 4.540414e+002
5.774301e+002, 4.550755e+002
5.779122e+002, 4.559556e+002
5.783943e+002, 4.565524e+002
5.788764e+002, 4.572025e+002
5.793585e+002, 4.577926e+002
5.798406e+002, 4.584608e+002
5.803228e+002, 4.606679e+002
5.808049e+002, 4.647494e+002
5.812870e+002, 4.681815e+002
5.817691e+002, 4.690792e+002
5.822512e+002, 4.678975e+002
5.827333e+002, 4.663609e+002
5.832155e+002, 4.645373e+002
5.836975e+002, 4.626930e+002
5.841796e+002, 4.606654e+002
5.846617e+002, 4.588562e+002
5.851439e+002, 4.579581e+002
5.856260e+002, 4.584410e+002
5.861081e+002, 4.593806e+002
5.865902e+002, 4.606805e+002
5.870723e+002, 4.619952e+002
5.875544e+002, 4.626378e+002
5.880366e+002, 4.620977e+002
5.885187e+002, 4.611855e+002
5.890008e+002, 4.599448e+002
5.894829e+002, 4.584131e+002
5.899650e+002, 4.572304e+002
5.904471e+002, 4.562441e+002
5.909293e+002, 4.557880e+002
5.914114e+002, 4.562378e+002
5.918935e+002, 4.578360e+002
5.923756e+002, 4.584666e+002
5.928577e+002, 4.578958e+002
5.933398e+002, 4.569787e+002
5.938220e+002, 4.567551e+002
5.943041e+002, 4.570873e+002
5.947862e+002, 4.567729e+002
5.952683e+002, 4.554088e+002
5.957504e+002, 4.538379e+002
5.962325e+002, 4.532362e+002
5.967147e+002, 4.533045e+002
5.971968e+002, 4.532632e+002
5.976789e+002, 4.522738e+002
5.981610e+002, 4.514690e+002
5.986431e+002, 4.520016e+002
5.991252e+002, 4.535563e+002
5.996074e+002, 4.546512e+002
6.000895e+002, 4.541877e+002
6.005716e+002, 4.536315e+002
6.010537e+002, 4.537885e+002
6.015358e+002, 4.549531e+002
6.020179e+002, 4.556672e+002
6.025001e+002, 4.558277e+002
6.029822e+002, 4.556198e+002
6.034643e+002, 4.549763e+002
6.039464e+002, 4.534918e+002
6.044285e+002, 4.532486e+002
6.049106e+002, 4.546216e+002
6.053928e+002, 4.568075e+002
6.058749e+002, 4.588475e+002
6.063570e+002, 4.607187e+002
6.068391e+002, 4.619616e+002
6.073212e+002, 4.620975e+002
6.078033e+002, 4.619638e+002
6.082855e+002, 4.629326e+002
6.087676e+002, 4.647681e+002
6.092497e+002, 4.666466e+002
6.097318e+002, 4.677169e+002
6.102139e+002, 4.689166e+002
6.106960e+002, 4.713866e+002
6.111782e+002, 4.750934e+002
6.116603e+002, 4.778731e+002
6.121424e+002, 4.785266e+002
6.126245e+002, 4.783646e+002
6.131066e+002, 4.780981e+002
6.135887e+002, 4.774562e+002
6.140709e+002, 4.775648e+002
6.145530e+002, 4.791388e+002
6.150351e+002, 4.808361e+002
6.155172e+002, 4.811023e+002
6.159993e+002, 4.795294e+002
6.164814e+002, 4.784166e+002
6.169636e+002, 4.781549e+002
6.174457e+002, 4.784120e+002
6.179278e+002, 4.788823e+002
6.184099e+002, 4.794687e+002
6.188920e+002, 4.792281e+002
6.193741e+002, 4.773065e+002
6.198563e+002, 4.746624e+002
6.203384e+002, 4.728124e+002
6.208205e+002, 4.715804e+002
6.213026e+002, 4.701017e+002
6.217847e+002, 4.678606e+002
6.222668e+002, 4.651799e+002
6.227490e+002, 4.622359e+002
6.232311e+002, 4.590019e+002
6.237132e+002, 4.559223e+002
6.241953e+002, 4.532777e+002
6.246774e+002, 4.507324e+002
6.251595e+002, 4.480150e+002
6.256417e+002, 4.446935e+002
6.261238e+002, 4.421035e+002
6.266059e+002, 4.405780e+002
6.270880e+002, 4.394672e+002
6.275701e+002, 4.378955e+002
6.280522e+002, 4.358091e+002
6.285344e+002, 4.338247e+002
6.290165e+002, 4.321018e+002
6.294986e+002, 4.305025e+002
6.299807e+002, 4.286363e+002
6.304628e+002, 4.265861e+002
6.309449e+002, 4.248610e+002
6.314271e+002, 4.238712e+002
6.319092e+002, 4.232000e+002
6.323913e+002, 4.223202e+002
6.328734e+002, 4.212924e+002
6.333555e+002, 4.205676e+002
6.338376e+002, 4.209073e+002
6.343198e+002, 4.211802e+002
6.348019e+002, 4.205789e+002
6.352840e+002, 4.188004e+002
6.357661e+002, 4.173164e+002
6.362482e+002, 4.162346e+002
6.367303e+002, 4.155157e+002
6.372125e+002, 4.152124e+002
6.376946e+002, 4.155796e+002
6.381767e+002, 4.156460e+002
6.386588e+002, 4.153886e+002
6.391409e+002, 4.148144e+002
6.396230e+002, 4.136514e+002
6.401052e+002, 4.119752e+002
6.405873e+002, 4.110942e+002
6.410694e+002, 4.116496e+002
6.415515e+002, 4.126396e+002
6.420336e+002, 4.124857e+002
6.425157e+002, 4.115001e+002
6.429979e+002, 4.105864e+002
6.434800e+002, 4.101991e+002
6.439621e+002, 4.100378e+002
6.444442e+002, 4.099650e+002
6.449263e+002, 4.099587e+002
6.454084e+002, 4.099306e+002
6.458906e+002, 4.097943e+002
6.463727e+002, 4.096823e+002
6.468548e+002, 4.096860e+002
6.473369e+002, 4.098354e+002
6.478190e+002, 4.098721e+002
6.483011e+002, 4.097484e+002
6.487833e+002, 4.095853e+002
6.492654e+002, 4.094745e+002
6.497475e+002, 4.094197e+002
6.502296e+002, 4.093503e+002
6.507117e+002, 4.092587e+002
6.511938e+002, 4.091643e+002
6.516760e+002, 4.090062e+002
6.521581e+002, 4.088560e+002
6.526402e+002, 4.090388e+002
6.531223e+002, 4.099287e+002
6.536044e+002, 4.105540e+002
6.540865e+002, 4.095541e+002
6.545687e+002, 4.077188e+002
6.550508e+002, 4.065662e+002
6.555329e+002, 4.072475e+002
6.560150e+002, 4.080960e+002
6.564971e+002, 4.085067e+002
6.569792e+002, 4.085550e+002
6.574614e+002, 4.087404e+002
6.579435e+002, 4.096377e+002
6.584256e+002, 4.098739e+002
6.589077e+002, 4.086556e+002
6.593898e+002, 4.060866e+002
6.598719e+002, 4.047876e+002
6.603541e+002, 4.048524e+002
6.608362e+002, 4.057404e+002
6.613183e+002, 4.076255e+002
6.618004e+002, 4.100872e+002
6.622825e+002, 4.116273e+002
6.627646e+002, 4.121660e+002
6.632468e+002, 4.117586e+002
6.637289e+002, 4.094352e+002
6.642110e+002, 4.065973e+002
6.646931e+002, 4.052424e+002
6.651752e+002, 4.064143e+002
6.656573e+002, 4.074835e+002
6.661395e+002, 4.072010e+002
6.666216e+002, 4.062195e+002
6.671037e+002, 4.053409e+002
6.675858e+002, 4.042826e+002
6.680679e+002, 4.038891e+002
6.685500e+002, 4.045009e+002
6.690322e+002, 4.056954e+002
6.695143e+002, 4.065755e+002
6.699964e+002, 4.071289e+002
6.704785e+002, 4.074478e+002
6.709606e+002, 4.075621e+002
6.714427e+002, 4.074539e+002
6.719249e+002, 4.068068e+002
6.724070e+002, 4.057299e+002
6.728891e+002, 4.051507e+002
6.733712e+002, 4.062662e+002
6.738533e+002, 4.077936e+002
6.743354e+002, 4.081363e+002
6.748176e+002, 4.073553e+002
6.752997e+002, 4.065097e+002
6.757818e+002, 4.056170e+002
6.762639e+002, 4.052272e+002
6.767460e+002, 4.058720e+002
6.772281e+002, 4.079884e+002
6.777103e+002, 4.095968e+002
6.781924e+002, 4.105446e+002
6.786745e+002, 4.110503e+002
6.791566e+002, 4.112828e+002
6.796387e+002, 4.112611e+002
6.801208e+002, 4.106476e+002
6.806030e+002, 4.090797e+002
6.810851e+002, 4.078111e+002
6.815672e+002, 4.090224e+002
6.820493e+002, 4.120369e+002
6.825314e+002, 4.139750e+002
6.830135e+002, 4.139779e+002
6.834957e+002, 4.130196e+002
6.839778e+002, 4.114667e+002
6.844599e+002, 4.097574e+002
6.849420e+002, 4.087695e+002
6.854241e+002, 4.093468e+002
6.859063e+002, 4.101282e+002
6.863884e+002, 4.104717e+002
6.868705e+002, 4.105986e+002
6.873526e+002, 4.113531e+002
6.878347e+002, 4.138268e+002
6.883168e+002, 4.154059e+002
6.887990e+002, 4.151499e+002
6.892811e+002, 4.133650e+002
6.897632e+002, 4.119430e+002
6.902453e+002, 4.108606e+002
6.907274e+002, 4.103315e+002
6.912095e+002, 4.108387e+002
6.916917e+002, 4.119755e+002
6.921738e+002, 4.124714e+002
6.926559e+002, 4.123295e+002
6.931380e+002, 4.121347e+002
6.936201e+002, 4.124043e+002
6.941022e+002, 4.127661e+002
6.945844e+002, 4.128153e+002
6.950665e+002, 4.124402e+002
6.955486e+002, 4.121192e+002
6.960307e+002, 4.119251e+002
6.965128e+002, 4.119032e+002
6.969949e+002, 4.120999e+002
6.974771e+002, 4.126221e+002
6.979592e+002, 4.131836e+002
6.984413e+002, 4.140087e+002
6.989234e+002, 4.145878e+002
6.994055e+002, 4.141037e+002
6.998876e+002, 4.125377e+002
7.003698e+002, 4.112754e+002
7.008519e+002, 4.105534e+002
7.013340e+002, 4.102768e+002
7.018161e+002, 4.106010e+002
7.022982e+002, 4.112784e+002
7.027803e+002, 4.116704e+002
7.032625e+002, 4.113682e+002
7.037446e+002, 4.109192e+002
7.042267e+002, 4.106065e+002
7.047088e+002, 4.104204e+002
7.051909e+002, 4.103437e+002
7.056730e+002, 4.104157e+002
7.061552e+002, 4.105365e+002
7.066373e+002, 4.105830e+002
7.071194e+002, 4.106302e+002
7.076015e+002, 4.111698e+002
7.080836e+002, 4.124782e+002
7.085657e+002, 4.133686e+002
7.090479e+002, 4.131000e+002
7.095300e+002, 4.120467e+002
7.100121e+002, 4.119047e+002
7.104942e+002, 4.126413e+002
7.109763e+002, 4.134993e+002
7.114584e+002, 4.139891e+002
7.119406e+002, 4.143019e+002
7.124227e+002, 4.148772e+002
7.129048e+002, 4.157102e+002
7.133869e+002, 4.158966e+002
7.138690e+002, 4.138967e+002
7.143511e+002, 4.119209e+002
7.148333e+002, 4.116419e+002
7.153154e+002, 4.141282e+002
7.157975e+002, 4.153775e+002
7.162796e+002, 4.147349e+002
7.167617e+002, 4.136635e+002
7.172438e+002, 4.133847e+002
7.177260e+002, 4.140173e+002
7.182081e+002, 4.141549e+002
7.186902e+002, 4.136153e+002
7.191723e+002, 4.130034e+002
7.196544e+002, 4.131113e+002
7.201365e+002, 4.137013e+002
7.206187e+002, 4.142002e+002
7.211008e+002, 4.145126e+002
7.215829e+002, 4.146108e+002
7.220650e+002, 4.140832e+002
7.225471e+002, 4.134560e+002
7.230292e+002, 4.134281e+002
7.235114e+002, 4.149715e+002
7.239935e+002, 4.161671e+002
7.244756e+002, 4.165212e+002
7.249577e+002, 4.164240e+002
7.254398e+002, 4.165343e+002
7.259219e+002, 4.169278e+002
7.264041e+002, 4.172535e+002
7.268862e+002, 4.173478e+002
7.273683e+002, 4.174191e+002
7.278504e+002, 4.181208e+002
7.283325e+002, 4.193412e+002
7.288146e+002, 4.203302e+002
7.292968e+002, 4.207472e+002
7.297789e+002, 4.207502e+002
7.302610e+002, 4.201901e+002
7.307431e+002, 4.193087e+002
7.312252e+002, 4.189078e+002
7.317073e+002, 4.198569e+002
7.321895e+002, 4.208530e+002
7.326716e+002, 4.211811e+002
7.331537e+002, 4.209058e+002
7.336358e+002, 4.212348e+002
7.341179e+002, 4.226711e+002
7.346000e+002, 4.238739e+002
7.350822e+002, 4.242624e+002
7.355643e+002, 4.239073e+002
7.360464e+002, 4.233126e+002
7.365285e+002, 4.224601e+002
7.370106e+002, 4.217847e+002
7.374927e+002, 4.215417e+002
7.379749e+002, 4.217041e+002
7.384570e+002, 4.224886e+002
7.389391e+002, 4.238622e+002
7.394212e+002, 4.248105e+002
7.399033e+002, 4.241894e+002
7.403854e+002, 4.233027e+002
7.408676e+002, 4.231149e+002
7.413497e+002, 4.239203e+002
7.418318e+002, 4.246990e+002
7.423139e+002, 4.254696e+002
7.427960e+002, 4.260972e+002
7.432781e+002, 4.263232e+002
7.437603e+002, 4.259661e+002
7.442424e+002, 4.266908e+002
7.447245e+002, 4.287663e+002
7.452066e+002, 4.310137e+002
7.456887e+002, 4.323654e+002
7.461708e+002, 4.329370e+002
7.466530e+002, 4.328503e+002
7.471351e+002, 4.319898e+002
7.476172e+002, 4.312332e+002
7.480993e+002, 4.315524e+002
7.485814e+002, 4.321898e+002
7.490635e+002, 4.322404e+002
7.495457e+002, 4.304893e+002
7.500278e+002, 4.297800e+002
7.505099e+002, 4.309431e+002
7.509920e+002, 4.329872e+002
7.514741e+002, 4.348670e+002
7.519562e+002, 4.365555e+002
7.524384e+002, 4.381230e+002
7.529205e+002, 4.396249e+002
7.534026e+002, 4.408472e+002
7.538847e+002, 4.411434e+002
7.543668e+002, 4.407831e+002
7.548489e+002, 4.408857e+002
7.553311e+002, 4.419143e+002
7.558132e+002, 4.432793e+002
7.562953e+002, 4.446039e+002
7.567774e+002, 4.458735e+002
7.572595e+002, 4.470345e+002
7.577416e+002, 4.483787e+002
7.582238e+002, 4.492711e+002
7.587059e+002, 4.492372e+002
7.591880e+002, 4.487636e+002
7.596701e+002, 4.488950e+002
7.601522e+002, 4.498531e+002
7.606343e+002, 4.507314e+002
7.611165e+002, 4.512983e+002
7.615986e+002, 4.516697e+002
7.620807e+002, 4.521251e+002
7.625628e+002, 4.526492e+002
7.630449e+002, 4.531316e+002
7.635270e+002, 4.531803e+002
7.640092e+002, 4.534632e+002
7.644913e+002, 4.550152e+002
7.649734e+002, 4.573765e+002
7.654555e+002, 4.591442e+002
7.659376e+002, 4.593653e+002
7.664197e+002, 4.593469e+002
7.669019e+002, 4.593572e+002
7.673840e+002, 4.594551e+002
7.678661e+002, 4.599267e+002
7.683482e+002, 4.607970e+002
7.688303e+002, 4.619898e+002
7.693124e+002, 4.637505e+002
7.697946e+002, 4.657040e+002
7.702767e+002, 4.664068e+002
7.707588e+002, 4.659690e+002
7.712409e+002, 4.654242e+002
7.717230e+002, 4.653080e+002
7.722051e+002, 4.654549e+002
7.726873e+002, 4.657086e+002
7.731694e+002, 4.660766e+002
7.736515e+002, 4.666248e+002
7.741336e+002, 4.679370e+002
7.746157e+002, 4.688903e+002
7.750978e+002, 4.687059e+002
7.755800e+002, 4.674586e+002
7.760621e+002, 4.672733e+002
7.765442e+002, 4.684565e+002
7.770263e+002, 4.698387e+002
7.775084e+002, 4.706233e+002
7.779905e+002, 4.710490e+002
7.784727e+002, 4.726097e+002
7.789548e+002, 4.752094e+002
7.794369e+002, 4.771776e+002
7.799190e+002, 4.767608e+002
7.804011e+002, 4.754895e+002
7.808832e+002, 4.747183e+002
7.813654e+002, 4.745569e+002
7.818475e+002, 4.748034e+002
7.823296e+002, 4.757188e+002
7.828117e+002, 4.767384e+002
7.832938e+002, 4.775135e+002
7.837759e+002, 4.779832e+002
7.842581e+002, 4.789937e+002
7.847402e+002, 4.806801e+002
7.852223e+002, 4.824882e+002
7.857044e+002, 4.841618e+002
7.861865e+002, 4.856621e+002
7.866686e+002, 4.868224e+002
7.871508e+002, 4.876503e+002
7.876329e+002, 4.883775e+002
7.881150e+002, 4.888872e+002
7.885971e+002, 4.895828e+002
7.890792e+002, 4.908208e+002
7.895613e+002, 4.926660e+002
7.900435e+002, 4.949075e+002
7.905256e+002, 4.979682e+002
7.910077e+002, 5.009999e+002
7.914898e+002, 5.035639e+002
7.919719e+002, 5.055597e+002
7.924540e+002, 5.075315e+002
7.929362e+002, 5.093867e+002
7.934183e+002, 5.114229e+002
7.939004e+002, 5.138671e+002
7.943825e+002, 5.166687e+002
7.948646e+002, 5.197045e+002
7.953467e+002, 5.229954e+002
7.958289e+002, 5.262227e+002
7.963110e+002, 5.289376e+002
7.967931e+002, 5.316185e+002
7.972752e+002, 5.345807e+002
7.977573e+002, 5.378865e+002
7.982394e+002, 5.415819e+002
7.987216e+002, 5.459888e+002
7.992037e+002, 5.504480e+002
7.996858e+002, 5.542697e+002
8.001679e+002, 5.572033e+002
8.006500e+002, 5.618643e+002
8.011321e+002, 5.685322e+002
8.016143e+002, 5.755725e+002
8.020964e+002, 5.815751e+002
8.025785e+002, 5.868689e+002
8.030606e+002, 5.919679e+002
8.035427e+002, 5.968816e+002
8.040248e+002, 6.023184e+002
8.045070e+002, 6.089220e+002
8.049891e+002, 6.161108e+002
8.054712e+002, 6.233682e+002
8.059533e+002, 6.305150e+002
8.064354e+002, 6.384100e+002
8.069175e+002, 6.471591e+002
8.073997e+002, 6.564845e+002
8.078818e+002, 6.663456e+002
8.083639e+002, 6.766492e+002
8.088460e+002, 6.869889e+002
8.093281e+002, 6.973771e+002
8.098102e+002, 7.074489e+002
8.102924e+002, 7.158202e+002
8.107745e+002, 7.241564e+002
8.112566e+002, 7.348992e+002
8.117387e+002, 7.484174e+002
8.122208e+002, 7.629183e+002
8.127029e+002, 7.775333e+002
8.131851e+002, 7.929821e+002
8.136672e+002, 8.098090e+002
8.141493e+002, 8.281027e+002
8.146314e+002, 8.471356e+002
8.151135e+002, 8.663300e+002
8.155956e+002, 8.873400e+002
8.160778e+002, 9.112393e+002
8.165599e+002, 9.379003e+002
8.170420e+002, 9.664623e+002
8.175241e+002, 9.970008e+002
8.180062e+002, 1.029037e+003
8.184883e+002, 1.062082e+003
8.189705e+002, 1.097030e+003
8.194526e+002, 1.134337e+003
8.199347e+002, 1.173848e+003
8.204168e+002, 1.216138e+003
8.208989e+002, 1.262984e+003
8.213810e+002, 1.311165e+003
8.218632e+002, 1.359088e+003
8.223453e+002, 1.406341e+003
8.228274e+002, 1.458309e+003
8.233095e+002, 1.514625e+003
8.237916e+002, 1.572715e+003
8.242737e+002, 1.629575e+003
8.247559e+002, 1.686178e+003
8.252380e+002, 1.744249e+003
8.257201e+002, 1.803423e+003
8.262022e+002, 1.863632e+003
8.266843e+002, 1.926213e+003
8.271664e+002, 1.988031e+003
8.276486e+002, 2.047191e+003
8.281307e+002, 2.104021e+003
8.286128e+002, 2.157100e+003
8.290949e+002, 2.208736e+003
8.295770e+002, 2.253325e+003
8.300591e+002, 2.289121e+003
8.305413e+002, 2.315735e+003
8.310234e+002, 2.331423e+003
8.315055e+002, 2.336156e+003
8.319876e+002, 2.329339e+003
8.324697e+002, 2.310445e+003
8.329518e+002, 2.279843e+003
8.334340e+002, 2.235648e+003
8.339161e+002, 2.178478e+003
8.343982e+002, 2.115799e+003
8.348803e+002, 2.049829e+003
8.353624e+002, 1.978925e+003
8.358445e+002, 1.900863e+003
8.363267e+002, 1.816464e+003
8.368088e+002, 1.736305e+003
8.372909e+002, 1.661157e+003
8.377730e+002, 1.588594e+003
8.382551e+002, 1.516190e+003
8.387372e+002, 1.445733e+003
8.392194e+002, 1.382027e+003
8.397015e+002, 1.324634e+003
8.401836e+002, 1.271011e+003
8.406657e+002, 1.220151e+003
8.411478e+002, 1.172148e+003
8.416299e+002, 1.127524e+003
8.421121e+002, 1.086160e+003
8.425942e+002, 1.048285e+003
8.430763e+002, 1.014222e+003
8.435584e+002, 9.822324e+002
8.440405e+002, 9.516225e+002
8.445226e+002, 9.227117e+002
8.450048e+002, 8.971942e+002
8.454869e+002, 8.749319e+002
8.459690e+002, 8.537602e+002
8.464511e+002, 8.324064e+002
8.469332e+002, 8.120443e+002
8.474153e+002, 7.941996e+002
8.478975e+002, 7.784939e+002
8.483796e+002, 7.638442e+002
8.488617e+002, 7.501093e+002
8.493438e+002, 7.371288e+002
8.498259e+002, 7.250502e+002
8.503080e+002, 7.136988e+002
8.507902e+002, 7.026505e+002
8.512723e+002, 6.919025e+002
8.517544e+002, 6.821540e+002
8.522365e+002, 6.738917e+002
8.527186e+002, 6.663094e+002
8.532007e+002, 6.574869e+002
8.536829e+002, 6.481486e+002
8.541650e+002, 6.402357e+002
8.546471e+002, 6.354611e+002
8.551292e+002, 6.309493e+002
8.556113e+002, 6.251285e+002
8.560934e+002, 6.187055e+002
8.565756e+002, 6.128657e+002
8.570577e+002, 6.076927e+002
8.575398e+002, 6.029761e+002
8.580219e+002, 5.986544e+002
8.585040e+002, 5.946942e+002
8.589861e+002, 5.911583e+002
8.594683e+002, 5.879915e+002
8.599504e+002, 5.849773e+002
8.604325e+002, 5.820910e+002
8.609146e+002, 5.793419e+002
8.613967e+002, 5.768499e+002
8.618788e+002, 5.744996e+002
8.623610e+002, 5.721065e+002
8.628431e+002, 5.695071e+002
8.633252e+002, 5.671326e+002
8.638073e+002, 5.649948e+002
8.642894e+002, 5.631243e+002
8.647715e+002, 5.617123e+002
8.652537e+002, 5.608083e+002
8.657358e+002, 5.594669e+002
8.662179e+002, 5.575721e+002
8.667000e+002, 5.555435e+002
8.671821e+002, 5.535071e+002
8.676642e+002, 5.517343e+002
8.681464e+002, 5.507661e+002
8.686285e+002, 5.507806e+002
8.691106e+002, 5.508449e+002
8.695927e+002, 5.506295e+002
8.700748e+002, 5.503105e+002
8.705569e+002, 5.499843e+002
8.710391e+002, 5.496293e+002
8.715212e+002, 5.493115e+002
8.720033e+002, 5.489809e+002
8.724854e+002, 5.488173e+002
8.729675e+002, 5.487991e+002
8.734496e+002, 5.490618e+002
8.739318e+002, 5.502283e+002
8.744139e+002, 5.522057e+002
8.748960e+002, 5.538577e+002
8.753781e+002, 5.547527e+002
8.758602e+002, 5.549036e+002
8.763423e+002, 5.539332e+002
8.768245e+002, 5.518809e+002
8.773066e+002, 5.506989e+002
8.777887e+002, 5.507087e+002
8.782708e+002, 5.509200e+002
8.787529e+002, 5.509465e+002
8.792350e+002, 5.509022e+002
8.797172e+002, 5.510514e+002
8.801993e+002, 5.514332e+002
8.806814e+002, 5.522229e+002
8.811635e+002, 5.537310e+002
8.816456e+002, 5.554980e+002
8.821277e+002, 5.571592e+002
8.826099e+002, 5.587943e+002
8.830920e+002, 5.606539e+002
8.835741e+002, 5.628751e+002
8.840562e+002, 5.651509e+002
8.845383e+002, 5.673109e+002
8.850204e+002, 5.696042e+002
8.855026e+002, 5.727205e+002
8.859847e+002, 5.765939e+002
8.864668e+002, 5.803635e+002
8.869489e+002, 5.836581e+002
8.874310e+002, 5.870367e+002
8.879131e+002, 5.906776e+002
8.883953e+002, 5.949022e+002
8.888774e+002, 6.002797e+002
8.893595e+002, 6.080995e+002
8.898416e+002, 6.153554e+002
8.903237e+002, 6.210192e+002
8.908058e+002, 6.264908e+002
8.912880e+002, 6.333845e+002
8.917701e+002, 6.417729e+002
8.922522e+002, 6.502234e+002
8.927343e+002, 6.585616e+002
8.932164e+002, 6.675343e+002
8.936985e+002, 6.781615e+002
8.941807e+002, 6.897932e+002
8.946628e+002, 7.014602e+002
8.951449e+002, 7.127559e+002
8.956270e+002, 7.255220e+002
8.961091e+002, 7.409861e+002
8.965912e+002, 7.578125e+002
8.970734e+002, 7.753727e+002
8.975555e+002, 7.935262e+002
8.980376e+002, 8.122440e+002
8.985197e+002, 8.311991e+002
8.990018e+002, 8.518795e+002
8.994839e+002, 8.750830e+002
8.999661e+002, 9.006168e+002
9.004482e+002, 9.282590e+002
9.009303e+002, 9.581092e+002
9.014124e+002, 9.892213e+002
9.018945e+002, 1.020067e+003
9.023766e+002, 1.053479e+003
9.028588e+002, 1.092376e+003
9.033409e+002, 1.135320e+003
9.038230e+002, 1.177750e+003
9.043051e+002, 1.219391e+003
9.047872e+002, 1.262925e+003
9.052693e+002, 1.310024e+003
9.057515e+002, 1.359343e+003
9.062336e+002, 1.407652e+003
9.067157e+002, 1.456123e+003
9.071978e+002, 1.508284e+003
9.076799e+002, 1.569160e+003
9.081620e+002, 1.629277e+003
9.086442e+002, 1.685249e+003
9.091263e+002, 1.737818e+003
9.096084e+002, 1.789084e+003
9.100905e+002, 1.840171e+003
9.105726e+002, 1.887797e+003
9.110547e+002, 1.933191e+003
9.115369e+002, 1.973343e+003
9.120190e+002, 2.005743e+003
9.125011e+002, 2.029852e+003
9.129832e+002, 2.044244e+003
9.134653e+002, 2.048740e+003
9.139474e+002, 2.043055e+003
9.144296e+002, 2.026567e+003
9.149117e+002, 2.000087e+003
9.153938e+002, 1.963525e+003
9.158759e+002, 1.916292e+003
9.163580e+002, 1.861650e+003
9.168401e+002, 1.797708e+003
9.173223e+002, 1.730955e+003
9.178044e+002, 1.664275e+003
9.182865e+002, 1.598703e+003
9.187686e+002, 1.535543e+003
9.192507e+002, 1.474898e+003
9.197328e+002, 1.417371e+003
9.202150e+002, 1.362900e+003
9.206971e+002, 1.312131e+003
9.211792e+002, 1.264687e+003
9.216613e+002, 1.220772e+003
9.221434e+002, 1.181781e+003
9.226255e+002, 1.148228e+003
9.231077e+002, 1.117722e+003
9.235898e+002, 1.089561e+003
9.240719e+002, 1.064044e+003
9.245540e+002, 1.042067e+003
9.250361e+002, 1.022882e+003
9.255182e+002, 1.003950e+003
9.260004e+002, 9.837520e+002
9.264825e+002, 9.640618e+002
9.269646e+002, 9.460182e+002
9.274467e+002, 9.288876e+002
9.279288e+002, 9.118292e+002
9.284109e+002, 8.943305e+002
9.288931e+002, 8.776452e+002
9.293752e+002, 8.625307e+002
9.298573e+002, 8.470872e+002
9.303394e+002, 8.281729e+002
9.308215e+002, 8.070254e+002
9.313036e+002, 7.874342e+002
9.317858e+002, 7.698234e+002
9.322679e+002, 7.533836e+002
9.327500e+002, 7.376504e+002
9.332321e+002, 7.226058e+002
9.337142e+002, 7.076799e+002
9.341964e+002, 6.928284e+002
9.346785e+002, 6.795195e+002
9.351606e+002, 6.679003e+002
9.356427e+002, 6.577570e+002
9.361248e+002, 6.494150e+002
9.366069e+002, 6.423891e+002
9.370891e+002, 6.360322e+002
9.375712e+002, 6.300043e+002
9.380533e+002, 6.230037e+002
9.385354e+002, 6.129911e+002
9.390175e+002, 6.030975e+002
9.394996e+002, 5.949626e+002
9.399818e+002, 5.883978e+002
9.404639e+002, 5.829463e+002
9.409460e+002, 5.791180e+002
9.414281e+002, 5.749869e+002
9.419102e+002, 5.700352e+002
9.423923e+002, 5.650458e+002
9.428745e+002, 5.613444e+002
9.433566e+002, 5.586405e+002
9.438387e+002, 5.562386e+002
9.443208e+002, 5.540573e+002
9.448029e+002, 5.519395e+002
9.452850e+002, 5.498907e+002
9.457672e+002, 5.477957e+002
9.462493e+002, 5.455185e+002
9.467314e+002, 5.430167e+002
9.472135e+002, 5.405546e+002
9.476956e+002, 5.381542e+002
9.481777e+002, 5.357535e+002
9.486599e+002, 5.332499e+002
9.491420e+002, 5.307728e+002
9.496241e+002, 5.287973e+002
9.501062e+002, 5.272532e+002
9.505883e+002, 5.255267e+002
9.510704e+002, 5.228777e+002
9.515526e+002, 5.203481e+002
9.520347e+002, 5.187472e+002
9.525168e+002, 5.177416e+002
9.529989e+002, 5.160718e+002
9.534810e+002, 5.136004e+002
9.539631e+002, 5.111090e+002
9.544453e+002, 5.088383e+002
9.549274e+002, 5.066301e+002
9.554095e+002, 5.040185e+002
9.558916e+002, 5.013082e+002
9.563737e+002, 4.991542e+002
9.568558e+002, 4.982053e+002
9.573380e+002, 4.970091e+002
9.578201e+002, 4.946667e+002
9.583022e+002, 4.921181e+002
9.587843e+002, 4.902946e+002
9.592664e+002, 4.893724e+002
9.597485e+002, 4.880962e+002
9.602307e+002, 4.863765e+002
9.607128e+002, 4.847357e+002
9.611949e+002, 4.839276e+002
9.616770e+002, 4.833375e+002
9.621591e+002, 4.820508e+002
9.626412e+002, 4.800267e+002
9.631234e+002, 4.779316e+002
9.636055e+002, 4.751401e+002
9.640876e+002, 4.733246e+002
9.645697e+002, 4.735501e+002
9.650518e+002, 4.751226e+002
9.655339e+002, 4.747669e+002
9.660161e+002, 4.724741e+002
9.664982e+002, 4.702247e+002
9.669803e+002, 4.686669e+002
9.674624e+002, 4.676586e+002
9.679445e+002, 4.674020e+002
9.684266e+002, 4.675092e+002
9.689088e+002, 4.673460e+002
9.693909e+002, 4.667690e+002
9.698730e+002, 4.657898e+002
9.703551e+002, 4.639669e+002
9.708372e+002, 4.623300e+002
9.713193e+002, 4.622051e+002
9.718015e+002, 4.633904e+002
9.722836e+002, 4.638533e+002
9.727657e+002, 4.634274e+002
9.732478e+002, 4.627968e+002
9.737299e+002, 4.623430e+002
9.742120e+002, 4.620291e+002
9.746942e+002, 4.618102e+002
9.751763e+002, 4.616896e+002
9.756584e+002, 4.617646e+002
9.761405e+002, 4.620952e+002
9.766226e+002, 4.624853e+002
9.771047e+002, 4.628646e+002
9.775869e+002, 4.632461e+002
9.780690e+002, 4.634155e+002
9.785511e+002, 4.635648e+002
9.790332e+002, 4.644958e+002
9.795153e+002, 4.674493e+002
9.799974e+002, 4.699258e+002
9.804796e+002, 4.703037e+002
9.809617e+002, 4.695036e+002
9.814438e+002, 4.688183e+002
9.819259e+002, 4.682219e+002
9.824080e+002, 4.679116e+002
9.828901e+002, 4.678918e+002
9.833723e+002, 4.681816e+002
9.838544e+002, 4.690504e+002
9.843365e+002, 4.701606e+002
9.848186e+002, 4.702974e+002
9.853007e+002, 4.694606e+002
9.857828e+002, 4.704751e+002
9.862650e+002, 4.781378e+002
9.867471e+002, 4.841234e+002
9.872292e+002, 4.843122e+002
9.877113e+002, 4.798168e+002
9.881934e+002, 4.761217e+002
9.886755e+002, 4.732084e+002
9.891577e+002, 4.715116e+002
9.896398e+002, 4.715829e+002
9.901219e+002, 4.723236e+002
9.906040e+002, 4.724691e+002
9.910861e+002, 4.723415e+002
9.915682e+002, 4.725085e+002
9.920504e+002, 4.741222e+002
9.925325e+002, 4.743796e+002
9.930146e+002, 4.723331e+002
9.934967e+002, 4.699182e+002
9.939788e+002, 4.691889e+002
9.944609e+002, 4.698778e+002
9.949431e+002, 4.694266e+002
9.954252e+002, 4.677085e+002
9.959073e+002, 4.661073e+002
9.963894e+002, 4.654214e+002
9.968715e+002, 4.654109e+002
9.973536e+002, 4.667659e+002
9.978358e+002, 4.690960e+002
9.983179e+002, 4.683775e+002
9.988000e+002, 4.631469e+002
9.992821e+002, 4.585132e+002
9.997642e+002, 4.558690e+002
1.000246e+003, 4.547345e+002
1.000728e+003, 4.549966e+002
1.001211e+003, 4.559676e+002
1.001693e+003, 4.557946e+002
1.002175e+003, 4.534204e+002
1.002657e+003, 4.509100e+002
1.003139e+003, 4.489806e+002
1.003621e+003, 4.474625e+002
1.004103e+003, 4.461633e+002
1.004585e+003, 4.450176e+002
1.005068e+003, 4.446448e+002
1.005550e+003, 4.451313e+002
1.006032e+003, 4.454818e+002
1.006514e+003, 4.446798e+002
1.006996e+003, 4.434670e+002
1.007478e+003, 4.427226e+002
1.007960e+003, 4.424155e+002
1.008442e+003, 4.421820e+002
1.008924e+003, 4.418214e+002
1.009407e+003, 4.416544e+002
1.009889e+003, 4.418233e+002
1.010371e+003, 4.421440e+002
1.010853e+003, 4.423781e+002
1.011335e+003, 4.424702e+002
1.011817e+003, 4.418927e+002
1.012299e+003, 4.403281e+002
1.012781e+003, 4.389688e+002
1.013263e+003, 4.390871e+002
1.013746e+003, 4.396137e+002
1.014228e+003, 4.394367e+002
1.014710e+003, 4.382921e+002
1.015192e+003, 4.375432e+002
1.015674e+003, 4.372400e+002
1.016156e+003, 4.372101e+002
1.016638e+003, 4.375204e+002
1.017120e+003, 4.379424e+002
1.017603e+003, 4.378013e+002
1.018085e+003, 4.372951e+002
1.018567e+003, 4.371405e+002
1.019049e+003, 4.380215e+002
1.019531e+003, 4.388365e+002
1.020013e+003, 4.392838e+002
1.020495e+003, 4.394462e+002
1.020977e+003, 4.389652e+002
1.021459e+003, 4.377724e+002
1.021942e+003, 4.393014e+002
1.022424e+003, 4.443810e+002
1.022906e+003, 4.490883e+002
1.023388e+003, 4.499910e+002
1.023870e+003, 4.486067e+002
1.024352e+003, 4.458863e+002
1.024834e+003, 4.418184e+002
1.025316e+003, 4.390181e+002
1.025799e+003, 4.379506e+002
1.026281e+003, 4.374682e+002
1.026763e+003, 4.370062e+002
1.027245e+003, 4.369354e+002
1.027727e+003, 4.391535e+002
1.028209e+003, 4.426960e+002
1.028691e+003, 4.442254e+002
1.029173e+003, 4.410774e+002
1.029656e+003, 4.378269e+002
1.030138e+003, 4.363585e+002
1.030620e+003, 4.360300e+002
1.031102e+003, 4.362490e+002
1.031584e+003, 4.372064e+002
1.032066e+003, 4.374855e+002
1.032548e+003, 4.369835e+002
1.033030e+003, 4.364642e+002
1.033512e+003, 4.364486e+002
1.033995e+003, 4.368416e+002
1.034477e+003, 4.378887e+002
1.034959e+003, 4.393795e+002
1.035441e+003, 4.400603e+002
1.035923e+003, 4.390201e+002
1.036405e+003, 4.380836e+002
1.036887e+003, 4.376424e+002
1.037369e+003, 4.374505e+002
1.037851e+003, 4.370833e+002
1.038334e+003, 4.365498e+002
1.038816e+003, 4.356762e+002
1.039298e+003, 4.342018e+002
1.039780e+003, 4.334366e+002
1.040262e+003, 4.352830e+002
1.040744e+003, 4.373144e+002
1.041226e+003, 4.373817e+002
1.041708e+003, 4.353278e+002
1.042191e+003, 4.340769e+002
1.042673e+003, 4.336401e+002
1.043155e+003, 4.337889e+002
1.043637e+003, 4.348178e+002
1.044119e+003, 4.359955e+002
1.044601e+003, 4.362168e+002
1.045083e+003, 4.358036e+002
1.045565e+003, 4.354851e+002
1.046047e+003, 4.355776e+002
1.046530e+003, 4.356581e+002
1.047012e+003, 4.358305e+002
1.047494e+003, 4.357708e+002
1.047976e+003, 4.346629e+002
1.048458e+003, 4.329186e+002
1.048940e+003, 4.329686e+002
1.049422e+003, 4.349318e+002
1.049904e+003, 4.365105e+002
1.050386e+003, 4.356781e+002
1.050869e+003, 4.345707e+002
1.051351e+003, 4.345949e+002
1.051833e+003, 4.354696e+002
1.052315e+003, 4.360299e+002
1.052797e+003, 4.362675e+002
1.053279e+003, 4.361713e+002
1.053761e+003, 4.356102e+002
1.054243e+003, 4.350559e+002
1.054726e+003, 4.353180e+002
1.055208e+003, 4.358755e+002
1.055690e+003, 4.358947e+002
1.056172e+003, 4.348276e+002
1.056654e+003, 4.345455e+002
1.057136e+003, 4.356324e+002
1.057618e+003, 4.366949e+002
1.058100e+003, 4.368871e+002
1.058583e+003, 4.363891e+002
1.059065e+003, 4.356423e+002
1.059547e+003, 4.347796e+002
1.060029e+003, 4.344114e+002
1.060511e+003, 4.353296e+002
1.060993e+003, 4.362694e+002
1.061475e+003, 4.368319e+002
1.061957e+003, 4.370362e+002
1.062439e+003, 4.367308e+002
1.062922e+003, 4.357701e+002
1.063404e+003, 4.357296e+002
1.063886e+003, 4.368021e+002
1.064368e+003, 4.381488e+002
1.064850e+003, 4.396564e+002
1.065332e+003, 4.406233e+002
1.065814e+003, 4.400102e+002
1.066296e+003, 4.379018e+002
1.066778e+003, 4.362207e+002
1.067261e+003, 4.352314e+002
1.067743e+003, 4.343882e+002
1.068225e+003, 4.334445e+002
1.068707e+003, 4.327430e+002
1.069189e+003, 4.332495e+002
1.069671e+003, 4.344607e+002
1.070153e+003, 4.351887e+002
1.070635e+003, 4.350594e+002
1.071118e+003, 4.347264e+002
1.071600e+003, 4.345098e+002
1.072082e+003, 4.340895e+002
1.072564e+003, 4.331084e+002
1.073046e+003, 4.316800e+002
1.073528e+003, 4.312076e+002
1.074010e+003, 4.316437e+002
1.074492e+003, 4.321866e+002
1.074974e+003, 4.326607e+002
1.075457e+003, 4.328105e+002
1.075939e+003, 4.320038e+002
1.076421e+003, 4.308969e+002
1.076903e+003, 4.306687e+002
1.077385e+003, 4.317597e+002
1.077867e+003, 4.324809e+002
1.078349e+003, 4.327111e+002
1.078831e+003, 4.327405e+002
1.079313e+003, 4.328049e+002
1.079796e+003, 4.328489e+002
1.080278e+003, 4.327119e+002
1.080760e+003, 4.324321e+002
1.081242e+003, 4.323391e+002
1.081724e+003, 4.327422e+002
1.082206e+003, 4.330711e+002
1.082688e+003, 4.332109e+002
1.083170e+003, 4.332222e+002
1.083652e+003, 4.332774e+002
1.084135e+003, 4.333088e+002
1.084617e+003, 4.329571e+002
1.085099e+003, 4.320876e+002
1.085581e+003, 4.313883e+002
1.086063e+003, 4.315826e+002
1.086545e+003, 4.317811e+002
1.087027e+003, 4.312809e+002
1.087509e+003, 4.302041e+002
1.087992e+003, 4.299054e+002
1.088474e+003, 4.303951e+002
1.088956e+003, 4.308380e+002
1.089438e+003, 4.308045e+002
1.089920e+003, 4.307450e+002
1.090402e+003, 4.312540e+002
1.090884e+003, 4.319486e+002
1.091366e+003, 4.322527e+002
1.091849e+003, 4.317573e+002
1.092331e+003, 4.318989e+002
1.092813e+003, 4.329148e+002
1.093295e+003, 4.337632e+002
1.093777e+003, 4.334533e+002
1.094259e+003, 4.325623e+002
1.094741e+003, 4.321371e+002
1.095223e+003, 4.320841e+002
1.095705e+003, 4.320361e+002
1.096188e+003, 4.317303e+002
1.096670e+003, 4.316057e+002
1.097152e+003, 4.318297e+002
1.097634e+003, 4.321126e+002
1.098116e+003, 4.318514e+002
1.098598e+003, 4.312817e+002
1.099080e+003, 4.316574e+002
1.099562e+003, 4.330799e+002
1.100044e+003, 4.345691e+002
1.100527e+003, 4.361209e+002
1.101009e+003, 4.369606e+002
1.101491e+003, 4.363042e+002
1.101973e+003, 4.347033e+002
1.102455e+003, 4.338427e+002
1.102937e+003, 4.337305e+002
1.103419e+003, 4.336281e+002
1.103901e+003, 4.333579e+002
1.104384e+003, 4.330600e+002
1.104866e+003, 4.327632e+002
1.105348e+003, 4.325817e+002
1.105830e+003, 4.327397e+002
1.106312e+003, 4.333393e+002
1.106794e+003, 4.333423e+002
1.107276e+003, 4.325463e+002
1.107758e+003, 4.319489e+002
1.108240e+003, 4.320627e+002
1.108723e+003, 4.325512e+002
1.109205e+003, 4.329079e+002
1.109687e+003, 4.332267e+002
1.110169e+003, 4.336979e+002
1.110651e+003, 4.344837e+002
1.111133e+003, 4.352637e+002
1.111615e+003, 4.362099e+002
1.112097e+003, 4.368056e+002
1.112579e+003, 4.363165e+002
1.113062e+003, 4.351835e+002
1.113544e+003, 4.352455e+002
1.114026e+003, 4.362156e+002
1.114508e+003, 4.366468e+002
1.114990e+003, 4.347926e+002
1.115472e+003, 4.336258e+002
1.115954e+003, 4.347578e+002
1.116436e+003, 4.364901e+002
1.116919e+003, 4.363636e+002
1.117401e+003, 4.345736e+002
1.117883e+003, 4.340852e+002
1.118365e+003, 4.351636e+002
1.118847e+003, 4.359893e+002
1.119329e+003, 4.336577e+002
1.119811e+003, 4.321374e+002
1.120293e+003, 4.356592e+002
1.120776e+003, 4.421700e+002
1.121258e+003, 4.437972e+002
1.121740e+003, 4.397425e+002
1.122222e+003, 4.394579e+002
1.122704e+003, 4.460444e+002
1.123186e+003, 4.518895e+002
1.123668e+003, 4.472172e+002
1.124150e+003, 4.389696e+002
1.124632e+003, 4.345270e+002
1.125115e+003, 4.351832e+002
1.125597e+003, 4.353743e+002
1.126079e+003, 4.348337e+002
1.126561e+003, 4.345111e+002
1.127043e+003, 4.349350e+002
1.127525e+003, 4.355088e+002
1.128007e+003, 4.352251e+002
1.128489e+003, 4.344058e+002
1.128971e+003, 4.335601e+002
1.129454e+003, 4.327175e+002
1.129936e+003, 4.321586e+002
1.130418e+003, 4.319100e+002
1.130900e+003, 4.319327e+002
1.131382e+003, 4.323484e+002
1.131864e+003, 4.329615e+002
1.132346e+003, 4.330856e+002
1.132828e+003, 4.328727e+002
1.133311e+003, 4.328267e+002
1.133793e+003, 4.334909e+002
1.134275e+003, 4.338746e+002
1.134757e+003, 4.334384e+002
1.135239e+003, 4.329679e+002
1.135721e+003, 4.333620e+002
1.136203e+003, 4.344595e+002
1.136685e+003, 4.349706e+002
1.137167e+003, 4.348790e+002
1.137650e+003, 4.344897e+002
1.138132e+003, 4.334702e+002
1.138614e+003, 4.327619e+002
1.139096e+003, 4.331805e+002
1.139578e+003, 4.340476e+002
1.140060e+003, 4.342265e+002
1.140542e+003, 4.337043e+002
1.141024e+003, 4.335788e+002
1.141506e+003, 4.339961e+002
1.141989e+003, 4.343576e+002
1.142471e+003, 4.338971e+002
1.142953e+003, 4.334648e+002
1.143435e+003, 4.338358e+002
1.143917e+003, 4.348532e+002
1.144399e+003, 4.356516e+002
1.144881e+003, 4.362436e+002
1.145363e+003, 4.364408e+002
1.145846e+003, 4.361263e+002
1.146328e+003, 4.356955e+002
1.146810e+003, 4.355816e+002
1.147292e+003, 4.355769e+002
1.147774e+003, 4.354940e+002
1.148256e+003, 4.353011e+002
1.148738e+003, 4.348255e+002
1.149220e+003, 4.338486e+002
1.149703e+003, 4.334146e+002
1.150185e+003, 4.340875e+002
1.150667e+003, 4.350786e+002
1.151149e+003, 4.352865e+002
1.151631e+003, 4.349896e+002
1.152113e+003, 4.345613e+002
1.152595e+003, 4.339256e+002
1.153077e+003, 4.338180e+002
1.153559e+003, 4.345586e+002
1.154042e+003, 4.351403e+002
1.154524e+003, 4.348520e+002
1.155006e+003, 4.342118e+002
1.155488e+003, 4.346322e+002
1.155970e+003, 4.356180e+002
1.156452e+003, 4.359232e+002
1.156934e+003, 4.345347e+002
1.157416e+003, 4.335972e+002
1.157898e+003, 4.335898e+002
1.158381e+003, 4.337179e+002
1.158863e+003, 4.331214e+002
1.159345e+003, 4.321760e+002
1.159827e+003, 4.327806e+002
1.160309e+003, 4.345032e+002
1.160791e+003, 4.355863e+002
1.161273e+003, 4.342395e+002
1.161755e+003, 4.334753e+002
1.162238e+003, 4.344993e+002
1.162720e+003, 4.358771e+002
1.163202e+003, 4.359202e+002
1.163684e+003, 4.348868e+002
1.164166e+003, 4.346181e+002
1.164648e+003, 4.350934e+002
1.165130e+003, 4.353351e+002
1.165612e+003, 4.342656e+002
1.166094e+003, 4.334502e+002
1.166577e+003, 4.337826e+002
1.167059e+003, 4.346166e+002
1.167541e+003, 4.350138e+002
1.168023e+003, 4.350006e+002
1.168505e+003, 4.347404e+002
1.168987e+003, 4.342516e+002
1.169469e+003, 4.338766e+002
1.169951e+003, 4.340143e+002
1.170433e+003, 4.341845e+002
1.170916e+003, 4.340625e+002
1.171398e+003, 4.337604e+002
1.171880e+003, 4.334786e+002
1.172362e+003, 4.332171e+002
1.172844e+003, 4.333235e+002
1.173326e+003, 4.338851e+002
1.173808e+003, 4.346134e+002
1.174290e+003, 4.356389e+002
1.174773e+003, 4.364119e+002
1.175255e+003, 4.362536e+002
1.175737e+003, 4.353949e+002
1.176219e+003, 4.350382e+002
1.176701e+003, 4.352057e+002
1.177183e+003, 4.353563e+002
1.177665e+003, 4.353109e+002
1.178147e+003, 4.353364e+002
1.178630e+003, 4.360749e+002
1.179112e+003, 4.367442e+002
1.179594e+003, 4.364442e+002
1.180076e+003, 4.351539e+002
1.180558e+003, 4.339552e+002
1.181040e+003, 4.328000e+002
1.181522e+003, 4.321693e+002
1.182004e+003, 4.323468e+002
1.182486e+003, 4.329037e+002
1.182969e+003, 4.336461e+002
1.183451e+003, 4.343462e+002
1.183933e+003, 4.346258e+002
1.184415e+003, 4.343044e+002
1.184897e+003, 4.346874e+002
1.185379e+003, 4.359642e+002
1.185861e+003, 4.366794e+002
1.186343e+003, 4.356423e+002
1.186825e+003, 4.342631e+002
1.187308e+003, 4.344103e+002
1.187790e+003, 4.352763e+002
1.188272e+003, 4.355670e+002
1.188754e+003, 4.348477e+002
1.189236e+003, 4.343290e+002
1.189718e+003, 4.340322e+002
1.190200e+003, 4.338679e+002
1.190682e+003, 4.339826e+002
1.191165e+003, 4.340380e+002
1.191647e+003, 4.333410e+002
1.192129e+003, 4.323145e+002
1.192611e+003, 4.318256e+002
1.193093e+003, 4.322538e+002
1.193575e+003, 4.327869e+002
1.194057e+003, 4.334954e+002
1.194539e+003, 4.339868e+002
1.195021e+003, 4.336255e+002
1.195504e+003, 4.330947e+002
1.195986e+003, 4.334276e+002
1.196468e+003, 4.343764e+002
1.196950e+003, 4.351995e+002
1.197432e+003, 4.359626e+002
1.197914e+003, 4.360450e+002
1.198396e+003, 4.351932e+002
1.198878e+003, 4.344245e+002
1.199360e+003, 4.350965e+002
1.199843e+003, 4.362109e+002
1.200325e+003, 4.361661e+002
1.200807e+003, 4.352250e+002
1.201289e+003, 4.347032e+002
1.201771e+003, 4.351510e+002
1.202253e+003, 4.352824e+002
1.202735e+003, 4.348847e+002
1.203217e+003, 4.344057e+002
1.203700e+003, 4.342434e+002
1.204182e+003, 4.343749e+002
1.204664e+003, 4.349242e+002
1.205146e+003, 4.357941e+002
1.205628e+003, 4.363616e+002
1.206110e+003, 4.364534e+002
1.206592e+003, 4.363883e+002
1.207074e+003, 4.361681e+002
1.207557e+003, 4.359037e+002
1.208039e+003, 4.355363e+002
1.208521e+003, 4.353139e+002
1.209003e+003, 4.358233e+002
1.209485e+003, 4.370287e+002
1.209967e+003, 4.376049e+002
1.210449e+003, 4.371713e+002
1.210931e+003, 4.366607e+002
1.211413e+003, 4.362139e+002
1.211896e+003, 4.359048e+002
1.212378e+003, 4.359810e+002
1.212860e+003, 4.361776e+002
1.213342e+003, 4.360429e+002
1.213824e+003, 4.355324e+002
1.214306e+003, 4.352903e+002
1.214788e+003, 4.356242e+002
1.215270e+003, 4.355616e+002
1.215752e+003, 4.347651e+002
1.216235e+003, 4.336893e+002
1.216717e+003, 4.326796e+002
1.217199e+003, 4.319594e+002
1.217681e+003, 4.319765e+002
1.218163e+003, 4.328569e+002
1.218645e+003, 4.335160e+002
1.219127e+003, 4.338707e+002
1.219609e+003, 4.339881e+002
1.220092e+003, 4.337665e+002
1.220574e+003, 4.335998e+002
1.221056e+003, 4.343670e+002
1.221538e+003, 4.354219e+002
1.222020e+003, 4.357905e+002
1.222502e+003, 4.352087e+002
1.222984e+003, 4.345735e+002
1.223466e+003, 4.336923e+002
1.223948e+003, 4.336351e+002
1.224431e+003, 4.351848e+002
1.224913e+003, 4.369274e+002
1.225395e+003, 4.365831e+002
1.225877e+003, 4.352188e+002
1.226359e+003, 4.342561e+002
1.226841e+003, 4.339825e+002
1.227323e+003, 4.340054e+002
1.227805e+003, 4.343785e+002
1.228287e+003, 4.348150e+002
1.228770e+003, 4.352254e+002
1.229252e+003, 4.355865e+002
1.229734e+003, 4.359354e+002
1.230216e+003, 4.361777e+002
1.230698e+003, 4.361342e+002
1.231180e+003, 4.356943e+002
1.231662e+003, 4.354395e+002
1.232144e+003, 4.353932e+002
1.232627e+003, 4.354269e+002
1.233109e+003, 4.356071e+002
1.233591e+003, 4.356387e+002
1.234073e+003, 4.350501e+002
1.234555e+003, 4.341623e+002
1.235037e+003, 4.333864e+002
1.235519e+003, 4.327728e+002
1.236001e+003, 4.321469e+002
1.236484e+003, 4.314459e+002
1.236966e+003, 4.314541e+002
1.237448e+003, 4.331343e+002
1.237930e+003, 4.348205e+002
1.238412e+003, 4.346913e+002
1.238894e+003, 4.336023e+002
1.239376e+003, 4.325692e+002
1.239858e+003, 4.315417e+002
1.240340e+003, 4.314186e+002
1.240823e+003, 4.322229e+002
1.241305e+003, 4.332560e+002
1.241787e+003, 4.343225e+002
1.242269e+003, 4.351886e+002
1.242751e+003, 4.355617e+002
1.243233e+003, 4.356396e+002
1.243715e+003, 4.356795e+002
1.244197e+003, 4.357025e+002
1.244679e+003, 4.353636e+002
1.245162e+003, 4.346826e+002
1.245644e+003, 4.346943e+002
1.246126e+003, 4.368804e+002
1.246608e+003, 4.387324e+002
1.247090e+003, 4.381576e+002
1.247572e+003, 4.366006e+002
1.248054e+003, 4.358766e+002
1.248536e+003, 4.360428e+002
1.249019e+003, 4.351065e+002
1.249501e+003, 4.332267e+002
1.249983e+003, 4.320378e+002
1.250465e+003, 4.331118e+002
1.250947e+003, 4.342843e+002
1.251429e+003, 4.343573e+002
1.251911e+003, 4.340594e+002
1.252393e+003, 4.340824e+002
1.252875e+003, 4.343887e+002
1.253358e+003, 4.342766e+002
1.253840e+003, 4.338219e+002
1.254322e+003, 4.335797e+002
1.254804e+003, 4.332261e+002
1.255286e+003, 4.339661e+002
1.255768e+003, 4.374142e+002
1.256250e+003, 4.408589e+002
1.256732e+003, 4.419094e+002
1.257214e+003, 4.408954e+002
1.257697e+003, 4.394199e+002
1.258179e+003, 4.376635e+002
1.258661e+003, 4.364061e+002
1.259143e+003, 4.363159e+002
1.259625e+003, 4.363523e+002
1.260107e+003, 4.364686e+002
1.260589e+003, 4.364135e+002
1.261071e+003, 4.358846e+002
1.261554e+003, 4.350304e+002
1.262036e+003, 4.339398e+002
1.262518e+003, 4.329121e+002
1.263000e+003, 4.329087e+002
1.263482e+003, 4.360085e+002
1.263964e+003, 4.373178e+002
1.264446e+003, 4.358344e+002
1.264928e+003, 4.339329e+002
1.265411e+003, 4.337845e+002
1.265893e+003, 4.344896e+002
1.266375e+003, 4.342726e+002
1.266857e+003, 4.334462e+002
1.267339e+003, 4.328924e+002
1.267821e+003, 4.326108e+002
1.268303e+003, 4.332953e+002
1.268785e+003, 4.353143e+002
1.269267e+003, 4.370011e+002
1.269750e+003, 4.366688e+002
1.270232e+003, 4.355194e+002
1.270714e+003, 4.351425e+002
1.271196e+003, 4.351707e+002
1.271678e+003, 4.346434e+002
1.272160e+003, 4.330928e+002
1.272642e+003, 4.322188e+002
1.273124e+003, 4.320883e+002
1.273606e+003, 4.323852e+002
1.274089e+003, 4.330305e+002
1.274571e+003, 4.338417e+002
1.275053e+003, 4.349238e+002
1.275535e+003, 4.359270e+002
1.276017e+003, 4.362723e+002
1.276499e+003, 4.358617e+002
1.276981e+003, 4.352910e+002
1.277463e+003, 4.345828e+002
1.277946e+003, 4.341978e+002
1.278428e+003, 4.345811e+002
1.278910e+003, 4.352430e+002
1.279392e+003, 4.362752e+002
1.279874e+003, 4.371559e+002
1.280356e+003, 4.371921e+002
1.280838e+003, 4.364121e+002
1.281320e+003, 4.358677e+002
1.281802e+003, 4.355706e+002
1.282285e+003, 4.354267e+002
1.282767e+003, 4.354643e+002
1.283249e+003, 4.355375e+002
1.283731e+003, 4.355849e+002
1.284213e+003, 4.356451e+002
1.284695e+003, 4.358511e+002
1.285177e+003, 4.360990e+002
1.285659e+003, 4.357120e+002
1.286141e+003, 4.348765e+002
1.286624e+003, 4.343903e+002
1.287106e+003, 4.350178e+002
1.287588e+003, 4.353391e+002
1.288070e+003, 4.349344e+002
1.288552e+003, 4.346763e+002
1.289034e+003, 4.349986e+002
1.289516e+003, 4.361227e+002
1.289998e+003, 4.393628e+002
1.290481e+003, 4.437549e+002
1.290963e+003, 4.468485e+002
1.291445e+003, 4.485384e+002
1.291927e+003, 4.470596e+002
1.292409e+003, 4.414977e+002
1.292891e+003, 4.363541e+002
1.293373e+003, 4.355127e+002
1.293855e+003, 4.363929e+002
1.294338e+003, 4.356372e+002
1.294820e+003, 4.342155e+002
1.295302e+003, 4.341319e+002
1.295784e+003, 4.359779e+002
1.296266e+003, 4.371224e+002
1.296748e+003, 4.375529e+002
1.297230e+003, 4.374773e+002
1.297712e+003, 4.363096e+002
1.298194e+003, 4.355120e+002
1.298677e+003, 4.372310e+002
1.299159e+003, 4.392896e+002
1.299641e+003, 4.386248e+002
1.300123e+003, 4.350986e+002
1.300605e+003, 4.346076e+002
1.301087e+003, 4.368409e+002
1.301569e+003, 4.390728e+002
1.302051e+003, 4.402498e+002
1.302533e+003, 4.404981e+002
1.303016e+003, 4.397523e+002
##END=



