##NAMES=Dwornikite
##RRUFFID=R070379
##IDEAL CHEMISTRY=Ni^2+^S^6+^O_4_&#183;H_2_O
##LOCALITY=Lipovka Mine (Lipovskaya Mine; Lipovaya Mine), Lipovka pegmatite field, Rezh District, Central Urals, Urals Region, Russia
##OWNER=RRUFF
##SOURCE=Michael Scott
##DESCRIPTION=Grayish green coating on acicular millerite
##STATUS=The identification of this mineral is not yet confirmed.
##URL=rruff.info/R070379
132.1081, 618.9910
132.5902, 644.7511
133.0723, 684.9347
133.5544, 721.1001
134.0366, 751.1416
134.5187, 774.5136
135.0008, 790.2512
135.4829, 796.9894
135.9650, 795.2551
136.4471, 796.0786
136.9293, 798.9111
137.4114, 804.5141
137.8935, 819.0375
138.3756, 837.1589
138.8577, 846.2935
139.3398, 835.6928
139.8220, 804.9951
140.3041, 786.0023
140.7862, 781.6004
141.2683, 783.0361
141.7504, 789.9937
142.2325, 800.4809
142.7147, 809.1062
143.1968, 811.2027
143.6789, 806.5854
144.1610, 805.7274
144.6431, 804.6758
145.1252, 810.0542
145.6074, 829.2028
146.0895, 860.4339
146.5716, 892.2241
147.0537, 914.5247
147.5358, 927.3464
148.0179, 947.7017
148.5001, 983.5781
148.9822, 1020.926
149.4643, 1049.508
149.9464, 1069.078
150.4285, 1085.645
150.9106, 1104.830
151.3928, 1125.658
151.8749, 1140.608
152.3570, 1150.540
152.8391, 1153.596
153.3212, 1146.230
153.8033, 1127.959
154.2855, 1106.321
154.7676, 1087.641
155.2497, 1070.473
155.7318, 1048.874
156.2139, 1018.043
156.6960, 984.2105
157.1782, 953.7124
157.6603, 926.8001
158.1424, 903.6503
158.6245, 883.3182
159.1066, 866.9036
159.5887, 858.8613
160.0709, 866.2122
160.5530, 880.4341
161.0351, 889.8176
161.5172, 893.7362
161.9993, 894.0009
162.4814, 888.8210
162.9636, 880.9357
163.4457, 875.3987
163.9278, 875.6669
164.4099, 878.9078
164.8920, 880.2726
165.3741, 879.7148
165.8563, 877.3281
166.3384, 873.1470
166.8205, 867.3092
167.3026, 859.4986
167.7847, 846.3380
168.2668, 832.1167
168.7490, 827.6490
169.2311, 837.6031
169.7132, 846.7416
170.1953, 845.9518
170.6774, 839.3083
171.1595, 832.4992
171.6417, 825.8643
172.1238, 810.8611
172.6059, 821.6679
173.0880, 826.6647
173.5701, 826.1638
174.0522, 803.6990
174.5344, 809.5956
175.0165, 804.1265
175.4986, 798.1913
175.9807, 801.0829
176.4628, 796.8568
176.9449, 791.2908
177.4271, 785.6344
177.9092, 780.4506
178.3913, 775.4777
178.8734, 770.1105
179.3555, 763.4096
179.8376, 756.6470
180.3197, 754.0293
180.8019, 758.6816
181.2840, 761.9912
181.7661, 762.0848
182.2482, 759.2989
182.7303, 752.8984
183.2124, 741.1065
183.6946, 727.7479
184.1767, 724.9764
184.6588, 740.9091
185.1409, 753.4414
185.6230, 755.4988
186.1051, 751.9185
186.5873, 748.1505
187.0694, 746.7253
187.5515, 746.5272
188.0336, 743.9943
188.5157, 735.4803
188.9978, 731.2891
189.4800, 736.7620
189.9621, 745.6403
190.4442, 751.3925
190.9263, 750.9827
191.4084, 746.6877
191.8905, 744.1957
192.3727, 745.6599
192.8548, 744.9706
193.3369, 737.0477
193.8190, 728.6856
194.3011, 727.5008
194.7832, 736.6199
195.2654, 750.8925
195.7475, 759.3854
196.2296, 760.7671
196.7117, 758.2739
197.1938, 749.7472
197.6759, 739.6829
198.1581, 731.4081
198.6402, 726.0957
199.1223, 723.7744
199.6044, 724.6545
200.0865, 729.5526
200.5686, 736.4097
201.0508, 750.5684
201.5329, 762.9691
202.0150, 764.4363
202.4971, 753.1151
202.9792, 737.1520
203.4613, 730.2285
203.9435, 738.0135
204.4256, 742.2396
204.9077, 739.5415
205.3898, 735.3286
205.8719, 732.8879
206.3540, 733.0159
206.8362, 734.8084
207.3183, 736.7883
207.8004, 737.7777
208.2825, 742.1816
208.7646, 756.5471
209.2467, 768.9659
209.7289, 771.0965
210.2110, 762.8088
210.6931, 750.8570
211.1752, 742.7791
211.6573, 739.3322
212.1395, 737.3041
212.6216, 734.8430
213.1037, 735.1992
213.5858, 742.5482
214.0679, 755.2451
214.5500, 766.8683
215.0322, 770.3278
215.5143, 763.8634
215.9964, 760.8741
216.4785, 764.1844
216.9606, 768.2800
217.4427, 771.9377
217.9249, 774.7053
218.4070, 776.1705
218.8891, 775.7885
219.3712, 773.4952
219.8533, 771.6707
220.3354, 771.6265
220.8176, 770.7677
221.2997, 766.1396
221.7818, 760.1598
222.2639, 757.8815
222.7460, 763.4895
223.2281, 776.0150
223.7103, 784.4954
224.1924, 784.8958
224.6745, 785.3525
225.1566, 788.0879
225.6387, 791.8519
226.1208, 794.2415
226.6030, 793.5701
227.0851, 791.1668
227.5672, 792.9139
228.0493, 804.2893
228.5314, 812.4525
229.0135, 812.7109
229.4957, 809.7204
229.9778, 809.2055
230.4599, 813.8329
230.9420, 821.0489
231.4241, 824.2274
231.9062, 819.5486
232.3884, 817.3696
232.8705, 819.8069
233.3526, 824.4599
233.8347, 829.7308
234.3168, 835.0021
234.7989, 839.8259
235.2811, 843.0333
235.7632, 843.1150
236.2453, 845.2708
236.7274, 851.1567
237.2095, 858.1456
237.6916, 864.9810
238.1738, 871.2288
238.6559, 876.6255
239.1380, 880.9658
239.6201, 884.3766
240.1022, 886.1973
240.5843, 883.8685
241.0665, 882.0182
241.5486, 881.2358
242.0307, 882.5327
242.5128, 888.5350
242.9949, 904.1663
243.4770, 930.8508
243.9592, 950.0493
244.4413, 949.1776
244.9234, 952.8271
245.4055, 971.9957
245.8876, 1003.556
246.3697, 1038.330
246.8519, 1072.031
247.3340, 1104.016
247.8161, 1126.206
248.2982, 1131.864
248.7803, 1136.184
249.2624, 1148.847
249.7446, 1163.271
250.2267, 1168.743
250.7088, 1159.212
251.1909, 1137.402
251.6730, 1110.711
252.1551, 1078.155
252.6373, 1042.136
253.1194, 997.5834
253.6015, 952.7902
254.0836, 917.7726
254.5657, 897.1689
255.0478, 883.6666
255.5300, 864.6307
256.0121, 837.4545
256.4942, 814.9078
256.9763, 803.2234
257.4584, 796.2322
257.9406, 791.0057
258.4227, 787.0949
258.9048, 781.5813
259.3869, 768.1365
259.8690, 746.0106
260.3511, 733.8531
260.8333, 744.6604
261.3154, 758.3048
261.7975, 758.5273
262.2796, 745.5817
262.7617, 733.4095
263.2438, 735.6190
263.7260, 748.7172
264.2081, 751.1322
264.6902, 734.8764
265.1723, 716.4301
265.6544, 707.6036
266.1365, 706.4707
266.6187, 707.1998
267.1008, 707.4007
267.5829, 707.5367
268.0650, 708.7870
268.5471, 711.5092
269.0292, 714.2564
269.5114, 716.9494
269.9935, 718.9081
270.4756, 718.5320
270.9577, 714.2013
271.4398, 708.3555
271.9219, 703.1202
272.4041, 698.4600
272.8862, 695.4835
273.3683, 694.8425
273.8504, 696.3867
274.3325, 699.9117
274.8146, 707.5070
275.2968, 713.2698
275.7789, 710.8478
276.2610, 702.5388
276.7431, 698.2719
277.2252, 702.8405
277.7073, 711.3021
278.1895, 715.1203
278.6716, 713.4425
279.1537, 712.2734
279.6358, 715.8104
280.1179, 720.7944
280.6000, 720.6669
281.0822, 713.3943
281.5643, 704.6329
282.0464, 701.5178
282.5285, 704.6205
283.0106, 706.2296
283.4927, 702.1235
283.9749, 698.3024
284.4570, 701.3464
284.9391, 711.3275
285.4212, 722.0609
285.9033, 728.4004
286.3854, 730.3793
286.8676, 734.1051
287.3497, 740.8557
287.8318, 747.9421
288.3139, 755.7824
288.7960, 763.0928
289.2781, 765.7962
289.7603, 760.7891
290.2424, 750.8821
290.7245, 748.1556
291.2066, 757.8566
291.6887, 767.6780
292.1708, 777.4135
292.6530, 785.7133
293.1351, 790.3796
293.6172, 790.7031
294.0993, 788.7285
294.5814, 787.7501
295.0635, 785.6383
295.5457, 789.2313
296.0278, 803.4249
296.5099, 819.3114
296.9920, 830.7119
297.4741, 836.9793
297.9562, 840.9923
298.4384, 845.9075
298.9205, 852.2633
299.4026, 855.6931
299.8847, 853.3965
300.3668, 851.0664
300.8489, 850.3325
301.3311, 851.1062
301.8131, 852.9566
302.2953, 855.8231
302.7774, 859.2970
303.2595, 861.1321
303.7416, 859.4595
304.2237, 858.9115
304.7058, 860.5510
305.1880, 863.6141
305.6701, 868.8687
306.1522, 876.8251
306.6343, 882.5238
307.1164, 875.1914
307.5985, 849.4124
308.0807, 830.9487
308.5628, 831.0188
309.0449, 835.3209
309.5270, 837.4146
310.0091, 836.0883
310.4912, 830.8599
310.9734, 819.3984
311.4555, 802.4326
311.9376, 787.8208
312.4197, 774.5421
312.9018, 766.4568
313.3839, 768.8256
313.8661, 777.8768
314.3482, 783.7086
314.8303, 780.3477
315.3124, 771.7142
315.7945, 764.0342
316.2766, 757.1990
316.7588, 752.0762
317.2409, 750.6334
317.7230, 750.7993
318.2051, 749.2101
318.6872, 745.3416
319.1693, 739.9201
319.6515, 731.8594
320.1336, 722.1965
320.6157, 715.7381
321.0978, 714.8392
321.5799, 716.7794
322.0620, 717.3644
322.5442, 716.4779
323.0263, 715.4709
323.5084, 713.9067
323.9905, 712.7758
324.4726, 714.2511
324.9547, 718.6753
325.4369, 722.3209
325.9190, 721.0124
326.4011, 714.1006
326.8832, 710.5107
327.3653, 713.7021
327.8474, 716.8952
328.3296, 717.0464
328.8117, 714.0718
329.2938, 707.3741
329.7759, 695.6427
330.2580, 681.5212
330.7401, 677.4254
331.2223, 693.9937
331.7044, 707.4563
332.1865, 715.3403
332.6686, 718.9822
333.1507, 718.5824
333.6328, 714.6004
334.1150, 710.0530
334.5971, 709.7452
335.0792, 715.9644
335.5613, 720.2553
336.0434, 720.8692
336.5255, 721.3334
337.0077, 725.5521
337.4898, 731.6658
337.9719, 733.1855
338.4540, 722.8403
338.9361, 702.9656
339.4182, 695.3618
339.9004, 708.9982
340.3825, 722.1735
340.8646, 729.3679
341.3467, 732.2186
341.8288, 732.4850
342.3109, 730.6003
342.7931, 727.5142
343.2752, 724.0453
343.7573, 719.8619
344.2394, 717.6594
344.7215, 718.4863
345.2036, 721.3837
345.6858, 726.2772
346.1679, 733.0563
346.6500, 739.2471
347.1321, 743.7864
347.6142, 746.5473
348.0963, 746.5558
348.5785, 742.8044
349.0606, 739.1467
349.5427, 739.8721
350.0248, 743.2855
350.5069, 744.2280
350.9890, 737.4819
351.4712, 731.3614
351.9533, 735.6921
352.4354, 748.0137
352.9175, 754.6874
353.3996, 747.8176
353.8817, 733.0492
354.3639, 725.5833
354.8460, 728.9893
355.3281, 730.5038
355.8102, 724.0030
356.2923, 715.6226
356.7744, 713.8834
357.2566, 720.2365
357.7387, 728.1572
358.2208, 730.4460
358.7029, 726.2484
359.1850, 720.6193
359.6671, 707.8733
360.1493, 699.4731
360.6314, 703.8086
361.1135, 716.4075
361.5956, 727.5682
362.0777, 731.6575
362.5598, 729.9694
363.0420, 726.9592
363.5241, 720.1859
364.0062, 716.1642
364.4883, 720.4929
364.9704, 724.6000
365.4525, 718.3866
365.9347, 700.9486
366.4168, 684.1177
366.8989, 682.9653
367.3810, 698.6135
367.8631, 711.3079
368.3452, 720.9138
368.8274, 726.4228
369.3095, 723.7596
369.7916, 716.9478
370.2737, 715.7513
370.7558, 727.5453
371.2379, 745.2496
371.7201, 757.3306
372.2022, 763.5020
372.6843, 766.5887
373.1664, 766.5980
373.6485, 764.6630
374.1306, 762.0691
374.6128, 757.9946
375.0949, 756.3571
375.5770, 760.2948
376.0591, 767.9313
376.5412, 776.1476
377.0233, 784.5367
377.5055, 791.7658
377.9876, 796.4466
378.4697, 798.2648
378.9518, 798.8495
379.4339, 799.7186
379.9160, 797.9970
380.3982, 789.0170
380.8803, 775.7360
381.3624, 766.4761
381.8445, 765.9794
382.3266, 771.6814
382.8087, 775.9076
383.2909, 779.9086
383.7730, 780.3546
384.2551, 774.0810
384.7372, 766.3070
385.2193, 762.4512
385.7014, 762.6365
386.1836, 761.4575
386.6657, 751.7979
387.1478, 732.8673
387.6299, 721.6672
388.1120, 726.6599
388.5941, 729.7482
389.0763, 723.4387
389.5584, 711.8198
390.0405, 701.3869
390.5226, 694.7126
391.0047, 690.7007
391.4868, 687.9082
391.9690, 686.4550
392.4511, 685.0683
392.9332, 682.3606
393.4153, 680.6790
393.8974, 683.4504
394.3795, 690.5934
394.8617, 695.2234
395.3438, 692.3600
395.8259, 685.3973
396.3080, 679.7314
396.7901, 675.8587
397.2722, 672.6152
397.7544, 668.7830
398.2365, 664.9892
398.7186, 663.8816
399.2007, 668.0998
399.6828, 671.9905
400.1649, 673.1617
400.6471, 672.6162
401.1292, 671.7745
401.6113, 671.0949
402.0934, 670.9052
402.5755, 671.7811
403.0576, 674.2831
403.5398, 676.1403
404.0219, 678.1800
404.5040, 678.9371
404.9861, 676.0372
405.4682, 671.1817
405.9503, 668.8992
406.4325, 672.5974
406.9146, 679.7434
407.3967, 680.2039
407.8788, 667.4102
408.3609, 661.6241
408.8430, 674.0147
409.3252, 689.5547
409.8073, 696.0633
410.2894, 691.8751
410.7715, 684.6616
411.2536, 679.9239
411.7357, 677.5078
412.2179, 677.2864
412.7000, 680.2909
413.1821, 682.9960
413.6642, 682.5381
414.1463, 680.0591
414.6284, 677.5254
415.1106, 674.0350
415.5927, 672.1193
416.0748, 674.9095
416.5569, 680.9389
417.0390, 685.2415
417.5211, 685.7282
418.0033, 685.4180
418.4854, 689.5229
418.9675, 700.8544
419.4496, 706.5673
419.9317, 700.4951
420.4138, 693.3373
420.8960, 692.7820
421.3781, 697.7595
421.8602, 702.8029
422.3423, 704.3336
422.8244, 703.3319
423.3065, 704.1649
423.7887, 709.3593
424.2708, 712.3920
424.7529, 709.4534
425.2350, 706.3797
425.7171, 708.9012
426.1992, 717.2860
426.6814, 726.1772
427.1635, 731.1212
427.6456, 732.2314
428.1277, 729.9467
428.6098, 722.4904
429.0919, 715.0432
429.5741, 708.0480
430.0562, 703.2833
430.5383, 704.8701
431.0204, 717.0444
431.5025, 728.6587
431.9846, 727.2621
432.4668, 717.0804
432.9489, 714.2236
433.4310, 724.0926
433.9131, 737.9540
434.3952, 745.9667
434.8773, 747.5490
435.3595, 747.8659
435.8416, 745.5738
436.3237, 743.5043
436.8058, 742.6747
437.2879, 743.4861
437.7701, 747.4084
438.2522, 755.5087
438.7343, 765.0818
439.2164, 768.8189
439.6985, 760.8792
440.1806, 757.5230
440.6628, 760.5436
441.1449, 766.3983
441.6270, 775.7156
442.1091, 786.3367
442.5912, 792.1002
443.0733, 786.2776
443.5555, 772.7582
444.0376, 767.3146
444.5197, 772.7764
445.0018, 778.3678
445.4839, 777.2333
445.9660, 775.7451
446.4482, 782.0380
446.9303, 798.3857
447.4124, 812.0564
447.8945, 811.7086
448.3766, 803.8519
448.8587, 803.0620
449.3409, 811.7280
449.8230, 820.7398
450.3051, 822.6736
450.7872, 818.2897
451.2693, 816.3560
451.7514, 818.2264
452.2336, 820.7563
452.7157, 822.9342
453.1978, 825.1493
453.6799, 828.1329
454.1620, 832.0420
454.6441, 836.1318
455.1263, 839.4064
455.6084, 841.6899
456.0905, 844.1349
456.5726, 848.9816
457.0547, 851.5859
457.5368, 847.8162
458.0190, 841.4927
458.5011, 839.4702
458.9832, 845.3657
459.4653, 852.9811
459.9474, 852.4584
460.4295, 843.6516
460.9117, 836.9302
461.3938, 834.9673
461.8759, 834.7059
462.3580, 833.3987
462.8401, 831.3005
463.3222, 829.7888
463.8044, 827.7359
464.2865, 827.5944
464.7686, 835.0800
465.2507, 847.2657
465.7328, 851.0114
466.2149, 839.0681
466.6971, 821.2788
467.1792, 817.4506
467.6613, 838.4119
468.1434, 850.7715
468.6255, 850.4996
469.1076, 845.3533
469.5898, 838.3707
470.0719, 830.6536
470.5540, 822.9919
471.0361, 815.5331
471.5182, 809.2921
472.0003, 808.1751
472.4825, 815.4942
472.9646, 818.9001
473.4467, 810.1425
473.9288, 800.6583
474.4109, 798.7079
474.8930, 804.0710
475.3752, 809.5075
475.8573, 811.2819
476.3394, 810.3357
476.8215, 807.3404
477.3036, 802.3014
477.7857, 798.8351
478.2679, 799.6642
478.7500, 802.4591
479.2321, 801.3504
479.7142, 795.2731
480.1963, 788.7819
480.6784, 781.9774
481.1606, 775.6376
481.6427, 770.4712
482.1248, 766.4981
482.6069, 763.2591
483.0890, 760.2626
483.5711, 757.8358
484.0533, 758.1164
484.5354, 765.1345
485.0175, 768.0826
485.4996, 762.5355
485.9817, 754.8860
486.4638, 749.7703
486.9460, 747.8443
487.4281, 747.7037
487.9102, 749.4152
488.3923, 752.0142
488.8744, 752.4935
489.3565, 750.6594
489.8387, 747.4402
490.3208, 741.2578
490.8029, 735.1376
491.2850, 735.3749
491.7671, 744.2385
492.2492, 752.7474
492.7314, 757.4969
493.2135, 760.4832
493.6956, 764.3138
494.1777, 768.9860
494.6598, 772.5485
495.1419, 773.6935
495.6241, 772.3185
496.1062, 767.4371
496.5883, 750.9361
497.0704, 742.6907
497.5525, 750.1889
498.0346, 762.4405
498.5168, 770.5351
498.9989, 773.4974
499.4810, 775.8240
499.9631, 781.6655
500.4452, 789.8282
500.9273, 794.7932
501.4095, 795.1525
501.8916, 798.5822
502.3737, 811.5602
502.8558, 827.7353
503.3379, 835.9698
503.8200, 833.4066
504.3022, 834.1185
504.7843, 846.6818
505.2664, 863.3765
505.7485, 874.5152
506.2306, 880.0464
506.7127, 886.3087
507.1949, 897.8112
507.6770, 913.1373
508.1591, 925.8260
508.6412, 930.9452
509.1233, 940.8920
509.6054, 960.3527
510.0876, 981.5156
510.5697, 998.6843
511.0518, 1011.752
511.5339, 1023.909
512.0161, 1037.461
512.4982, 1051.713
512.9803, 1063.833
513.4624, 1072.726
513.9445, 1086.252
514.4266, 1111.449
514.9088, 1138.863
515.3909, 1156.177
515.8730, 1162.887
516.3551, 1167.321
516.8372, 1170.745
517.3193, 1173.951
517.8015, 1175.892
518.2836, 1177.909
518.7657, 1185.656
519.2478, 1202.704
519.7299, 1224.572
520.2120, 1240.743
520.6942, 1250.397
521.1763, 1255.622
521.6584, 1252.267
522.1405, 1248.915
522.6226, 1251.126
523.1047, 1257.175
523.5869, 1261.593
524.0690, 1260.859
524.5511, 1258.558
525.0332, 1262.689
525.5153, 1273.168
525.9974, 1275.693
526.4796, 1263.653
526.9617, 1247.866
527.4438, 1239.815
527.9259, 1238.580
528.4080, 1237.888
528.8901, 1241.987
529.3723, 1241.337
529.8544, 1224.708
530.3365, 1200.301
530.8186, 1185.671
531.3007, 1186.496
531.7828, 1191.614
532.2650, 1184.415
532.7471, 1161.367
533.2292, 1148.050
533.7113, 1156.389
534.1934, 1160.850
534.6755, 1150.484
535.1577, 1132.958
535.6398, 1118.807
536.1219, 1111.139
536.6040, 1105.587
537.0861, 1099.524
537.5682, 1092.374
538.0504, 1081.061
538.5325, 1064.570
539.0146, 1049.542
539.4967, 1041.512
539.9788, 1038.895
540.4609, 1033.863
540.9431, 1028.164
541.4252, 1017.954
541.9073, 995.4642
542.3894, 972.6364
542.8715, 963.2256
543.3536, 966.5684
543.8358, 970.3823
544.3179, 964.9852
544.8000, 952.0547
545.2821, 938.4962
545.7642, 923.6849
546.2463, 909.9435
546.7285, 895.4487
547.2106, 884.3047
547.6927, 883.7258
548.1748, 892.2194
548.6569, 892.9097
549.1390, 869.3212
549.6211, 840.7057
550.1032, 829.9647
550.5853, 833.7445
551.0674, 836.1787
551.5496, 830.9537
552.0317, 821.2972
552.5138, 811.8760
552.9959, 801.2883
553.4780, 795.8398
553.9601, 803.5446
554.4423, 807.0608
554.9244, 794.2166
555.4065, 774.2016
555.8886, 762.1301
556.3707, 763.6292
556.8528, 770.3970
557.3350, 774.8713
557.8171, 776.5803
558.2992, 770.3867
558.7813, 753.5324
559.2634, 735.8849
559.7455, 722.7474
560.2277, 714.0784
560.7098, 708.8883
561.1919, 708.4930
561.6740, 709.2061
562.1561, 710.9414
562.6382, 712.5734
563.1204, 713.4661
563.6025, 713.1902
564.0846, 710.5496
564.5667, 704.3335
565.0488, 695.6010
565.5309, 688.9176
566.0131, 686.4249
566.4952, 680.5601
566.9773, 664.6498
567.4594, 649.2816
567.9415, 641.4767
568.4236, 640.4171
568.9058, 640.8640
569.3879, 642.2291
569.8700, 642.6824
570.3521, 639.6364
570.8342, 634.0281
571.3163, 628.5892
571.7985, 624.0163
572.2806, 621.2898
572.7627, 621.9836
573.2448, 626.6329
573.7269, 629.6586
574.2090, 630.2277
574.6912, 630.2929
575.1733, 630.6137
575.6554, 630.5371
576.1375, 629.2477
576.6196, 626.5922
577.1017, 623.1730
577.5839, 617.8350
578.0660, 612.1816
578.5481, 613.4899
579.0302, 623.0390
579.5123, 628.5439
579.9944, 622.0519
580.4766, 610.3196
580.9587, 607.2264
581.4408, 615.0016
581.9229, 620.1820
582.4050, 620.0963
582.8871, 617.6152
583.3693, 613.1893
583.8514, 608.0732
584.3335, 604.3059
584.8156, 602.8514
585.2977, 603.0640
585.7798, 603.7656
586.2620, 604.8289
586.7441, 608.7639
587.2262, 620.3007
587.7083, 627.1088
588.1904, 615.9747
588.6725, 597.1622
589.1547, 588.0098
589.6368, 593.8156
590.1189, 601.2568
590.6010, 604.8482
591.0831, 605.9746
591.5652, 605.9706
592.0474, 605.1721
592.5295, 604.1865
593.0116, 603.5757
593.4937, 602.5923
593.9758, 598.0759
594.4579, 585.8549
594.9401, 580.0860
595.4222, 588.2123
595.9043, 597.4423
596.3864, 601.2908
596.8685, 601.1666
597.3506, 601.6266
597.8328, 605.3521
598.3149, 608.1936
598.7970, 604.5614
599.2791, 597.2728
599.7612, 593.8332
600.2433, 595.6847
600.7255, 599.6406
601.2076, 603.5043
601.6897, 607.0330
602.1718, 608.2468
602.6539, 606.7924
603.1360, 603.2987
603.6182, 595.5155
604.1003, 587.5564
604.5824, 582.2632
605.0645, 579.7024
605.5466, 578.6653
606.0287, 578.7215
606.5109, 579.5420
606.9930, 581.2730
607.4751, 583.6302
607.9572, 583.6694
608.4393, 579.8745
608.9214, 576.7180
609.4036, 579.0288
609.8857, 586.8487
610.3678, 593.6339
610.8499, 603.1302
611.3320, 606.9866
611.8141, 598.0924
612.2963, 585.8807
612.7784, 580.5579
613.2605, 582.5636
613.7426, 584.4404
614.2247, 579.2076
614.7068, 570.9769
615.1890, 571.7405
615.6711, 582.0831
616.1532, 587.9854
616.6353, 584.5402
617.1174, 576.7054
617.5995, 567.9670
618.0817, 558.2899
618.5638, 555.7747
619.0459, 566.0717
619.5280, 577.3972
620.0101, 587.4977
620.4922, 594.9380
620.9744, 597.9078
621.4565, 596.2828
621.9386, 591.4132
622.4207, 582.6085
622.9028, 572.3325
623.3849, 572.4314
623.8671, 585.4501
624.3492, 593.6432
624.8313, 589.3560
625.3134, 580.6248
625.7955, 576.7203
626.2776, 577.3238
626.7598, 578.5114
627.2419, 580.3952
627.7240, 582.0510
628.2061, 583.4533
628.6882, 584.1418
629.1703, 582.6489
629.6525, 579.0927
630.1346, 576.5341
630.6167, 578.7415
631.0988, 584.4060
631.5809, 585.5091
632.0630, 580.4365
632.5452, 577.3513
633.0273, 581.0005
633.5094, 585.4453
633.9915, 582.0355
634.4736, 571.3864
634.9557, 566.8223
635.4379, 578.6514
635.9200, 589.1742
636.4021, 585.9235
636.8842, 575.7889
637.3663, 569.7393
637.8484, 570.3560
638.3306, 573.2762
638.8127, 574.5601
639.2948, 574.3009
639.7769, 572.7783
640.2590, 569.4871
640.7411, 566.7533
641.2233, 565.7710
641.7054, 565.1167
642.1875, 562.7935
642.6696, 559.0296
643.1517, 556.8980
643.6339, 558.3387
644.1160, 560.1688
644.5981, 560.5864
645.0802, 560.2853
645.5623, 560.3856
646.0444, 561.1077
646.5266, 561.8636
647.0087, 561.9725
647.4908, 561.7314
647.9729, 562.8369
648.4550, 565.8467
648.9371, 568.0909
649.4193, 570.0616
649.9014, 569.7103
650.3835, 563.0356
650.8656, 551.3196
651.3477, 543.7556
651.8298, 545.1953
652.3120, 547.3015
652.7941, 545.1857
653.2762, 541.8727
653.7583, 541.5015
654.2404, 544.6258
654.7225, 549.5197
655.2047, 555.5487
655.6868, 561.2585
656.1689, 560.4537
656.6510, 551.5212
657.1331, 546.1700
657.6152, 547.9178
658.0974, 552.3583
658.5795, 556.9332
659.0616, 561.1971
659.5437, 562.7653
660.0258, 558.6150
660.5079, 555.2478
660.9901, 557.3795
661.4722, 559.7831
661.9543, 554.2513
662.4364, 542.5930
662.9185, 535.6974
663.4006, 541.5629
663.8828, 554.4449
664.3649, 562.8998
664.8470, 566.9038
665.3291, 566.4406
665.8112, 559.4702
666.2933, 552.8782
666.7755, 552.2112
667.2576, 556.2076
667.7397, 559.1048
668.2218, 562.9673
668.7039, 562.4304
669.1860, 550.5176
669.6682, 538.7079
670.1503, 536.4166
670.6324, 542.2297
671.1145, 550.9808
671.5966, 560.8223
672.0787, 567.4656
672.5609, 562.5185
673.0430, 547.8788
673.5251, 536.9453
674.0072, 530.9338
674.4893, 528.8882
674.9714, 530.8729
675.4536, 535.9587
675.9357, 541.9995
676.4178, 550.8444
676.8999, 556.5836
677.3820, 557.3957
677.8641, 556.7739
678.3463, 557.0431
678.8284, 556.9662
679.3105, 553.5385
679.7926, 545.8206
680.2747, 538.3854
680.7568, 535.7211
681.2390, 536.5269
681.7211, 537.8771
682.2032, 539.6567
682.6853, 542.3793
683.1674, 546.3299
683.6495, 551.1882
684.1317, 556.7788
684.6138, 563.6534
685.0959, 568.2303
685.5780, 571.0651
686.0601, 570.9093
686.5422, 566.3308
687.0244, 559.2791
687.5065, 550.5249
687.9886, 540.6671
688.4707, 533.3340
688.9528, 530.0011
689.4349, 530.6693
689.9171, 539.7935
690.3992, 552.9077
690.8813, 554.7700
691.3634, 541.5311
691.8455, 526.8858
692.3276, 525.1671
692.8098, 534.5398
693.2919, 538.6004
693.7740, 534.6340
694.2561, 531.2997
694.7382, 527.7418
695.2203, 527.6047
695.7025, 536.3458
696.1846, 551.0569
696.6667, 560.8764
697.1488, 562.2462
697.6309, 559.5143
698.1130, 550.2175
698.5952, 540.8156
699.0773, 542.6427
699.5594, 553.6586
700.0415, 559.6917
700.5236, 551.5162
701.0057, 535.9910
701.4879, 525.6389
701.9700, 520.2934
702.4521, 524.4410
702.9342, 542.6786
703.4163, 559.8317
703.8984, 568.1511
704.3806, 568.7147
704.8627, 563.3676
705.3448, 548.6061
705.8269, 538.3790
706.3090, 534.9351
706.7911, 536.1312
707.2733, 544.6586
707.7554, 555.5887
708.2375, 561.0334
708.7196, 558.7081
709.2017, 553.0642
709.6838, 544.4393
710.1660, 536.6367
710.6481, 543.5562
711.1302, 564.0831
711.6123, 575.4334
712.0944, 568.2670
712.5765, 554.2732
713.0587, 547.7719
713.5408, 549.1698
714.0229, 549.3908
714.5050, 547.0364
714.9871, 545.4141
715.4692, 544.4969
715.9514, 544.9060
716.4335, 548.9419
716.9156, 555.1996
717.3977, 557.4491
717.8798, 549.8010
718.3619, 542.1920
718.8441, 544.9592
719.3262, 552.1969
719.8083, 553.2313
720.2904, 547.3096
720.7725, 540.3541
721.2546, 536.0525
721.7368, 534.5708
722.2189, 536.9231
722.7010, 543.7673
723.1831, 550.1393
723.6652, 556.4971
724.1473, 560.7001
724.6295, 560.1776
725.1116, 557.1693
725.5937, 557.1033
726.0758, 562.3156
726.5579, 562.2486
727.0400, 548.3748
727.5222, 535.4188
728.0043, 533.2875
728.4864, 537.5773
728.9685, 541.0341
729.4506, 541.5305
729.9327, 540.6876
730.4149, 539.5260
730.8970, 538.2371
731.3791, 536.5227
731.8612, 534.6840
732.3433, 536.6008
732.8254, 544.1107
733.3076, 551.0242
733.7897, 550.7800
734.2718, 543.9061
734.7539, 537.0853
735.2360, 526.9715
735.7181, 522.5967
736.2003, 530.0097
736.6824, 538.5326
737.1645, 542.9418
737.6466, 543.0683
738.1287, 538.3284
738.6108, 524.3409
739.0930, 515.8679
739.5751, 526.3224
740.0572, 543.3012
740.5393, 552.9978
741.0214, 555.5629
741.5035, 557.3809
741.9857, 561.4398
742.4678, 563.1306
742.9499, 552.2711
743.4320, 530.5012
743.9141, 522.5972
744.3962, 531.6914
744.8784, 538.3751
745.3605, 533.0086
745.8426, 525.0893
746.3247, 529.0810
746.8068, 547.2592
747.2889, 555.6780
747.7711, 547.9223
748.2532, 539.4044
748.7353, 532.8809
749.2174, 527.7345
749.6995, 522.6952
750.1816, 518.2414
750.6638, 516.5920
751.1459, 519.2209
751.6280, 524.2263
752.1101, 531.7396
752.5922, 539.7250
753.0743, 544.1602
753.5565, 544.7844
754.0386, 542.7912
754.5207, 538.4606
755.0028, 534.8976
755.4849, 539.5243
755.9670, 553.6776
756.4492, 563.9098
756.9313, 570.8942
757.4134, 571.3441
757.8955, 560.2648
758.3776, 544.5073
758.8597, 533.7708
759.3419, 528.0133
759.8240, 526.1960
760.3061, 531.2188
760.7882, 536.6199
761.2703, 541.6596
761.7524, 544.7599
762.2346, 543.2119
762.7167, 537.7830
763.1988, 532.9702
763.6809, 531.1148
764.1630, 531.3483
764.6451, 533.3306
765.1273, 536.5014
765.6094, 540.8351
766.0915, 545.7198
766.5736, 545.1401
767.0557, 534.3472
767.5378, 520.6114
768.0200, 522.2037
768.5021, 543.5662
768.9842, 552.1827
769.4663, 541.0177
769.9484, 531.3859
770.4305, 536.8878
770.9127, 545.9116
771.3948, 537.9081
771.8769, 510.5461
772.3590, 497.7492
772.8411, 518.0927
773.3232, 536.0862
773.8054, 533.9650
774.2875, 525.3383
774.7696, 525.2776
775.2517, 534.1622
775.7338, 543.2964
776.2159, 548.9377
776.6981, 550.7072
777.1802, 545.6682
777.6623, 537.0376
778.1444, 532.0858
778.6265, 531.5580
779.1086, 533.6491
779.5908, 537.6664
780.0729, 541.4700
780.5550, 540.0080
781.0371, 532.2598
781.5192, 530.2941
782.0013, 536.9662
782.4835, 541.5356
782.9656, 537.1998
783.4477, 531.4164
783.9298, 536.4601
784.4119, 552.8038
784.8940, 558.5778
785.3762, 541.6125
785.8583, 528.5314
786.3404, 530.2255
786.8225, 535.7565
787.3046, 534.6988
787.7867, 528.5709
788.2689, 525.8037
788.7510, 530.5888
789.2331, 537.4375
789.7152, 542.7698
790.1973, 546.6509
790.6794, 550.0220
791.1616, 552.2465
791.6437, 549.9536
792.1258, 541.6628
792.6079, 531.8207
793.0900, 526.2333
793.5721, 524.6066
794.0543, 524.1191
794.5364, 524.7979
795.0185, 526.7383
795.5006, 530.8152
795.9827, 534.2755
796.4648, 533.6771
796.9470, 529.6402
797.4291, 528.8597
797.9112, 534.5201
798.3933, 538.9064
798.8754, 543.6224
799.3575, 545.0637
799.8397, 536.1764
800.3218, 523.9616
800.8039, 523.1448
801.2860, 539.0557
801.7681, 552.1680
802.2502, 548.9398
802.7324, 541.9440
803.2145, 542.9899
803.6966, 548.7748
804.1787, 551.9600
804.6608, 550.8113
805.1429, 548.7179
805.6251, 549.2123
806.1072, 549.7198
806.5893, 542.1796
807.0714, 528.3347
807.5535, 522.6990
808.0356, 528.1401
808.5178, 535.3635
808.9999, 538.6870
809.4820, 538.6333
809.9641, 535.7997
810.4462, 528.0909
810.9283, 525.4781
811.4105, 530.9205
811.8926, 536.6248
812.3747, 538.8875
812.8568, 540.3862
813.3389, 545.8612
813.8210, 555.2512
814.3032, 558.0112
814.7853, 547.1033
815.2674, 536.3195
815.7495, 529.0760
816.2316, 524.9925
816.7137, 525.2219
817.1959, 528.1389
817.6780, 529.5161
818.1601, 527.4102
818.6422, 524.2144
819.1243, 520.6733
819.6064, 518.0562
820.0886, 518.9089
820.5707, 522.5613
821.0528, 526.5192
821.5349, 529.8656
822.0170, 532.3745
822.4991, 533.4001
822.9813, 533.6281
823.4634, 536.7919
823.9455, 543.1841
824.4276, 546.7296
824.9097, 545.9206
825.3918, 542.7010
825.8740, 537.1470
826.3561, 531.3497
826.8382, 533.1903
827.3203, 550.2157
827.8024, 557.2849
828.2845, 543.2656
828.7667, 532.9443
829.2488, 539.3059
829.7309, 551.6464
830.2130, 557.2890
830.6951, 555.4631
831.1772, 553.0640
831.6594, 550.6879
832.1415, 549.3353
832.6236, 551.8521
833.1057, 553.8295
833.5878, 548.2437
834.0699, 537.8840
834.5521, 533.5010
835.0342, 540.9639
835.5163, 549.3309
835.9984, 546.6108
836.4805, 539.2076
836.9626, 538.4104
837.4448, 542.8453
837.9269, 546.0896
838.4090, 545.7452
838.8911, 539.8604
839.3732, 523.4120
839.8553, 502.3284
840.3375, 501.2359
840.8196, 520.6109
841.3017, 535.7195
841.7838, 542.4897
842.2659, 542.4542
842.7480, 534.2291
843.2302, 523.1177
843.7123, 523.6309
844.1944, 542.2617
844.6765, 550.4752
845.1586, 541.0536
845.6407, 531.9767
846.1229, 529.3071
846.6050, 529.6936
847.0871, 529.8624
847.5692, 529.9241
848.0513, 532.0021
848.5334, 540.1504
849.0156, 545.2592
849.4977, 543.7847
849.9798, 539.3229
850.4619, 533.4574
850.9440, 527.1202
851.4261, 521.1676
851.9083, 515.6951
852.3904, 512.7278
852.8725, 515.5716
853.3546, 519.8771
853.8367, 521.9938
854.3188, 521.7066
854.8010, 517.8869
855.2831, 511.0857
855.7652, 504.9057
856.2473, 501.5016
856.7294, 501.6818
857.2115, 508.1275
857.6937, 519.5499
858.1758, 531.7666
858.6579, 544.1012
859.1400, 550.8526
859.6221, 549.0236
860.1042, 543.0045
860.5864, 538.5690
861.0685, 535.7511
861.5506, 535.3878
862.0327, 538.7916
862.5148, 539.1436
862.9969, 533.2823
863.4791, 527.2395
863.9612, 525.7747
864.4433, 527.8598
864.9254, 529.7720
865.4075, 530.7835
865.8896, 533.1724
866.3718, 541.7675
866.8539, 545.9439
867.3360, 536.1867
867.8181, 523.7813
868.3002, 522.8784
868.7823, 533.4735
869.2645, 541.6789
869.7466, 543.3737
870.2287, 542.8057
870.7108, 540.0397
871.1929, 536.9586
871.6750, 534.8073
872.1572, 533.8252
872.6393, 534.0965
873.1214, 535.6548
873.6035, 538.4174
874.0856, 544.9058
874.5677, 550.4455
875.0499, 547.2663
875.5320, 539.8102
876.0141, 539.0918
876.4962, 545.7406
876.9783, 549.4045
877.4604, 542.5775
877.9426, 531.2566
878.4247, 523.4490
878.9068, 519.4417
879.3889, 522.5848
879.8710, 532.1477
880.3531, 537.3813
880.8353, 533.7469
881.3174, 527.0383
881.7995, 523.9179
882.2816, 523.9084
882.7637, 523.8523
883.2458, 523.5199
883.7280, 525.5203
884.2101, 531.6550
884.6922, 535.3875
885.1743, 531.5681
885.6564, 523.6454
886.1385, 519.2623
886.6207, 519.5285
887.1028, 518.1183
887.5849, 510.6224
888.0670, 508.7831
888.5491, 525.4510
889.0313, 540.3397
889.5134, 530.1413
889.9955, 501.9625
890.4776, 488.6498
890.9597, 500.4904
891.4418, 512.5920
891.9240, 524.3500
892.4061, 532.6197
892.8882, 535.8301
893.3703, 534.5676
893.8524, 527.4570
894.3345, 515.2449
894.8167, 507.4077
895.2988, 508.3762
895.7809, 513.9153
896.2630, 528.3755
896.7451, 541.2591
897.2272, 538.6508
897.7094, 525.2059
898.1915, 514.4420
898.6736, 511.1767
899.1557, 512.1262
899.6378, 517.6887
900.1199, 523.6558
900.6021, 523.3335
901.0842, 519.8116
901.5663, 520.0069
902.0484, 524.6990
902.5305, 530.6525
903.0126, 536.2705
903.4948, 539.4511
903.9769, 534.5925
904.4590, 525.1196
904.9411, 522.4688
905.4232, 526.3362
905.9053, 530.8954
906.3875, 534.2133
906.8696, 536.0329
907.3517, 535.9539
907.8338, 534.4214
908.3159, 531.9949
908.7980, 528.6384
909.2802, 530.9702
909.7623, 541.0580
910.2444, 545.2447
910.7265, 535.0850
911.2086, 521.5625
911.6907, 521.6790
912.1729, 535.1611
912.6550, 538.9329
913.1371, 528.6821
913.6192, 522.8903
914.1013, 527.5963
914.5834, 531.5945
915.0656, 525.3356
915.5477, 514.6580
916.0298, 513.4374
916.5119, 524.6934
916.9940, 534.2655
917.4761, 547.2006
917.9583, 551.2561
918.4404, 535.5011
918.9225, 516.8492
919.4046, 508.7875
919.8867, 509.0256
920.3688, 508.3338
920.8510, 504.7112
921.3331, 503.0492
921.8152, 505.5839
922.2973, 508.4455
922.7794, 508.4476
923.2615, 508.7224
923.7437, 515.2818
924.2258, 526.8413
924.7079, 531.8629
925.1900, 521.7815
925.6721, 513.1072
926.1542, 514.7350
926.6364, 518.3613
927.1185, 516.5267
927.6006, 512.2319
928.0827, 511.8422
928.5648, 516.4742
929.0469, 521.1395
929.5291, 522.4678
930.0112, 523.4986
930.4933, 529.6892
930.9754, 534.7443
931.4575, 527.4395
931.9396, 512.0804
932.4218, 502.2334
932.9039, 502.7715
933.3860, 508.4503
933.8681, 518.9588
934.3502, 528.6790
934.8323, 527.5115
935.3145, 520.9183
935.7966, 521.0104
936.2787, 528.1011
936.7608, 534.1249
937.2429, 534.8079
937.7250, 532.7743
938.2072, 530.3338
938.6893, 527.9152
939.1714, 526.3044
939.6535, 525.5966
940.1356, 526.5945
940.6177, 529.2276
941.0999, 531.0936
941.5820, 530.3900
942.0641, 528.5446
942.5462, 528.6573
943.0283, 530.0090
943.5104, 527.9207
943.9926, 522.6212
944.4747, 519.6767
944.9568, 520.8241
945.4389, 524.2687
945.9210, 529.1617
946.4031, 533.3548
946.8853, 528.8015
947.3674, 515.5731
947.8495, 509.6367
948.3316, 512.4088
948.8137, 518.7177
949.2958, 527.5264
949.7780, 534.3972
950.2601, 534.2730
950.7422, 527.9263
951.2243, 517.4898
951.7064, 500.6718
952.1885, 496.4873
952.6707, 510.6678
953.1528, 522.4910
953.6349, 521.4807
954.1170, 515.0803
954.5991, 512.8734
955.0812, 514.7795
955.5634, 519.3159
956.0455, 528.6481
956.5276, 533.6276
957.0097, 531.5506
957.4918, 528.1470
957.9739, 525.0553
958.4561, 524.1552
958.9382, 530.0046
959.4203, 543.7234
959.9024, 547.8852
960.3845, 535.7982
960.8666, 527.5592
961.3488, 527.1813
961.8309, 529.9120
962.3130, 535.4604
962.7951, 540.8682
963.2772, 539.5308
963.7593, 529.5518
964.2415, 522.9567
964.7236, 519.8694
965.2057, 519.9937
965.6878, 525.7729
966.1699, 532.3358
966.6520, 538.6398
967.1342, 543.0062
967.6163, 539.9819
968.0984, 525.4075
968.5805, 519.7922
969.0626, 533.9959
969.5447, 544.0028
970.0269, 540.7522
970.5090, 533.9277
970.9911, 529.1050
971.4732, 526.8809
971.9553, 529.0630
972.4374, 538.6229
972.9196, 542.4846
973.4017, 530.6095
973.8838, 523.3293
974.3659, 532.4900
974.8480, 545.3208
975.3301, 549.8590
975.8123, 548.3722
976.2944, 549.5656
976.7765, 554.8098
977.2586, 562.7390
977.7407, 576.4157
978.2228, 588.5987
978.7050, 597.1531
979.1871, 601.8420
979.6692, 600.4960
980.1513, 595.1752
980.6334, 592.7211
981.1155, 595.5569
981.5977, 598.2931
982.0798, 598.0774
982.5619, 598.8401
983.0440, 604.9916
983.5261, 611.4554
984.0082, 613.2958
984.4904, 610.2292
984.9725, 602.8760
985.4546, 588.9542
985.9367, 578.0698
986.4188, 575.8322
986.9009, 575.1137
987.3831, 574.1833
987.8652, 570.7672
988.3473, 559.6695
988.8294, 543.4753
989.3115, 533.6987
989.7936, 535.9132
990.2758, 538.5181
990.7579, 536.9429
991.2400, 534.0515
991.7221, 529.4048
992.2042, 526.0167
992.6863, 530.1984
993.1685, 539.4956
993.6506, 541.3589
994.1327, 528.6704
994.6148, 516.9282
995.0969, 511.3962
995.5790, 510.8789
996.0612, 519.9163
996.5433, 530.0532
997.0254, 528.7219
997.5075, 517.7417
997.9896, 511.2127
998.4717, 515.0630
998.9539, 520.4495
999.4360, 525.3018
999.9181, 528.1415
1000.400, 529.0821
1000.882, 526.6282
1001.364, 515.6584
1001.847, 499.0318
1002.329, 489.6639
1002.811, 494.3464
1003.293, 499.2627
1003.775, 493.5522
1004.257, 490.5771
1004.739, 504.5069
1005.221, 523.3637
1005.703, 532.2178
1006.186, 530.7222
1006.668, 525.3769
1007.150, 515.7949
1007.632, 511.2369
1008.114, 521.2425
1008.596, 531.7726
1009.078, 534.7584
1009.560, 532.2955
1010.043, 524.3112
1010.525, 513.7469
1011.007, 509.5047
1011.489, 515.6671
1011.971, 523.1760
1012.453, 530.3154
1012.935, 535.1774
1013.417, 537.0047
1013.899, 535.6099
1014.382, 527.7800
1014.864, 516.6254
1015.346, 512.3472
1015.828, 519.4916
1016.310, 525.9938
1016.792, 526.3427
1017.274, 525.9016
1017.756, 527.1323
1018.239, 529.3965
1018.721, 533.4298
1019.203, 537.6529
1019.685, 537.3554
1020.167, 530.2444
1020.649, 524.8323
1021.131, 524.8796
1021.613, 525.9835
1022.095, 525.9696
1022.578, 526.1907
1023.060, 528.7421
1023.542, 532.4693
1024.024, 533.7253
1024.506, 531.0422
1024.988, 531.1780
1025.470, 541.4249
1025.952, 547.5159
1026.435, 538.3244
1026.917, 528.2211
1027.399, 529.6874
1027.881, 538.9310
1028.363, 547.5533
1028.845, 554.9440
1029.327, 557.4189
1029.809, 551.6802
1030.292, 544.6039
1030.774, 535.4590
1031.256, 528.1106
1031.738, 525.7347
1032.220, 526.6929
1032.702, 528.5862
1033.184, 531.4299
1033.666, 532.3168
1034.148, 528.2669
1034.630, 526.1741
1035.113, 529.4797
1035.595, 532.4816
1036.077, 531.4599
1036.559, 528.4940
1037.041, 526.8009
1037.523, 526.4806
1038.005, 525.3023
1038.487, 522.1185
1038.970, 519.9266
1039.452, 520.0156
1039.934, 519.6567
1040.416, 517.5945
1040.898, 514.5225
1041.380, 510.6989
1041.862, 506.3754
1042.344, 504.4431
1042.826, 506.5533
1043.309, 507.3769
1043.791, 505.8021
1044.273, 504.5798
1044.755, 504.0066
1045.237, 505.3236
1045.719, 510.7880
1046.201, 518.9817
1046.683, 523.5370
1047.166, 524.6122
1047.648, 520.5820
1048.130, 507.9242
1048.612, 501.0696
1049.094, 506.0095
1049.576, 514.0112
1050.058, 518.5282
1050.540, 519.5700
1051.022, 516.2350
1051.505, 507.6335
1051.987, 503.3909
1052.469, 503.5999
1052.951, 509.1862
1053.433, 521.9855
1053.915, 530.9617
1054.397, 528.1077
1054.879, 519.0148
1055.361, 512.9319
1055.844, 510.0556
1056.326, 515.3520
1056.808, 528.7768
1057.290, 529.4428
1057.772, 513.6196
1058.254, 501.3709
1058.736, 503.4137
1059.218, 511.6877
1059.701, 516.4050
1060.183, 518.1185
1060.665, 519.0174
1061.147, 518.7062
1061.629, 513.6967
1062.111, 504.4404
1062.593, 496.9890
1063.075, 493.7602
1063.557, 494.6671
1064.040, 500.5395
1064.522, 508.6643
1065.004, 515.0635
1065.486, 519.4183
1065.968, 520.5857
1066.450, 518.9235
1066.932, 516.0231
1067.414, 512.2005
1067.896, 505.3528
1068.379, 492.3181
1068.861, 482.3483
1069.343, 491.5393
1069.825, 505.9909
1070.307, 503.3474
1070.789, 491.9073
1071.271, 489.8669
1071.753, 498.7086
1072.236, 509.6402
1072.718, 519.4890
1073.200, 525.4092
1073.682, 524.2818
1074.164, 519.5815
1074.646, 510.8355
1075.128, 502.6858
1075.610, 500.7669
1076.093, 504.3075
1076.575, 510.9932
1077.057, 520.4500
1077.539, 525.4160
1078.021, 519.4597
1078.503, 512.6336
1078.985, 507.1012
1079.467, 504.7977
1079.949, 511.2250
1080.432, 519.8759
1080.914, 519.1132
1081.396, 508.1810
1081.878, 499.2890
1082.360, 493.2907
1082.842, 491.4618
1083.324, 498.1448
1083.806, 504.0866
1084.288, 504.6260
1084.771, 502.6961
1085.253, 499.1659
1085.735, 495.6370
1086.217, 500.7894
1086.699, 521.8641
1087.181, 532.0215
1087.663, 526.9748
1088.145, 519.0826
1088.628, 508.6064
1089.110, 501.8338
1089.592, 505.2449
1090.074, 513.2007
1090.556, 512.9424
1091.038, 504.0682
1091.520, 498.0947
1092.002, 494.6943
1092.484, 498.0333
1092.967, 510.2777
1093.449, 519.2278
1093.931, 518.6043
1094.413, 512.2530
1094.895, 503.8225
1095.377, 495.2118
1095.859, 494.0981
1096.341, 499.7092
1096.823, 508.3061
1097.306, 518.5214
1097.788, 521.0575
1098.270, 513.3115
1098.752, 502.6398
1099.234, 493.8945
1099.716, 489.6671
1100.198, 498.3619
1100.680, 512.0900
1101.163, 514.3198
1101.645, 507.8480
1102.127, 498.2776
1102.609, 489.1051
1103.091, 489.5639
1103.573, 504.6942
1104.055, 517.1790
1104.537, 507.4190
1105.020, 494.1703
1105.502, 494.0776
1105.984, 501.0053
1106.466, 510.0243
1106.948, 518.5577
1107.430, 523.4702
1107.912, 524.0853
1108.394, 521.3644
1108.876, 513.3027
1109.359, 505.6029
1109.841, 499.7209
1110.323, 495.6167
1110.805, 495.2477
1111.287, 495.3109
1111.769, 490.4843
1112.251, 482.0957
1112.733, 478.1940
1113.215, 481.1740
1113.698, 484.4978
1114.180, 486.8557
1114.662, 491.5055
1115.144, 503.3873
1115.626, 511.4654
1116.108, 505.2810
1116.590, 493.6862
1117.072, 494.3155
1117.555, 507.2628
1118.037, 511.7603
1118.519, 506.5129
1119.001, 499.3436
1119.483, 490.4740
1119.965, 484.8116
1120.447, 484.9666
1120.929, 484.8673
1121.411, 477.2932
1121.894, 467.2350
1122.376, 469.3589
1122.858, 480.9899
1123.340, 488.9828
1123.822, 492.9278
1124.304, 493.7733
1124.786, 492.1379
1125.268, 490.3647
1125.750, 489.7686
1126.233, 489.8392
1126.715, 489.1815
1127.197, 489.5739
1127.679, 494.9623
1128.161, 502.1940
1128.643, 506.9214
1129.125, 508.7688
1129.607, 508.0334
1130.090, 505.0476
1130.572, 501.6924
1131.054, 497.2883
1131.536, 495.6282
1132.018, 500.9594
1132.500, 507.1660
1132.982, 509.2360
1133.464, 510.3975
1133.947, 517.2476
1134.429, 527.0908
1134.911, 527.4114
1135.393, 512.3079
1135.875, 502.8887
1136.357, 506.8854
1136.839, 507.5631
1137.321, 499.5340
1137.803, 491.1048
1138.286, 485.1544
1138.768, 484.0025
1139.250, 493.4048
1139.732, 511.0674
1140.214, 513.8745
1140.696, 499.2876
1141.178, 488.8090
1141.660, 483.6818
1142.142, 485.1462
1142.625, 494.0045
1143.107, 502.6520
1143.589, 505.0807
1144.071, 504.3720
1144.553, 506.9807
1145.035, 510.4825
1145.517, 505.3131
1145.999, 494.9599
1146.482, 491.1270
1146.964, 493.7312
1147.446, 494.1492
1147.928, 489.4914
1148.410, 487.4651
1148.892, 496.8127
1149.374, 505.8717
1149.856, 502.4764
1150.339, 495.4397
1150.821, 493.7290
1151.303, 494.2482
1151.785, 490.2300
1152.267, 482.7841
1152.749, 480.2591
1153.231, 486.3884
1153.713, 490.6051
1154.195, 490.5967
1154.677, 488.2476
1155.160, 478.5114
1155.642, 472.9315
1156.124, 481.5894
1156.606, 496.0274
1157.088, 504.4229
1157.570, 507.0901
1158.052, 507.8800
1158.534, 507.2851
1159.017, 501.3264
1159.499, 488.1130
1159.981, 480.0594
1160.463, 481.1613
1160.945, 486.5208
1161.427, 493.4109
1161.909, 498.1058
1162.391, 491.1032
1162.874, 478.0222
1163.356, 479.8679
1163.838, 491.6313
1164.320, 497.0881
1164.802, 495.9295
1165.284, 496.2667
1165.766, 500.3764
1166.248, 502.9941
1166.730, 500.5081
1167.213, 495.6712
1167.695, 485.9033
1168.177, 479.8309
1168.659, 491.8224
1169.141, 507.2998
1169.623, 504.6700
1170.105, 489.5637
1170.587, 484.0127
1171.069, 493.2674
1171.552, 500.2520
1172.034, 503.7714
1172.516, 502.0591
1172.998, 486.5780
1173.480, 478.1118
1173.962, 489.9519
1174.444, 506.5006
1174.926, 511.6271
1175.409, 508.2157
1175.891, 506.0812
1176.373, 505.4343
1176.855, 501.9428
1177.337, 495.4191
1177.819, 496.2037
1178.301, 505.8939
1178.783, 508.5529
1179.266, 496.3694
1179.748, 486.1700
1180.230, 499.1502
1180.712, 518.4224
1181.194, 512.7057
1181.676, 496.6833
1182.158, 496.9648
1182.640, 506.8074
1183.122, 508.6949
1183.604, 501.4141
1184.087, 493.5861
1184.569, 487.7155
1185.051, 486.5232
1185.533, 497.2624
1186.015, 504.7293
1186.497, 500.4836
1186.979, 492.9364
1187.461, 484.3053
1187.944, 478.4125
1188.426, 482.5784
1188.908, 494.3429
1189.390, 498.1823
1189.872, 490.8416
1190.354, 487.2324
1190.836, 488.0336
1191.318, 489.6702
1191.801, 491.4781
1192.283, 493.5780
1192.765, 496.2527
1193.247, 497.4172
1193.729, 494.0157
1194.211, 487.8651
1194.693, 481.8584
1195.175, 477.2434
1195.657, 478.8181
1196.140, 484.4532
1196.622, 486.2545
1197.104, 484.3639
1197.586, 488.7518
1198.068, 504.9105
1198.550, 516.0482
1199.032, 506.1321
1199.514, 495.3451
1199.996, 494.8628
1200.479, 498.3738
1200.961, 504.3896
1201.443, 508.9058
1201.925, 504.9912
1202.407, 493.8587
1202.889, 486.6837
1203.371, 483.3910
1203.853, 485.3349
1204.336, 495.7538
1204.818, 499.9688
1205.300, 493.2649
1205.782, 488.5526
1206.264, 492.9818
1206.746, 501.1547
1207.228, 507.6528
1207.710, 511.2300
1208.193, 506.4282
1208.675, 496.9521
1209.157, 494.7081
1209.639, 497.2298
1210.121, 493.9485
1210.603, 485.6161
1211.085, 484.1518
1211.567, 494.3982
1212.049, 505.6159
1212.531, 515.0457
1213.014, 518.4951
1213.496, 509.6766
1213.978, 498.6273
1214.460, 490.4246
1214.942, 485.3991
1215.424, 484.2813
1215.906, 486.2762
1216.388, 488.5669
1216.871, 491.0475
1217.353, 495.0638
1217.835, 502.1476
1218.317, 503.5779
1218.799, 497.2626
1219.281, 491.2751
1219.763, 488.8608
1220.245, 489.1944
1220.728, 492.0798
1221.210, 494.9295
1221.692, 491.5216
1222.174, 485.7671
1222.656, 486.9135
1223.138, 491.5121
1223.620, 489.9764
1224.102, 485.2282
1224.584, 490.7948
1225.067, 508.7597
1225.549, 520.1656
1226.031, 513.4525
1226.513, 505.7640
1226.995, 503.1703
1227.477, 500.3257
1227.959, 493.5987
1228.441, 487.0085
##END=



