##NAMES=Epsomite
##RRUFFID=R150060
##IDEAL CHEMISTRY=MgS^6+^O_4_&#183;7H_2_O
##LOCALITY=Synthetic, purchased from Walgreens
##OWNER=RRUFF
##SOURCE=Hexiong Yang
##DESCRIPTION=White powder
##STATUS=The identification of this mineral has been determined only by Raman spectroscopy
##URL=rruff.info/R150060
8.930109e+001, 0.000000e+000
8.978320e+001, 7.518265e+002
9.026532e+001, 7.550707e+002
9.074744e+001, 7.563912e+002
9.122955e+001, 7.553524e+002
9.171167e+001, 7.540140e+002
9.219379e+001, 7.563810e+002
9.267590e+001, 7.618226e+002
9.315802e+001, 7.624367e+002
9.364014e+001, 7.486970e+002
9.412225e+001, 7.253400e+002
9.460437e+001, 7.056866e+002
9.508649e+001, 6.948424e+002
9.556860e+001, 6.885564e+002
9.605072e+001, 6.769880e+002
9.653284e+001, 6.605843e+002
9.701495e+001, 6.426865e+002
9.749707e+001, 6.255933e+002
9.797919e+001, 6.091830e+002
9.846130e+001, 5.943710e+002
9.894342e+001, 5.811332e+002
9.942554e+001, 5.693986e+002
9.990765e+001, 5.602568e+002
1.003898e+002, 5.544583e+002
1.008719e+002, 5.494407e+002
1.013540e+002, 5.410196e+002
1.018361e+002, 5.281053e+002
1.023182e+002, 5.158201e+002
1.028004e+002, 5.059489e+002
1.032825e+002, 4.989068e+002
1.037646e+002, 4.924926e+002
1.042467e+002, 4.862987e+002
1.047288e+002, 4.809127e+002
1.052109e+002, 4.778222e+002
1.056931e+002, 4.774017e+002
1.061752e+002, 4.784957e+002
1.066573e+002, 4.807297e+002
1.071394e+002, 4.852522e+002
1.076215e+002, 4.890673e+002
1.081036e+002, 4.936755e+002
1.085858e+002, 4.982193e+002
1.090679e+002, 4.974641e+002
1.095500e+002, 4.870081e+002
1.100321e+002, 4.746852e+002
1.105142e+002, 4.647381e+002
1.109963e+002, 4.577457e+002
1.114785e+002, 4.523516e+002
1.119606e+002, 4.488613e+002
1.124427e+002, 4.471849e+002
1.129248e+002, 4.456648e+002
1.134069e+002, 4.441365e+002
1.138890e+002, 4.426385e+002
1.143712e+002, 4.411837e+002
1.148533e+002, 4.390694e+002
1.153354e+002, 4.376411e+002
1.158175e+002, 4.380259e+002
1.162996e+002, 4.405181e+002
1.167817e+002, 4.415544e+002
1.172639e+002, 4.389312e+002
1.177460e+002, 4.344005e+002
1.182281e+002, 4.301796e+002
1.187102e+002, 4.279875e+002
1.191923e+002, 4.257032e+002
1.196744e+002, 4.216886e+002
1.201566e+002, 4.153050e+002
1.206387e+002, 4.093028e+002
1.211208e+002, 4.052563e+002
1.216029e+002, 4.028252e+002
1.220850e+002, 4.013953e+002
1.225671e+002, 4.000148e+002
1.230493e+002, 3.997348e+002
1.235314e+002, 4.024765e+002
1.240135e+002, 4.100480e+002
1.244956e+002, 4.169067e+002
1.249777e+002, 4.168269e+002
1.254598e+002, 4.111008e+002
1.259420e+002, 4.045856e+002
1.264241e+002, 3.997137e+002
1.269062e+002, 3.962750e+002
1.273883e+002, 3.938847e+002
1.278704e+002, 3.924227e+002
1.283525e+002, 3.920195e+002
1.288347e+002, 3.933150e+002
1.293168e+002, 3.962386e+002
1.297989e+002, 3.993651e+002
1.302810e+002, 4.017977e+002
1.307631e+002, 4.035452e+002
1.312452e+002, 4.047429e+002
1.317274e+002, 4.054341e+002
1.322095e+002, 4.055957e+002
1.326916e+002, 4.049535e+002
1.331737e+002, 4.034037e+002
1.336558e+002, 4.017584e+002
1.341379e+002, 4.007020e+002
1.346201e+002, 4.002349e+002
1.351022e+002, 4.002189e+002
1.355843e+002, 4.007444e+002
1.360664e+002, 4.017355e+002
1.365485e+002, 4.025338e+002
1.370306e+002, 4.030336e+002
1.375128e+002, 4.036060e+002
1.379949e+002, 4.046795e+002
1.384770e+002, 4.062656e+002
1.389591e+002, 4.083580e+002
1.394412e+002, 4.113510e+002
1.399233e+002, 4.153832e+002
1.404055e+002, 4.181032e+002
1.408876e+002, 4.197079e+002
1.413697e+002, 4.197614e+002
1.418518e+002, 4.170923e+002
1.423339e+002, 4.103320e+002
1.428160e+002, 4.039489e+002
1.432982e+002, 3.995165e+002
1.437803e+002, 3.974041e+002
1.442624e+002, 3.962733e+002
1.447445e+002, 3.965974e+002
1.452266e+002, 3.977609e+002
1.457087e+002, 3.982607e+002
1.461909e+002, 3.972798e+002
1.466730e+002, 3.966910e+002
1.471551e+002, 3.973022e+002
1.476372e+002, 4.000878e+002
1.481193e+002, 4.024365e+002
1.486014e+002, 4.043194e+002
1.490836e+002, 4.057679e+002
1.495657e+002, 4.069425e+002
1.500478e+002, 4.075031e+002
1.505299e+002, 4.080399e+002
1.510120e+002, 4.088141e+002
1.514941e+002, 4.093575e+002
1.519763e+002, 4.106638e+002
1.524584e+002, 4.132800e+002
1.529405e+002, 4.168813e+002
1.534226e+002, 4.198895e+002
1.539047e+002, 4.218651e+002
1.543868e+002, 4.234214e+002
1.548690e+002, 4.248920e+002
1.553511e+002, 4.256075e+002
1.558332e+002, 4.269881e+002
1.563153e+002, 4.300757e+002
1.567974e+002, 4.345144e+002
1.572795e+002, 4.374231e+002
1.577617e+002, 4.364208e+002
1.582438e+002, 4.346030e+002
1.587259e+002, 4.342069e+002
1.592080e+002, 4.373232e+002
1.596901e+002, 4.404203e+002
1.601722e+002, 4.423216e+002
1.606544e+002, 4.430728e+002
1.611365e+002, 4.439137e+002
1.616186e+002, 4.451894e+002
1.621007e+002, 4.467843e+002
1.625828e+002, 4.486230e+002
1.630649e+002, 4.507653e+002
1.635471e+002, 4.530531e+002
1.640292e+002, 4.557333e+002
1.645113e+002, 4.588076e+002
1.649934e+002, 4.611002e+002
1.654755e+002, 4.614520e+002
1.659576e+002, 4.608253e+002
1.664398e+002, 4.604101e+002
1.669219e+002, 4.606469e+002
1.674040e+002, 4.612477e+002
1.678861e+002, 4.620735e+002
1.683682e+002, 4.631263e+002
1.688503e+002, 4.642789e+002
1.693325e+002, 4.651815e+002
1.698146e+002, 4.661683e+002
1.702967e+002, 4.677588e+002
1.707788e+002, 4.707864e+002
1.712609e+002, 4.742091e+002
1.717430e+002, 4.770694e+002
1.722252e+002, 4.792995e+002
1.727073e+002, 4.812158e+002
1.731894e+002, 4.827589e+002
1.736715e+002, 4.841722e+002
1.741536e+002, 4.859365e+002
1.746357e+002, 4.881533e+002
1.751179e+002, 4.909288e+002
1.756000e+002, 4.947366e+002
1.760821e+002, 4.997950e+002
1.765642e+002, 5.046703e+002
1.770463e+002, 5.074645e+002
1.775284e+002, 5.088023e+002
1.780106e+002, 5.105540e+002
1.784927e+002, 5.140531e+002
1.789748e+002, 5.185545e+002
1.794569e+002, 5.226813e+002
1.799390e+002, 5.262633e+002
1.804211e+002, 5.297865e+002
1.809033e+002, 5.340011e+002
1.813854e+002, 5.387931e+002
1.818675e+002, 5.434854e+002
1.823496e+002, 5.475301e+002
1.828317e+002, 5.511999e+002
1.833138e+002, 5.552889e+002
1.837960e+002, 5.597812e+002
1.842781e+002, 5.648699e+002
1.847602e+002, 5.709235e+002
1.852423e+002, 5.779109e+002
1.857244e+002, 5.850916e+002
1.862065e+002, 5.924834e+002
1.866887e+002, 5.998315e+002
1.871708e+002, 6.062500e+002
1.876529e+002, 6.115032e+002
1.881350e+002, 6.160505e+002
1.886171e+002, 6.202489e+002
1.890992e+002, 6.241512e+002
1.895814e+002, 6.284454e+002
1.900635e+002, 6.336880e+002
1.905456e+002, 6.398380e+002
1.910277e+002, 6.461049e+002
1.915098e+002, 6.524730e+002
1.919919e+002, 6.588774e+002
1.924741e+002, 6.649365e+002
1.929562e+002, 6.706027e+002
1.934383e+002, 6.764318e+002
1.939204e+002, 6.828597e+002
1.944025e+002, 6.898425e+002
1.948846e+002, 6.966083e+002
1.953668e+002, 7.029850e+002
1.958489e+002, 7.091836e+002
1.963310e+002, 7.157029e+002
1.968131e+002, 7.225587e+002
1.972952e+002, 7.295674e+002
1.977773e+002, 7.366551e+002
1.982595e+002, 7.437854e+002
1.987416e+002, 7.512359e+002
1.992237e+002, 7.590283e+002
1.997058e+002, 7.670863e+002
2.001879e+002, 7.751105e+002
2.006700e+002, 7.831906e+002
2.011522e+002, 7.912068e+002
2.016343e+002, 7.990617e+002
2.021164e+002, 8.067352e+002
2.025985e+002, 8.145775e+002
2.030806e+002, 8.226767e+002
2.035627e+002, 8.308751e+002
2.040449e+002, 8.387695e+002
2.045270e+002, 8.465832e+002
2.050091e+002, 8.533370e+002
2.054912e+002, 8.580356e+002
2.059733e+002, 8.603109e+002
2.064554e+002, 8.627740e+002
2.069376e+002, 8.659606e+002
2.074197e+002, 8.694685e+002
2.079018e+002, 8.718835e+002
2.083839e+002, 8.731063e+002
2.088660e+002, 8.735002e+002
2.093481e+002, 8.734591e+002
2.098303e+002, 8.732193e+002
2.103124e+002, 8.714061e+002
2.107945e+002, 8.673104e+002
2.112766e+002, 8.616442e+002
2.117587e+002, 8.571263e+002
2.122408e+002, 8.539156e+002
2.127230e+002, 8.515186e+002
2.132051e+002, 8.497228e+002
2.136872e+002, 8.487479e+002
2.141693e+002, 8.474842e+002
2.146514e+002, 8.454305e+002
2.151335e+002, 8.429814e+002
2.156157e+002, 8.422562e+002
2.160978e+002, 8.438470e+002
2.165799e+002, 8.460092e+002
2.170620e+002, 8.475580e+002
2.175441e+002, 8.481223e+002
2.180262e+002, 8.491483e+002
2.185084e+002, 8.508859e+002
2.189905e+002, 8.532166e+002
2.194726e+002, 8.553917e+002
2.199547e+002, 8.572333e+002
2.204368e+002, 8.592953e+002
2.209189e+002, 8.620510e+002
2.214011e+002, 8.660469e+002
2.218832e+002, 8.694011e+002
2.223653e+002, 8.719435e+002
2.228474e+002, 8.737525e+002
2.233295e+002, 8.751646e+002
2.238116e+002, 8.758389e+002
2.242938e+002, 8.766182e+002
2.247759e+002, 8.779711e+002
2.252580e+002, 8.798797e+002
2.257401e+002, 8.824095e+002
2.262222e+002, 8.858275e+002
2.267043e+002, 8.898595e+002
2.271865e+002, 8.934574e+002
2.276686e+002, 8.961013e+002
2.281507e+002, 8.989609e+002
2.286328e+002, 9.026996e+002
2.291149e+002, 9.075896e+002
2.295970e+002, 9.126884e+002
2.300792e+002, 9.178976e+002
2.305613e+002, 9.232823e+002
2.310434e+002, 9.288059e+002
2.315255e+002, 9.339109e+002
2.320076e+002, 9.398894e+002
2.324897e+002, 9.476413e+002
2.329719e+002, 9.585331e+002
2.334540e+002, 9.680286e+002
2.339361e+002, 9.752363e+002
2.344182e+002, 9.810364e+002
2.349003e+002, 9.886817e+002
2.353824e+002, 9.990428e+002
2.358646e+002, 1.010010e+003
2.363467e+002, 1.020595e+003
2.368288e+002, 1.030731e+003
2.373109e+002, 1.040597e+003
2.377930e+002, 1.050053e+003
2.382751e+002, 1.059276e+003
2.387573e+002, 1.068459e+003
2.392394e+002, 1.077278e+003
2.397215e+002, 1.086501e+003
2.402036e+002, 1.097008e+003
2.406857e+002, 1.111100e+003
2.411678e+002, 1.121028e+003
2.416500e+002, 1.125287e+003
2.421321e+002, 1.125764e+003
2.426142e+002, 1.127451e+003
2.430963e+002, 1.131742e+003
2.435784e+002, 1.135158e+003
2.440605e+002, 1.136000e+003
2.445427e+002, 1.133017e+003
2.450248e+002, 1.130856e+003
2.455069e+002, 1.130527e+003
2.459890e+002, 1.130625e+003
2.464711e+002, 1.128117e+003
2.469532e+002, 1.122598e+003
2.474354e+002, 1.115141e+003
2.479175e+002, 1.106087e+003
2.483996e+002, 1.095102e+003
2.488817e+002, 1.083552e+003
2.493638e+002, 1.071633e+003
2.498459e+002, 1.059065e+003
2.503281e+002, 1.045298e+003
2.508102e+002, 1.030064e+003
2.512923e+002, 1.014061e+003
2.517744e+002, 9.971828e+002
2.522565e+002, 9.793094e+002
2.527386e+002, 9.617178e+002
2.532208e+002, 9.442203e+002
2.537029e+002, 9.271551e+002
2.541850e+002, 9.108560e+002
2.546671e+002, 8.957849e+002
2.551492e+002, 8.804788e+002
2.556313e+002, 8.645742e+002
2.561135e+002, 8.480778e+002
2.565956e+002, 8.311293e+002
2.570777e+002, 8.134646e+002
2.575598e+002, 7.957792e+002
2.580419e+002, 7.791534e+002
2.585240e+002, 7.642338e+002
2.590062e+002, 7.492424e+002
2.594883e+002, 7.333306e+002
2.599704e+002, 7.166312e+002
2.604525e+002, 7.011720e+002
2.609346e+002, 6.872935e+002
2.614167e+002, 6.744649e+002
2.618989e+002, 6.622017e+002
2.623810e+002, 6.507772e+002
2.628631e+002, 6.394814e+002
2.633452e+002, 6.281589e+002
2.638273e+002, 6.166829e+002
2.643094e+002, 6.062057e+002
2.647916e+002, 5.968067e+002
2.652737e+002, 5.880359e+002
2.657558e+002, 5.792723e+002
2.662379e+002, 5.704222e+002
2.667200e+002, 5.621146e+002
2.672021e+002, 5.544816e+002
2.676843e+002, 5.474944e+002
2.681664e+002, 5.404717e+002
2.686485e+002, 5.332483e+002
2.691306e+002, 5.263444e+002
2.696127e+002, 5.205071e+002
2.700948e+002, 5.161157e+002
2.705770e+002, 5.110707e+002
2.710591e+002, 5.047980e+002
2.715412e+002, 4.976630e+002
2.720233e+002, 4.911898e+002
2.725054e+002, 4.854729e+002
2.729875e+002, 4.804283e+002
2.734697e+002, 4.761931e+002
2.739518e+002, 4.728625e+002
2.744339e+002, 4.694911e+002
2.749160e+002, 4.660552e+002
2.753981e+002, 4.624743e+002
2.758802e+002, 4.581222e+002
2.763624e+002, 4.527423e+002
2.768445e+002, 4.478797e+002
2.773266e+002, 4.448901e+002
2.778087e+002, 4.439500e+002
2.782908e+002, 4.422577e+002
2.787729e+002, 4.394834e+002
2.792551e+002, 4.359717e+002
2.797372e+002, 4.325185e+002
2.802193e+002, 4.291245e+002
2.807014e+002, 4.257149e+002
2.811835e+002, 4.221849e+002
2.816656e+002, 4.185380e+002
2.821478e+002, 4.148740e+002
2.826299e+002, 4.110470e+002
2.831120e+002, 4.075060e+002
2.835941e+002, 4.052723e+002
2.840762e+002, 4.044077e+002
2.845583e+002, 4.034470e+002
2.850405e+002, 4.015528e+002
2.855226e+002, 3.988508e+002
2.860047e+002, 3.965256e+002
2.864868e+002, 3.946315e+002
2.869689e+002, 3.929533e+002
2.874510e+002, 3.912561e+002
2.879332e+002, 3.895366e+002
2.884153e+002, 3.877262e+002
2.888974e+002, 3.856620e+002
2.893795e+002, 3.834924e+002
2.898616e+002, 3.819262e+002
2.903438e+002, 3.810141e+002
2.908259e+002, 3.803486e+002
2.913080e+002, 3.795854e+002
2.917901e+002, 3.787192e+002
2.922722e+002, 3.776490e+002
2.927543e+002, 3.761750e+002
2.932365e+002, 3.745631e+002
2.937186e+002, 3.735119e+002
2.942007e+002, 3.730367e+002
2.946828e+002, 3.727269e+002
2.951649e+002, 3.721281e+002
2.956470e+002, 3.713847e+002
2.961292e+002, 3.710251e+002
2.966113e+002, 3.714767e+002
2.970934e+002, 3.720639e+002
2.975755e+002, 3.714727e+002
2.980576e+002, 3.698099e+002
2.985397e+002, 3.682459e+002
2.990219e+002, 3.679062e+002
2.995040e+002, 3.682629e+002
2.999861e+002, 3.680932e+002
3.004682e+002, 3.669393e+002
3.009503e+002, 3.656556e+002
3.014324e+002, 3.652651e+002
3.019146e+002, 3.656487e+002
3.023967e+002, 3.662817e+002
3.028788e+002, 3.672455e+002
3.033609e+002, 3.681355e+002
3.038430e+002, 3.681419e+002
3.043251e+002, 3.669049e+002
3.048073e+002, 3.657345e+002
3.052894e+002, 3.661493e+002
3.057715e+002, 3.675975e+002
3.062536e+002, 3.687492e+002
3.067357e+002, 3.685976e+002
3.072178e+002, 3.679586e+002
3.077000e+002, 3.678084e+002
3.081821e+002, 3.683000e+002
3.086642e+002, 3.684449e+002
3.091463e+002, 3.668121e+002
3.096284e+002, 3.644647e+002
3.101105e+002, 3.630428e+002
3.105927e+002, 3.640934e+002
3.110748e+002, 3.657191e+002
3.115569e+002, 3.668765e+002
3.120390e+002, 3.675124e+002
3.125211e+002, 3.672964e+002
3.130032e+002, 3.651825e+002
3.134854e+002, 3.624502e+002
3.139675e+002, 3.604870e+002
3.144496e+002, 3.604359e+002
3.149317e+002, 3.606551e+002
3.154138e+002, 3.603372e+002
3.158959e+002, 3.595795e+002
3.163781e+002, 3.589551e+002
3.168602e+002, 3.592569e+002
3.173423e+002, 3.594867e+002
3.178244e+002, 3.588512e+002
3.183065e+002, 3.563959e+002
3.187886e+002, 3.541770e+002
3.192708e+002, 3.528797e+002
3.197529e+002, 3.523432e+002
3.202350e+002, 3.521145e+002
3.207171e+002, 3.524627e+002
3.211992e+002, 3.527809e+002
3.216813e+002, 3.527316e+002
3.221635e+002, 3.520742e+002
3.226456e+002, 3.514872e+002
3.231277e+002, 3.509383e+002
3.236098e+002, 3.505585e+002
3.240919e+002, 3.505705e+002
3.245740e+002, 3.512287e+002
3.250562e+002, 3.520785e+002
3.255383e+002, 3.531941e+002
3.260204e+002, 3.548698e+002
3.265025e+002, 3.555995e+002
3.269846e+002, 3.543655e+002
3.274667e+002, 3.525209e+002
3.279489e+002, 3.514867e+002
3.284310e+002, 3.515359e+002
3.289131e+002, 3.521264e+002
3.293952e+002, 3.535877e+002
3.298773e+002, 3.559694e+002
3.303594e+002, 3.571992e+002
3.308416e+002, 3.561178e+002
3.313237e+002, 3.548575e+002
3.318058e+002, 3.549178e+002
3.322879e+002, 3.567530e+002
3.327700e+002, 3.592408e+002
3.332521e+002, 3.629803e+002
3.337343e+002, 3.674206e+002
3.342164e+002, 3.696730e+002
3.346985e+002, 3.684023e+002
3.351806e+002, 3.669798e+002
3.356627e+002, 3.673798e+002
3.361448e+002, 3.704951e+002
3.366270e+002, 3.725597e+002
3.371091e+002, 3.729585e+002
3.375912e+002, 3.726296e+002
3.380733e+002, 3.736324e+002
3.385554e+002, 3.763426e+002
3.390375e+002, 3.791368e+002
3.395197e+002, 3.812796e+002
3.400018e+002, 3.826939e+002
3.404839e+002, 3.846260e+002
3.409660e+002, 3.871402e+002
3.414481e+002, 3.899512e+002
3.419302e+002, 3.926265e+002
3.424124e+002, 3.951696e+002
3.428945e+002, 3.978144e+002
3.433766e+002, 4.006898e+002
3.438587e+002, 4.037234e+002
3.443408e+002, 4.066904e+002
3.448229e+002, 4.095540e+002
3.453051e+002, 4.124995e+002
3.457872e+002, 4.158481e+002
3.462693e+002, 4.194921e+002
3.467514e+002, 4.227858e+002
3.472335e+002, 4.254447e+002
3.477156e+002, 4.278431e+002
3.481978e+002, 4.303510e+002
3.486799e+002, 4.330241e+002
3.491620e+002, 4.365315e+002
3.496441e+002, 4.423116e+002
3.501262e+002, 4.492067e+002
3.506083e+002, 4.541539e+002
3.510905e+002, 4.564586e+002
3.515726e+002, 4.581926e+002
3.520547e+002, 4.620873e+002
3.525368e+002, 4.674821e+002
3.530189e+002, 4.723742e+002
3.535010e+002, 4.752070e+002
3.539832e+002, 4.772393e+002
3.544653e+002, 4.799868e+002
3.549474e+002, 4.835544e+002
3.554295e+002, 4.873486e+002
3.559116e+002, 4.907469e+002
3.563937e+002, 4.941249e+002
3.568759e+002, 4.980060e+002
3.573580e+002, 5.040704e+002
3.578401e+002, 5.095048e+002
3.583222e+002, 5.117587e+002
3.588043e+002, 5.113334e+002
3.592864e+002, 5.110917e+002
3.597686e+002, 5.133030e+002
3.602507e+002, 5.159707e+002
3.607328e+002, 5.172512e+002
3.612149e+002, 5.158004e+002
3.616970e+002, 5.145167e+002
3.621791e+002, 5.151397e+002
3.626613e+002, 5.167902e+002
3.631434e+002, 5.174504e+002
3.636255e+002, 5.165261e+002
3.641076e+002, 5.144208e+002
3.645897e+002, 5.110204e+002
3.650718e+002, 5.059051e+002
3.655540e+002, 5.011491e+002
3.660361e+002, 4.978025e+002
3.665182e+002, 4.947831e+002
3.670003e+002, 4.907932e+002
3.674824e+002, 4.850629e+002
3.679645e+002, 4.790046e+002
3.684467e+002, 4.727426e+002
3.689288e+002, 4.663731e+002
3.694109e+002, 4.602014e+002
3.698930e+002, 4.547268e+002
3.703751e+002, 4.490802e+002
3.708572e+002, 4.425934e+002
3.713394e+002, 4.345391e+002
3.718215e+002, 4.269839e+002
3.723036e+002, 4.199967e+002
3.727857e+002, 4.136153e+002
3.732678e+002, 4.080496e+002
3.737499e+002, 4.039287e+002
3.742321e+002, 3.994044e+002
3.747142e+002, 3.933947e+002
3.751963e+002, 3.852277e+002
3.756784e+002, 3.783254e+002
3.761605e+002, 3.730298e+002
3.766426e+002, 3.686123e+002
3.771248e+002, 3.641329e+002
3.776069e+002, 3.594816e+002
3.780890e+002, 3.551323e+002
3.785711e+002, 3.513192e+002
3.790532e+002, 3.479629e+002
3.795353e+002, 3.447752e+002
3.800175e+002, 3.417442e+002
3.804996e+002, 3.388007e+002
3.809817e+002, 3.357165e+002
3.814638e+002, 3.325739e+002
3.819459e+002, 3.300240e+002
3.824280e+002, 3.284302e+002
3.829102e+002, 3.272236e+002
3.833923e+002, 3.254900e+002
3.838744e+002, 3.232153e+002
3.843565e+002, 3.204215e+002
3.848386e+002, 3.164094e+002
3.853207e+002, 3.120011e+002
3.858029e+002, 3.092369e+002
3.862850e+002, 3.084963e+002
3.867671e+002, 3.082831e+002
3.872492e+002, 3.071307e+002
3.877313e+002, 3.053211e+002
3.882134e+002, 3.035157e+002
3.886956e+002, 3.018512e+002
3.891777e+002, 3.004594e+002
3.896598e+002, 2.994691e+002
3.901419e+002, 2.988843e+002
3.906240e+002, 2.985954e+002
3.911061e+002, 2.989139e+002
3.915883e+002, 2.993358e+002
3.920704e+002, 2.992938e+002
3.925525e+002, 2.981755e+002
3.930346e+002, 2.972086e+002
3.935167e+002, 2.972243e+002
3.939988e+002, 2.978581e+002
3.944810e+002, 2.980812e+002
3.949631e+002, 2.968732e+002
3.954452e+002, 2.956816e+002
3.959273e+002, 2.952689e+002
3.964094e+002, 2.959177e+002
3.968915e+002, 2.967187e+002
3.973737e+002, 2.977030e+002
3.978558e+002, 2.986820e+002
3.983379e+002, 2.994233e+002
3.988200e+002, 2.997746e+002
3.993021e+002, 3.000117e+002
3.997842e+002, 3.001393e+002
4.002664e+002, 3.001552e+002
4.007485e+002, 3.002208e+002
4.012306e+002, 3.003422e+002
4.017127e+002, 3.004986e+002
4.021948e+002, 3.006518e+002
4.026769e+002, 3.006657e+002
4.031591e+002, 3.009488e+002
4.036412e+002, 3.014607e+002
4.041233e+002, 3.022807e+002
4.046054e+002, 3.037638e+002
4.050875e+002, 3.061771e+002
4.055696e+002, 3.084264e+002
4.060518e+002, 3.100432e+002
4.065339e+002, 3.110156e+002
4.070160e+002, 3.117562e+002
4.074981e+002, 3.121214e+002
4.079802e+002, 3.126535e+002
4.084623e+002, 3.142319e+002
4.089445e+002, 3.168395e+002
4.094266e+002, 3.190084e+002
4.099087e+002, 3.202184e+002
4.103908e+002, 3.208719e+002
4.108729e+002, 3.218843e+002
4.113550e+002, 3.232547e+002
4.118372e+002, 3.246870e+002
4.123193e+002, 3.259872e+002
4.128014e+002, 3.272038e+002
4.132835e+002, 3.283653e+002
4.137656e+002, 3.293926e+002
4.142477e+002, 3.307195e+002
4.147299e+002, 3.329909e+002
4.152120e+002, 3.359325e+002
4.156941e+002, 3.388244e+002
4.161762e+002, 3.414388e+002
4.166583e+002, 3.438058e+002
4.171404e+002, 3.458130e+002
4.176226e+002, 3.474933e+002
4.181047e+002, 3.493076e+002
4.185868e+002, 3.515775e+002
4.190689e+002, 3.540907e+002
4.195510e+002, 3.566708e+002
4.200331e+002, 3.590695e+002
4.205153e+002, 3.617728e+002
4.209974e+002, 3.652142e+002
4.214795e+002, 3.691073e+002
4.219616e+002, 3.725848e+002
4.224437e+002, 3.747800e+002
4.229258e+002, 3.771208e+002
4.234080e+002, 3.802858e+002
4.238901e+002, 3.846218e+002
4.243722e+002, 3.888198e+002
4.248543e+002, 3.925884e+002
4.253364e+002, 3.962820e+002
4.258185e+002, 4.002079e+002
4.263007e+002, 4.042857e+002
4.267828e+002, 4.087892e+002
4.272649e+002, 4.137793e+002
4.277470e+002, 4.192119e+002
4.282291e+002, 4.250084e+002
4.287112e+002, 4.311898e+002
4.291934e+002, 4.376204e+002
4.296755e+002, 4.444709e+002
4.301576e+002, 4.518697e+002
4.306397e+002, 4.587096e+002
4.311218e+002, 4.646772e+002
4.316039e+002, 4.704990e+002
4.320861e+002, 4.775211e+002
4.325682e+002, 4.858145e+002
4.330503e+002, 4.942547e+002
4.335324e+002, 5.025379e+002
4.340145e+002, 5.107189e+002
4.344966e+002, 5.188510e+002
4.349788e+002, 5.269244e+002
4.354609e+002, 5.353563e+002
4.359430e+002, 5.447332e+002
4.364251e+002, 5.548588e+002
4.369072e+002, 5.651934e+002
4.373893e+002, 5.758672e+002
4.378715e+002, 5.863452e+002
4.383536e+002, 5.956680e+002
4.388357e+002, 6.042454e+002
4.393178e+002, 6.132172e+002
4.397999e+002, 6.233275e+002
4.402820e+002, 6.340331e+002
4.407642e+002, 6.447844e+002
4.412463e+002, 6.556364e+002
4.417284e+002, 6.664697e+002
4.422105e+002, 6.779384e+002
4.426926e+002, 6.891213e+002
4.431747e+002, 6.991240e+002
4.436569e+002, 7.072609e+002
4.441390e+002, 7.147333e+002
4.446211e+002, 7.215844e+002
4.451032e+002, 7.280030e+002
4.455853e+002, 7.343198e+002
4.460674e+002, 7.405085e+002
4.465496e+002, 7.467585e+002
4.470317e+002, 7.531544e+002
4.475138e+002, 7.597858e+002
4.479959e+002, 7.664112e+002
4.484780e+002, 7.728657e+002
4.489601e+002, 7.795001e+002
4.494423e+002, 7.866844e+002
4.499244e+002, 7.940275e+002
4.504065e+002, 8.026177e+002
4.508886e+002, 8.126971e+002
4.513707e+002, 8.241075e+002
4.518528e+002, 8.367081e+002
4.523350e+002, 8.508199e+002
4.528171e+002, 8.653715e+002
4.532992e+002, 8.795755e+002
4.537813e+002, 8.934575e+002
4.542634e+002, 9.095826e+002
4.547455e+002, 9.281956e+002
4.552277e+002, 9.488164e+002
4.557098e+002, 9.718898e+002
4.561919e+002, 9.969093e+002
4.566740e+002, 1.022031e+003
4.571561e+002, 1.045726e+003
4.576382e+002, 1.069362e+003
4.581204e+002, 1.095064e+003
4.586025e+002, 1.122749e+003
4.590846e+002, 1.150021e+003
4.595667e+002, 1.174792e+003
4.600488e+002, 1.198740e+003
4.605309e+002, 1.224481e+003
4.610131e+002, 1.252666e+003
4.614952e+002, 1.280949e+003
4.619773e+002, 1.308769e+003
4.624594e+002, 1.335020e+003
4.629415e+002, 1.358445e+003
4.634236e+002, 1.378849e+003
4.639058e+002, 1.395680e+003
4.643879e+002, 1.409470e+003
4.648700e+002, 1.419798e+003
4.653521e+002, 1.424963e+003
4.658342e+002, 1.424002e+003
4.663163e+002, 1.418192e+003
4.667985e+002, 1.408243e+003
4.672806e+002, 1.394385e+003
4.677627e+002, 1.375979e+003
4.682448e+002, 1.352604e+003
4.687269e+002, 1.325062e+003
4.692090e+002, 1.294086e+003
4.696912e+002, 1.258657e+003
4.701733e+002, 1.220956e+003
4.706554e+002, 1.181034e+003
4.711375e+002, 1.139074e+003
4.716196e+002, 1.096609e+003
4.721017e+002, 1.053165e+003
4.725839e+002, 1.010411e+003
4.730660e+002, 9.683438e+002
4.735481e+002, 9.271423e+002
4.740302e+002, 8.874491e+002
4.745123e+002, 8.492076e+002
4.749944e+002, 8.128083e+002
4.754766e+002, 7.789455e+002
4.759587e+002, 7.475185e+002
4.764408e+002, 7.177397e+002
4.769229e+002, 6.897394e+002
4.774050e+002, 6.632655e+002
4.778871e+002, 6.379227e+002
4.783693e+002, 6.137838e+002
4.788514e+002, 5.915020e+002
4.793335e+002, 5.720354e+002
4.798156e+002, 5.543940e+002
4.802977e+002, 5.374691e+002
4.807798e+002, 5.208793e+002
4.812620e+002, 5.057714e+002
4.817441e+002, 4.937754e+002
4.822262e+002, 4.834964e+002
4.827083e+002, 4.728795e+002
4.831904e+002, 4.602396e+002
4.836725e+002, 4.480614e+002
4.841547e+002, 4.373688e+002
4.846368e+002, 4.281596e+002
4.851189e+002, 4.194627e+002
4.856010e+002, 4.112067e+002
4.860831e+002, 4.033723e+002
4.865652e+002, 3.960229e+002
4.870474e+002, 3.892579e+002
4.875295e+002, 3.826374e+002
4.880116e+002, 3.760721e+002
4.884937e+002, 3.697930e+002
4.889758e+002, 3.640995e+002
4.894579e+002, 3.590935e+002
4.899401e+002, 3.543381e+002
4.904222e+002, 3.497203e+002
4.909043e+002, 3.452591e+002
4.913864e+002, 3.407459e+002
4.918685e+002, 3.361030e+002
4.923506e+002, 3.318386e+002
4.928328e+002, 3.284317e+002
4.933149e+002, 3.257393e+002
4.937970e+002, 3.230079e+002
4.942791e+002, 3.201438e+002
4.947612e+002, 3.174045e+002
4.952433e+002, 3.151913e+002
4.957255e+002, 3.133130e+002
4.962076e+002, 3.112437e+002
4.966897e+002, 3.086048e+002
4.971718e+002, 3.058811e+002
4.976539e+002, 3.034905e+002
4.981360e+002, 3.014302e+002
4.986182e+002, 2.996366e+002
4.991003e+002, 2.984054e+002
4.995824e+002, 2.972190e+002
5.000645e+002, 2.956344e+002
5.005466e+002, 2.934000e+002
5.010287e+002, 2.915818e+002
5.015109e+002, 2.908240e+002
5.019930e+002, 2.904722e+002
5.024751e+002, 2.898839e+002
5.029572e+002, 2.891588e+002
5.034393e+002, 2.879496e+002
5.039214e+002, 2.857477e+002
5.044036e+002, 2.830162e+002
5.048857e+002, 2.814260e+002
5.053678e+002, 2.817458e+002
5.058499e+002, 2.818382e+002
5.063320e+002, 2.806002e+002
5.068141e+002, 2.778730e+002
5.072963e+002, 2.763111e+002
5.077784e+002, 2.761402e+002
5.082605e+002, 2.764972e+002
5.087426e+002, 2.765716e+002
5.092247e+002, 2.763763e+002
5.097068e+002, 2.760965e+002
5.101890e+002, 2.757485e+002
5.106711e+002, 2.753635e+002
5.111532e+002, 2.750597e+002
5.116353e+002, 2.747919e+002
5.121174e+002, 2.743611e+002
5.125995e+002, 2.730576e+002
5.130817e+002, 2.718519e+002
5.135638e+002, 2.724435e+002
5.140459e+002, 2.747447e+002
5.145280e+002, 2.763676e+002
5.150101e+002, 2.747816e+002
5.154922e+002, 2.723323e+002
5.159744e+002, 2.713348e+002
5.164565e+002, 2.730960e+002
5.169386e+002, 2.746927e+002
5.174207e+002, 2.753194e+002
5.179028e+002, 2.751533e+002
5.183849e+002, 2.744823e+002
5.188671e+002, 2.720091e+002
5.193492e+002, 2.704994e+002
5.198313e+002, 2.709221e+002
5.203134e+002, 2.731109e+002
5.207955e+002, 2.746618e+002
5.212776e+002, 2.753984e+002
5.217598e+002, 2.757529e+002
5.222419e+002, 2.758673e+002
5.227240e+002, 2.756450e+002
5.232061e+002, 2.757387e+002
5.236882e+002, 2.762621e+002
5.241703e+002, 2.768790e+002
5.246525e+002, 2.770576e+002
5.251346e+002, 2.768375e+002
5.256167e+002, 2.768344e+002
5.260988e+002, 2.772491e+002
5.265809e+002, 2.779390e+002
5.270630e+002, 2.789417e+002
5.275452e+002, 2.801204e+002
5.280273e+002, 2.807168e+002
5.285094e+002, 2.794034e+002
5.289915e+002, 2.777332e+002
5.294736e+002, 2.776332e+002
5.299557e+002, 2.792884e+002
5.304379e+002, 2.811531e+002
5.309200e+002, 2.827143e+002
5.314021e+002, 2.838408e+002
5.318842e+002, 2.843582e+002
5.323663e+002, 2.834391e+002
5.328484e+002, 2.830304e+002
5.333306e+002, 2.839930e+002
5.338127e+002, 2.857647e+002
5.342948e+002, 2.871391e+002
5.347769e+002, 2.877724e+002
5.352590e+002, 2.883008e+002
5.357411e+002, 2.888222e+002
5.362233e+002, 2.893390e+002
5.367054e+002, 2.899540e+002
5.371875e+002, 2.906394e+002
5.376696e+002, 2.914779e+002
5.381517e+002, 2.926418e+002
5.386339e+002, 2.941735e+002
5.391160e+002, 2.953178e+002
5.395981e+002, 2.959474e+002
5.400802e+002, 2.964239e+002
5.405623e+002, 2.971924e+002
5.410444e+002, 2.982348e+002
5.415266e+002, 2.994872e+002
5.420087e+002, 3.010544e+002
5.424908e+002, 3.026710e+002
5.429729e+002, 3.037852e+002
5.434550e+002, 3.045377e+002
5.439371e+002, 3.055301e+002
5.444193e+002, 3.074088e+002
5.449014e+002, 3.094753e+002
5.453835e+002, 3.112419e+002
5.458656e+002, 3.126703e+002
5.463477e+002, 3.136614e+002
5.468298e+002, 3.135454e+002
5.473120e+002, 3.133384e+002
5.477941e+002, 3.138822e+002
5.482762e+002, 3.159398e+002
5.487583e+002, 3.178890e+002
5.492404e+002, 3.194873e+002
5.497225e+002, 3.209397e+002
5.502047e+002, 3.226133e+002
5.506868e+002, 3.246562e+002
5.511689e+002, 3.266343e+002
5.516510e+002, 3.283852e+002
5.521331e+002, 3.299664e+002
5.526152e+002, 3.318044e+002
5.530974e+002, 3.340088e+002
5.535795e+002, 3.359482e+002
5.540616e+002, 3.369047e+002
5.545437e+002, 3.371321e+002
5.550258e+002, 3.381071e+002
5.555079e+002, 3.399554e+002
5.559901e+002, 3.422847e+002
5.564722e+002, 3.450548e+002
5.569543e+002, 3.479896e+002
5.574364e+002, 3.504403e+002
5.579185e+002, 3.518697e+002
5.584006e+002, 3.533355e+002
5.588828e+002, 3.558518e+002
5.593649e+002, 3.590504e+002
5.598470e+002, 3.621388e+002
5.603291e+002, 3.648783e+002
5.608112e+002, 3.673431e+002
5.612933e+002, 3.694026e+002
5.617755e+002, 3.710477e+002
5.622576e+002, 3.730807e+002
5.627397e+002, 3.761344e+002
5.632218e+002, 3.791393e+002
5.637039e+002, 3.815168e+002
5.641860e+002, 3.828073e+002
5.646682e+002, 3.847269e+002
5.651503e+002, 3.875282e+002
5.656324e+002, 3.906784e+002
5.661145e+002, 3.933799e+002
5.665966e+002, 3.955799e+002
5.670787e+002, 3.981449e+002
5.675609e+002, 4.013481e+002
5.680430e+002, 4.049307e+002
5.685251e+002, 4.082856e+002
5.690072e+002, 4.114615e+002
5.694893e+002, 4.145677e+002
5.699714e+002, 4.177794e+002
5.704536e+002, 4.209453e+002
5.709357e+002, 4.236772e+002
5.714178e+002, 4.260070e+002
5.718999e+002, 4.286962e+002
5.723820e+002, 4.322152e+002
5.728641e+002, 4.362972e+002
5.733463e+002, 4.407823e+002
5.738284e+002, 4.459995e+002
5.743105e+002, 4.507464e+002
5.747926e+002, 4.540753e+002
5.752747e+002, 4.569464e+002
5.757568e+002, 4.605585e+002
5.762390e+002, 4.655793e+002
5.767211e+002, 4.706490e+002
5.772032e+002, 4.756884e+002
5.776853e+002, 4.806815e+002
5.781674e+002, 4.852907e+002
5.786495e+002, 4.892357e+002
5.791317e+002, 4.936372e+002
5.796138e+002, 4.991347e+002
5.800959e+002, 5.055717e+002
5.805780e+002, 5.114356e+002
5.810601e+002, 5.166954e+002
5.815422e+002, 5.223114e+002
5.820244e+002, 5.297274e+002
5.825065e+002, 5.381213e+002
5.829886e+002, 5.451363e+002
5.834707e+002, 5.503890e+002
5.839528e+002, 5.552675e+002
5.844349e+002, 5.607021e+002
5.849171e+002, 5.666678e+002
5.853992e+002, 5.731262e+002
5.858813e+002, 5.800109e+002
5.863634e+002, 5.874693e+002
5.868455e+002, 5.957670e+002
5.873276e+002, 6.046957e+002
5.878098e+002, 6.133842e+002
5.882919e+002, 6.206910e+002
5.887740e+002, 6.287623e+002
5.892561e+002, 6.388199e+002
5.897382e+002, 6.509291e+002
5.902203e+002, 6.606752e+002
5.907025e+002, 6.668653e+002
5.911846e+002, 6.726487e+002
5.916667e+002, 6.801874e+002
5.921488e+002, 6.896738e+002
5.926309e+002, 6.984562e+002
5.931130e+002, 7.063094e+002
5.935952e+002, 7.141535e+002
5.940773e+002, 7.230810e+002
5.945594e+002, 7.329962e+002
5.950415e+002, 7.434296e+002
5.955236e+002, 7.547358e+002
5.960057e+002, 7.658251e+002
5.964879e+002, 7.749131e+002
5.969700e+002, 7.827521e+002
5.974521e+002, 7.910093e+002
5.979342e+002, 8.008528e+002
5.984163e+002, 8.110110e+002
5.988984e+002, 8.211322e+002
5.993806e+002, 8.311373e+002
5.998627e+002, 8.401564e+002
6.003448e+002, 8.470234e+002
6.008269e+002, 8.536634e+002
6.013090e+002, 8.611662e+002
6.017911e+002, 8.699791e+002
6.022733e+002, 8.780314e+002
6.027554e+002, 8.853684e+002
6.032375e+002, 8.918685e+002
6.037196e+002, 8.971667e+002
6.042017e+002, 9.012126e+002
6.046838e+002, 9.050137e+002
6.051660e+002, 9.086962e+002
6.056481e+002, 9.122504e+002
6.061302e+002, 9.156534e+002
6.066123e+002, 9.188914e+002
6.070944e+002, 9.219320e+002
6.075765e+002, 9.253259e+002
6.080587e+002, 9.279777e+002
6.085408e+002, 9.283495e+002
6.090229e+002, 9.268366e+002
6.095050e+002, 9.248778e+002
6.099871e+002, 9.228730e+002
6.104692e+002, 9.209244e+002
6.109514e+002, 9.193646e+002
6.114335e+002, 9.182518e+002
6.119156e+002, 9.161835e+002
6.123977e+002, 9.122416e+002
6.128798e+002, 9.077159e+002
6.133619e+002, 9.033287e+002
6.138441e+002, 8.987019e+002
6.143262e+002, 8.951245e+002
6.148083e+002, 8.930276e+002
6.152904e+002, 8.913769e+002
6.157725e+002, 8.888984e+002
6.162546e+002, 8.855566e+002
6.167368e+002, 8.820844e+002
6.172189e+002, 8.784566e+002
6.177010e+002, 8.749924e+002
6.181831e+002, 8.722829e+002
6.186652e+002, 8.702587e+002
6.191473e+002, 8.686400e+002
6.196295e+002, 8.675916e+002
6.201116e+002, 8.667034e+002
6.205937e+002, 8.657181e+002
6.210758e+002, 8.645831e+002
6.215579e+002, 8.630051e+002
6.220400e+002, 8.599783e+002
6.225222e+002, 8.571787e+002
6.230043e+002, 8.558112e+002
6.234864e+002, 8.563318e+002
6.239685e+002, 8.562493e+002
6.244506e+002, 8.552258e+002
6.249327e+002, 8.536008e+002
6.254149e+002, 8.515751e+002
6.258970e+002, 8.492031e+002
6.263791e+002, 8.462366e+002
6.268612e+002, 8.424489e+002
6.273433e+002, 8.384339e+002
6.278254e+002, 8.354130e+002
6.283076e+002, 8.332885e+002
6.287897e+002, 8.298677e+002
6.292718e+002, 8.243251e+002
6.297539e+002, 8.176624e+002
6.302360e+002, 8.116683e+002
6.307181e+002, 8.059832e+002
6.312003e+002, 7.995328e+002
6.316824e+002, 7.918635e+002
6.321645e+002, 7.831216e+002
6.326466e+002, 7.730291e+002
6.331287e+002, 7.617545e+002
6.336108e+002, 7.509086e+002
6.340930e+002, 7.418284e+002
6.345751e+002, 7.325053e+002
6.350572e+002, 7.217485e+002
6.355393e+002, 7.089596e+002
6.360214e+002, 6.974247e+002
6.365035e+002, 6.882897e+002
6.369857e+002, 6.789553e+002
6.374678e+002, 6.672285e+002
6.379499e+002, 6.527188e+002
6.384320e+002, 6.388924e+002
6.389141e+002, 6.260743e+002
6.393962e+002, 6.140247e+002
6.398784e+002, 6.026252e+002
6.403605e+002, 5.918770e+002
6.408426e+002, 5.813528e+002
6.413247e+002, 5.711918e+002
6.418068e+002, 5.609648e+002
6.422889e+002, 5.496872e+002
6.427711e+002, 5.379597e+002
6.432532e+002, 5.268453e+002
6.437353e+002, 5.178060e+002
6.442174e+002, 5.087223e+002
6.446995e+002, 4.978584e+002
6.451816e+002, 4.857192e+002
6.456638e+002, 4.754975e+002
6.461459e+002, 4.697672e+002
6.466280e+002, 4.639068e+002
6.471101e+002, 4.561174e+002
6.475922e+002, 4.463090e+002
6.480743e+002, 4.372310e+002
6.485565e+002, 4.289673e+002
6.490386e+002, 4.213678e+002
6.495207e+002, 4.146717e+002
6.500028e+002, 4.087839e+002
6.504849e+002, 4.029024e+002
6.509670e+002, 3.970215e+002
6.514492e+002, 3.911403e+002
6.519313e+002, 3.852946e+002
6.524134e+002, 3.794930e+002
6.528955e+002, 3.738886e+002
6.533776e+002, 3.685125e+002
6.538597e+002, 3.631190e+002
6.543419e+002, 3.572572e+002
6.548240e+002, 3.513249e+002
6.553061e+002, 3.460286e+002
6.557882e+002, 3.421146e+002
6.562703e+002, 3.382249e+002
6.567524e+002, 3.339061e+002
6.572346e+002, 3.293965e+002
6.577167e+002, 3.254485e+002
6.581988e+002, 3.223135e+002
6.586809e+002, 3.191605e+002
6.591630e+002, 3.155919e+002
6.596451e+002, 3.117602e+002
6.601273e+002, 3.087439e+002
6.606094e+002, 3.065495e+002
6.610915e+002, 3.042607e+002
6.615736e+002, 3.010017e+002
6.620557e+002, 2.972499e+002
6.625378e+002, 2.939039e+002
6.630200e+002, 2.910081e+002
6.635021e+002, 2.884084e+002
6.639842e+002, 2.862340e+002
6.644663e+002, 2.841592e+002
6.649484e+002, 2.818643e+002
6.654305e+002, 2.791382e+002
6.659127e+002, 2.766102e+002
6.663948e+002, 2.742794e+002
6.668769e+002, 2.723181e+002
6.673590e+002, 2.709457e+002
6.678411e+002, 2.708199e+002
6.683232e+002, 2.698744e+002
6.688054e+002, 2.676664e+002
6.692875e+002, 2.649135e+002
6.697696e+002, 2.628569e+002
6.702517e+002, 2.615050e+002
6.707338e+002, 2.604293e+002
6.712159e+002, 2.596958e+002
6.716981e+002, 2.589329e+002
6.721802e+002, 2.573752e+002
6.726623e+002, 2.552067e+002
6.731444e+002, 2.530311e+002
6.736265e+002, 2.509358e+002
6.741086e+002, 2.491665e+002
6.745908e+002, 2.483068e+002
6.750729e+002, 2.481406e+002
6.755550e+002, 2.472258e+002
6.760371e+002, 2.440098e+002
6.765192e+002, 2.409570e+002
6.770013e+002, 2.392251e+002
6.774835e+002, 2.389456e+002
6.779656e+002, 2.385125e+002
6.784477e+002, 2.378135e+002
6.789298e+002, 2.371574e+002
6.794119e+002, 2.368701e+002
6.798940e+002, 2.369513e+002
6.803762e+002, 2.365549e+002
6.808583e+002, 2.355835e+002
6.813404e+002, 2.345364e+002
6.818225e+002, 2.340379e+002
6.823046e+002, 2.338201e+002
6.827867e+002, 2.332785e+002
6.832689e+002, 2.322187e+002
6.837510e+002, 2.310766e+002
6.842331e+002, 2.301237e+002
6.847152e+002, 2.293084e+002
6.851973e+002, 2.285881e+002
6.856794e+002, 2.279097e+002
6.861616e+002, 2.273676e+002
6.866437e+002, 2.271040e+002
6.871258e+002, 2.269552e+002
6.876079e+002, 2.267207e+002
6.880900e+002, 2.266660e+002
6.885721e+002, 2.257395e+002
6.890543e+002, 2.232541e+002
6.895364e+002, 2.200261e+002
6.900185e+002, 2.185975e+002
6.905006e+002, 2.189245e+002
6.909827e+002, 2.194898e+002
6.914648e+002, 2.199049e+002
6.919470e+002, 2.198916e+002
6.924291e+002, 2.185948e+002
6.929112e+002, 2.162891e+002
6.933933e+002, 2.145051e+002
6.938754e+002, 2.145779e+002
6.943575e+002, 2.150519e+002
6.948397e+002, 2.148085e+002
6.953218e+002, 2.136610e+002
6.958039e+002, 2.132982e+002
6.962860e+002, 2.148742e+002
6.967681e+002, 2.164022e+002
6.972502e+002, 2.169207e+002
6.977324e+002, 2.163080e+002
6.982145e+002, 2.150805e+002
6.986966e+002, 2.129518e+002
6.991787e+002, 2.110190e+002
6.996608e+002, 2.106531e+002
7.001429e+002, 2.115124e+002
7.006251e+002, 2.118270e+002
7.011072e+002, 2.112916e+002
7.015893e+002, 2.106175e+002
7.020714e+002, 2.104632e+002
7.025535e+002, 2.106357e+002
7.030356e+002, 2.108616e+002
7.035178e+002, 2.110835e+002
7.039999e+002, 2.113037e+002
7.044820e+002, 2.117721e+002
7.049641e+002, 2.121656e+002
7.054462e+002, 2.119429e+002
7.059283e+002, 2.104228e+002
7.064105e+002, 2.093618e+002
7.068926e+002, 2.090881e+002
7.073747e+002, 2.093360e+002
7.078568e+002, 2.095385e+002
7.083389e+002, 2.097070e+002
7.088210e+002, 2.096883e+002
7.093032e+002, 2.093322e+002
7.097853e+002, 2.088525e+002
7.102674e+002, 2.088148e+002
7.107495e+002, 2.090857e+002
7.112316e+002, 2.091046e+002
7.117137e+002, 2.075010e+002
7.121959e+002, 2.064041e+002
7.126780e+002, 2.083791e+002
7.131601e+002, 2.128392e+002
7.136422e+002, 2.153180e+002
7.141243e+002, 2.127258e+002
7.146064e+002, 2.096712e+002
7.150886e+002, 2.079585e+002
7.155707e+002, 2.076096e+002
7.160528e+002, 2.075960e+002
7.165349e+002, 2.081374e+002
7.170170e+002, 2.084562e+002
7.174991e+002, 2.078281e+002
7.179813e+002, 2.064272e+002
7.184634e+002, 2.055585e+002
7.189455e+002, 2.052580e+002
7.194276e+002, 2.054277e+002
7.199097e+002, 2.064964e+002
7.203918e+002, 2.077636e+002
7.208740e+002, 2.081474e+002
7.213561e+002, 2.073475e+002
7.218382e+002, 2.065968e+002
7.223203e+002, 2.064077e+002
7.228024e+002, 2.065636e+002
7.232845e+002, 2.068945e+002
7.237667e+002, 2.077214e+002
7.242488e+002, 2.080884e+002
7.247309e+002, 2.077755e+002
7.252130e+002, 2.072369e+002
7.256951e+002, 2.070601e+002
7.261772e+002, 2.072863e+002
7.266594e+002, 2.072086e+002
7.271415e+002, 2.066422e+002
7.276236e+002, 2.059743e+002
7.281057e+002, 2.057657e+002
7.285878e+002, 2.058827e+002
7.290699e+002, 2.059718e+002
7.295521e+002, 2.058881e+002
7.300342e+002, 2.057923e+002
7.305163e+002, 2.057552e+002
7.309984e+002, 2.057891e+002
7.314805e+002, 2.059147e+002
7.319626e+002, 2.062440e+002
7.324448e+002, 2.065410e+002
7.329269e+002, 2.067693e+002
7.334090e+002, 2.069380e+002
7.338911e+002, 2.070678e+002
7.343732e+002, 2.071622e+002
7.348553e+002, 2.071807e+002
7.353375e+002, 2.070262e+002
7.358196e+002, 2.068545e+002
7.363017e+002, 2.072283e+002
7.367838e+002, 2.080385e+002
7.372659e+002, 2.086212e+002
7.377480e+002, 2.084876e+002
7.382302e+002, 2.080528e+002
7.387123e+002, 2.075738e+002
7.391944e+002, 2.070986e+002
7.396765e+002, 2.068230e+002
7.401586e+002, 2.072007e+002
7.406407e+002, 2.074297e+002
7.411229e+002, 2.069947e+002
7.416050e+002, 2.059385e+002
7.420871e+002, 2.053559e+002
7.425692e+002, 2.053926e+002
7.430513e+002, 2.055483e+002
7.435334e+002, 2.054486e+002
7.440156e+002, 2.051874e+002
7.444977e+002, 2.057324e+002
7.449798e+002, 2.070848e+002
7.454619e+002, 2.083174e+002
7.459440e+002, 2.086498e+002
7.464261e+002, 2.084678e+002
7.469083e+002, 2.081845e+002
7.473904e+002, 2.078352e+002
7.478725e+002, 2.075195e+002
7.483546e+002, 2.070286e+002
7.488367e+002, 2.067744e+002
7.493188e+002, 2.071488e+002
7.498010e+002, 2.084444e+002
7.502831e+002, 2.093434e+002
7.507652e+002, 2.098977e+002
7.512473e+002, 2.099676e+002
7.517294e+002, 2.091381e+002
7.522115e+002, 2.074375e+002
7.526937e+002, 2.066975e+002
7.531758e+002, 2.071173e+002
7.536579e+002, 2.078738e+002
7.541400e+002, 2.081524e+002
7.546221e+002, 2.081874e+002
7.551042e+002, 2.084757e+002
7.555864e+002, 2.092817e+002
7.560685e+002, 2.096394e+002
7.565506e+002, 2.085576e+002
7.570327e+002, 2.070107e+002
7.575148e+002, 2.060011e+002
7.579969e+002, 2.059076e+002
7.584791e+002, 2.059603e+002
7.589612e+002, 2.062027e+002
7.594433e+002, 2.065408e+002
7.599254e+002, 2.069269e+002
7.604075e+002, 2.073762e+002
7.608896e+002, 2.075208e+002
7.613718e+002, 2.072741e+002
7.618539e+002, 2.067988e+002
7.623360e+002, 2.061311e+002
7.628181e+002, 2.054175e+002
7.633002e+002, 2.049739e+002
7.637823e+002, 2.049456e+002
7.642645e+002, 2.051052e+002
7.647466e+002, 2.054803e+002
7.652287e+002, 2.059180e+002
7.657108e+002, 2.061935e+002
7.661929e+002, 2.060048e+002
7.666750e+002, 2.060575e+002
7.671572e+002, 2.066000e+002
7.676393e+002, 2.072735e+002
7.681214e+002, 2.073385e+002
7.686035e+002, 2.067476e+002
7.690856e+002, 2.062210e+002
7.695677e+002, 2.059518e+002
7.700499e+002, 2.058024e+002
7.705320e+002, 2.055718e+002
7.710141e+002, 2.052872e+002
7.714962e+002, 2.050211e+002
7.719783e+002, 2.048244e+002
7.724604e+002, 2.046291e+002
7.729426e+002, 2.046142e+002
7.734247e+002, 2.045637e+002
7.739068e+002, 2.039304e+002
7.743889e+002, 2.015877e+002
7.748710e+002, 2.002368e+002
7.753531e+002, 2.006891e+002
7.758353e+002, 2.022734e+002
7.763174e+002, 2.031285e+002
7.767995e+002, 2.032333e+002
7.772816e+002, 2.029359e+002
7.777637e+002, 2.021671e+002
7.782458e+002, 2.012876e+002
7.787280e+002, 2.009377e+002
7.792101e+002, 2.010001e+002
7.796922e+002, 2.011012e+002
7.801743e+002, 2.008865e+002
7.806564e+002, 2.008337e+002
7.811385e+002, 2.015499e+002
7.816207e+002, 2.027290e+002
7.821028e+002, 2.029477e+002
7.825849e+002, 2.012712e+002
7.830670e+002, 2.000268e+002
7.835491e+002, 1.999520e+002
7.840313e+002, 2.007331e+002
7.845134e+002, 2.011622e+002
7.849955e+002, 2.012374e+002
7.854776e+002, 2.011622e+002
7.859597e+002, 2.010633e+002
7.864418e+002, 2.008471e+002
7.869240e+002, 2.001858e+002
7.874061e+002, 1.992350e+002
7.878882e+002, 1.985779e+002
7.883703e+002, 1.991429e+002
7.888524e+002, 1.994792e+002
7.893345e+002, 1.983771e+002
7.898167e+002, 1.961479e+002
7.902988e+002, 1.954259e+002
7.907809e+002, 1.971866e+002
7.912630e+002, 1.987026e+002
7.917451e+002, 1.988951e+002
7.922272e+002, 1.981469e+002
7.927094e+002, 1.983322e+002
7.931915e+002, 1.994055e+002
7.936736e+002, 2.002270e+002
7.941557e+002, 1.998792e+002
7.946378e+002, 1.990733e+002
7.951199e+002, 1.986592e+002
7.956021e+002, 1.985915e+002
7.960842e+002, 1.986032e+002
7.965663e+002, 1.987838e+002
7.970484e+002, 1.988242e+002
7.975305e+002, 1.985280e+002
7.980126e+002, 1.979349e+002
7.984948e+002, 1.973203e+002
7.989769e+002, 1.965780e+002
7.994590e+002, 1.961057e+002
7.999411e+002, 1.962176e+002
8.004232e+002, 1.966983e+002
8.009053e+002, 1.965744e+002
8.013875e+002, 1.959201e+002
8.018696e+002, 1.954645e+002
8.023517e+002, 1.958022e+002
8.028338e+002, 1.964375e+002
8.033159e+002, 1.970257e+002
8.037980e+002, 1.975156e+002
8.042802e+002, 1.976916e+002
8.047623e+002, 1.968513e+002
8.052444e+002, 1.963568e+002
8.057265e+002, 1.968703e+002
8.062086e+002, 1.982360e+002
8.066907e+002, 1.991123e+002
8.071729e+002, 1.994613e+002
8.076550e+002, 1.994611e+002
8.081371e+002, 1.990872e+002
8.086192e+002, 1.984717e+002
8.091013e+002, 1.978877e+002
8.095834e+002, 1.973586e+002
8.100656e+002, 1.970138e+002
8.105477e+002, 1.970374e+002
8.110298e+002, 1.971845e+002
8.115119e+002, 1.973057e+002
8.119940e+002, 1.974022e+002
8.124761e+002, 1.975137e+002
8.129583e+002, 1.973630e+002
8.134404e+002, 1.976395e+002
8.139225e+002, 1.989007e+002
8.144046e+002, 2.008052e+002
8.148867e+002, 2.010491e+002
8.153688e+002, 1.995407e+002
8.158510e+002, 1.981996e+002
8.163331e+002, 1.982572e+002
8.168152e+002, 1.989576e+002
8.172973e+002, 1.990347e+002
8.177794e+002, 1.986246e+002
8.182615e+002, 1.982724e+002
8.187437e+002, 1.983891e+002
8.192258e+002, 1.984893e+002
8.197079e+002, 1.982750e+002
8.201900e+002, 1.978001e+002
8.206721e+002, 1.975172e+002
8.211542e+002, 1.974371e+002
8.216364e+002, 1.975696e+002
8.221185e+002, 1.981953e+002
8.226006e+002, 1.988968e+002
8.230827e+002, 1.977498e+002
8.235648e+002, 1.950646e+002
8.240469e+002, 1.932856e+002
8.245291e+002, 1.945725e+002
8.250112e+002, 1.966664e+002
8.254933e+002, 1.975120e+002
8.259754e+002, 1.973755e+002
8.264575e+002, 1.971293e+002
8.269396e+002, 1.973893e+002
8.274218e+002, 1.971462e+002
8.279039e+002, 1.957441e+002
8.283860e+002, 1.937099e+002
8.288681e+002, 1.928887e+002
8.293502e+002, 1.934088e+002
8.298323e+002, 1.944446e+002
8.303145e+002, 1.960733e+002
8.307966e+002, 1.976235e+002
8.312787e+002, 1.974856e+002
8.317608e+002, 1.961318e+002
8.322429e+002, 1.950330e+002
8.327250e+002, 1.951335e+002
8.332072e+002, 1.953931e+002
8.336893e+002, 1.951257e+002
8.341714e+002, 1.945989e+002
8.346535e+002, 1.945705e+002
8.351356e+002, 1.955044e+002
8.356177e+002, 1.961868e+002
8.360999e+002, 1.964828e+002
8.365820e+002, 1.963469e+002
8.370641e+002, 1.954176e+002
8.375462e+002, 1.937932e+002
8.380283e+002, 1.925990e+002
8.385104e+002, 1.922431e+002
8.389926e+002, 1.923738e+002
8.394747e+002, 1.929473e+002
8.399568e+002, 1.936582e+002
8.404389e+002, 1.939798e+002
8.409210e+002, 1.933159e+002
8.414031e+002, 1.927403e+002
8.418853e+002, 1.924810e+002
8.423674e+002, 1.924397e+002
8.428495e+002, 1.925139e+002
8.433316e+002, 1.927218e+002
8.438137e+002, 1.929952e+002
8.442958e+002, 1.934027e+002
8.447780e+002, 1.936642e+002
8.452601e+002, 1.932719e+002
8.457422e+002, 1.924165e+002
8.462243e+002, 1.915127e+002
8.467064e+002, 1.905829e+002
8.471885e+002, 1.898531e+002
8.476707e+002, 1.895493e+002
8.481528e+002, 1.894746e+002
8.486349e+002, 1.894077e+002
8.491170e+002, 1.893953e+002
8.495991e+002, 1.892052e+002
8.500812e+002, 1.886003e+002
8.505634e+002, 1.881959e+002
8.510455e+002, 1.891791e+002
8.515276e+002, 1.912314e+002
8.520097e+002, 1.914626e+002
8.524918e+002, 1.892194e+002
8.529739e+002, 1.872235e+002
8.534561e+002, 1.889335e+002
8.539382e+002, 1.917703e+002
8.544203e+002, 1.926239e+002
8.549024e+002, 1.901380e+002
8.553845e+002, 1.884077e+002
8.558666e+002, 1.888183e+002
8.563488e+002, 1.896889e+002
8.568309e+002, 1.899795e+002
8.573130e+002, 1.896412e+002
8.577951e+002, 1.890422e+002
8.582772e+002, 1.881444e+002
8.587593e+002, 1.872710e+002
8.592415e+002, 1.864540e+002
8.597236e+002, 1.859515e+002
8.602057e+002, 1.864744e+002
8.606878e+002, 1.880656e+002
8.611699e+002, 1.892617e+002
8.616520e+002, 1.891579e+002
8.621342e+002, 1.886101e+002
8.626163e+002, 1.881265e+002
8.630984e+002, 1.877458e+002
8.635805e+002, 1.870082e+002
8.640626e+002, 1.856713e+002
8.645447e+002, 1.847264e+002
8.650269e+002, 1.851251e+002
8.655090e+002, 1.863143e+002
8.659911e+002, 1.860716e+002
8.664732e+002, 1.846244e+002
8.669553e+002, 1.835276e+002
8.674374e+002, 1.840604e+002
8.679196e+002, 1.850174e+002
8.684017e+002, 1.857054e+002
8.688838e+002, 1.860927e+002
8.693659e+002, 1.861938e+002
8.698480e+002, 1.859972e+002
8.703301e+002, 1.855108e+002
8.708123e+002, 1.844459e+002
8.712944e+002, 1.832181e+002
8.717765e+002, 1.836671e+002
8.722586e+002, 1.855895e+002
8.727407e+002, 1.868128e+002
8.732228e+002, 1.857881e+002
8.737050e+002, 1.842886e+002
8.741871e+002, 1.843139e+002
8.746692e+002, 1.852477e+002
8.751513e+002, 1.857487e+002
8.756334e+002, 1.851169e+002
8.761155e+002, 1.843351e+002
8.765977e+002, 1.834209e+002
8.770798e+002, 1.825744e+002
8.775619e+002, 1.821737e+002
8.780440e+002, 1.822379e+002
8.785261e+002, 1.825962e+002
8.790082e+002, 1.833952e+002
8.794904e+002, 1.839690e+002
8.799725e+002, 1.830276e+002
8.804546e+002, 1.813631e+002
8.809367e+002, 1.804074e+002
8.814188e+002, 1.808645e+002
8.819009e+002, 1.813731e+002
8.823831e+002, 1.814711e+002
8.828652e+002, 1.813847e+002
8.833473e+002, 1.812894e+002
8.838294e+002, 1.810635e+002
8.843115e+002, 1.814343e+002
8.847936e+002, 1.826190e+002
8.852758e+002, 1.836905e+002
8.857579e+002, 1.835464e+002
8.862400e+002, 1.826035e+002
8.867221e+002, 1.817024e+002
8.872042e+002, 1.809375e+002
8.876863e+002, 1.804519e+002
8.881685e+002, 1.802696e+002
8.886506e+002, 1.804325e+002
8.891327e+002, 1.812116e+002
8.896148e+002, 1.828006e+002
8.900969e+002, 1.832814e+002
8.905790e+002, 1.822557e+002
8.910612e+002, 1.811450e+002
8.915433e+002, 1.808351e+002
8.920254e+002, 1.811153e+002
8.925075e+002, 1.813215e+002
8.929896e+002, 1.814355e+002
8.934717e+002, 1.813290e+002
8.939539e+002, 1.806050e+002
8.944360e+002, 1.799157e+002
8.949181e+002, 1.799620e+002
8.954002e+002, 1.805518e+002
8.958823e+002, 1.803093e+002
8.963644e+002, 1.784687e+002
8.968466e+002, 1.771712e+002
8.973287e+002, 1.771750e+002
8.978108e+002, 1.779365e+002
8.982929e+002, 1.779530e+002
8.987750e+002, 1.773463e+002
8.992571e+002, 1.768865e+002
8.997393e+002, 1.769083e+002
9.002214e+002, 1.771275e+002
9.007035e+002, 1.775464e+002
9.011856e+002, 1.779411e+002
9.016677e+002, 1.779272e+002
9.021498e+002, 1.768635e+002
9.026320e+002, 1.761673e+002
9.031141e+002, 1.760478e+002
9.035962e+002, 1.761677e+002
9.040783e+002, 1.759778e+002
9.045604e+002, 1.755279e+002
9.050425e+002, 1.755839e+002
9.055247e+002, 1.763109e+002
9.060068e+002, 1.772074e+002
9.064889e+002, 1.782616e+002
9.069710e+002, 1.789749e+002
9.074531e+002, 1.785760e+002
9.079352e+002, 1.764527e+002
9.084174e+002, 1.751306e+002
9.088995e+002, 1.752712e+002
9.093816e+002, 1.759227e+002
9.098637e+002, 1.766895e+002
9.103458e+002, 1.775801e+002
9.108279e+002, 1.776710e+002
9.113101e+002, 1.769419e+002
9.117922e+002, 1.764162e+002
9.122743e+002, 1.774026e+002
9.127564e+002, 1.786015e+002
9.132385e+002, 1.782419e+002
9.137206e+002, 1.765390e+002
9.142028e+002, 1.754912e+002
9.146849e+002, 1.762087e+002
9.151670e+002, 1.771038e+002
9.156491e+002, 1.777723e+002
9.161312e+002, 1.782467e+002
9.166133e+002, 1.786269e+002
9.170955e+002, 1.789147e+002
9.175776e+002, 1.791806e+002
9.180597e+002, 1.794346e+002
9.185418e+002, 1.797124e+002
9.190239e+002, 1.800311e+002
9.195060e+002, 1.804121e+002
9.199882e+002, 1.808892e+002
9.204703e+002, 1.817011e+002
9.209524e+002, 1.823087e+002
9.214345e+002, 1.825329e+002
9.219166e+002, 1.825852e+002
9.223987e+002, 1.827233e+002
9.228809e+002, 1.829548e+002
9.233630e+002, 1.830513e+002
9.238451e+002, 1.829375e+002
9.243272e+002, 1.829722e+002
9.248093e+002, 1.837051e+002
9.252914e+002, 1.847399e+002
9.257736e+002, 1.855014e+002
9.262557e+002, 1.858452e+002
9.267378e+002, 1.863402e+002
9.272199e+002, 1.875077e+002
9.277020e+002, 1.885103e+002
9.281841e+002, 1.887395e+002
9.286663e+002, 1.881992e+002
9.291484e+002, 1.887242e+002
9.296305e+002, 1.903658e+002
9.301126e+002, 1.920462e+002
9.305947e+002, 1.932782e+002
9.310768e+002, 1.940478e+002
9.315590e+002, 1.940330e+002
9.320411e+002, 1.934595e+002
9.325232e+002, 1.932397e+002
9.330053e+002, 1.939351e+002
9.334874e+002, 1.947122e+002
9.339695e+002, 1.952715e+002
9.344517e+002, 1.958026e+002
9.349338e+002, 1.969590e+002
9.354159e+002, 1.987537e+002
9.358980e+002, 2.000373e+002
9.363801e+002, 2.003140e+002
9.368622e+002, 2.003975e+002
9.373444e+002, 2.009988e+002
9.378265e+002, 2.021149e+002
9.383086e+002, 2.038572e+002
9.387907e+002, 2.070235e+002
9.392728e+002, 2.092368e+002
9.397549e+002, 2.097465e+002
9.402371e+002, 2.095422e+002
9.407192e+002, 2.091192e+002
9.412013e+002, 2.084414e+002
9.416834e+002, 2.091232e+002
9.421655e+002, 2.112659e+002
9.426476e+002, 2.136562e+002
9.431298e+002, 2.153685e+002
9.436119e+002, 2.167016e+002
9.440940e+002, 2.178489e+002
9.445761e+002, 2.188616e+002
9.450582e+002, 2.201970e+002
9.455403e+002, 2.222233e+002
9.460225e+002, 2.242816e+002
9.465046e+002, 2.261692e+002
9.469867e+002, 2.279251e+002
9.474688e+002, 2.296275e+002
9.479509e+002, 2.312893e+002
9.484330e+002, 2.334334e+002
9.489152e+002, 2.365512e+002
9.493973e+002, 2.398676e+002
9.498794e+002, 2.425952e+002
9.503615e+002, 2.449987e+002
9.508436e+002, 2.475587e+002
9.513257e+002, 2.501572e+002
9.518079e+002, 2.532453e+002
9.522900e+002, 2.569077e+002
9.527721e+002, 2.609737e+002
9.532542e+002, 2.654377e+002
9.537363e+002, 2.702017e+002
9.542184e+002, 2.743069e+002
9.547006e+002, 2.775807e+002
9.551827e+002, 2.812332e+002
9.556648e+002, 2.868082e+002
9.561469e+002, 2.928849e+002
9.566290e+002, 2.979257e+002
9.571111e+002, 3.015862e+002
9.575933e+002, 3.063775e+002
9.580754e+002, 3.122396e+002
9.585575e+002, 3.195558e+002
9.590396e+002, 3.288799e+002
9.595217e+002, 3.395776e+002
9.600038e+002, 3.491310e+002
9.604860e+002, 3.579774e+002
9.609681e+002, 3.684300e+002
9.614502e+002, 3.829387e+002
9.619323e+002, 3.980669e+002
9.624144e+002, 4.103359e+002
9.628965e+002, 4.219803e+002
9.633787e+002, 4.376987e+002
9.638608e+002, 4.589457e+002
9.643429e+002, 4.808756e+002
9.648250e+002, 5.027749e+002
9.653071e+002, 5.259453e+002
9.657892e+002, 5.513350e+002
9.662714e+002, 5.791766e+002
9.667535e+002, 6.105353e+002
9.672356e+002, 6.453202e+002
9.677177e+002, 6.836066e+002
9.681998e+002, 7.229443e+002
9.686819e+002, 7.674764e+002
9.691641e+002, 8.174308e+002
9.696462e+002, 8.722987e+002
9.701283e+002, 9.436279e+002
9.706104e+002, 1.030534e+003
9.710925e+002, 1.143130e+003
9.715746e+002, 1.287088e+003
9.720568e+002, 1.462266e+003
9.725389e+002, 1.676086e+003
9.730210e+002, 1.923373e+003
9.735031e+002, 2.180802e+003
9.739852e+002, 2.453434e+003
9.744673e+002, 2.717201e+003
9.749495e+002, 2.963047e+003
9.754316e+002, 3.198155e+003
9.759137e+002, 3.423489e+003
9.763958e+002, 3.636118e+003
9.768779e+002, 3.873726e+003
9.773600e+002, 4.140700e+003
9.778422e+002, 4.441118e+003
9.783243e+002, 4.742397e+003
9.788064e+002, 5.102698e+003
9.792885e+002, 5.590567e+003
9.797706e+002, 6.221951e+003
9.802527e+002, 6.965159e+003
9.807349e+002, 7.816223e+003
9.812170e+002, 8.771170e+003
9.816991e+002, 9.810818e+003
9.821812e+002, 1.094098e+004
9.826633e+002, 1.220753e+004
9.831454e+002, 1.360007e+004
9.836276e+002, 1.500200e+004
9.841097e+002, 1.670041e+004
9.845918e+002, 1.805748e+004
9.850739e+002, 1.871658e+004
9.855560e+002, 1.864300e+004
9.860381e+002, 1.764132e+004
9.865203e+002, 1.532168e+004
9.870024e+002, 1.297292e+004
9.874845e+002, 1.067333e+004
9.879666e+002, 8.562318e+003
9.884487e+002, 6.833466e+003
9.889308e+002, 5.466630e+003
9.894130e+002, 4.379072e+003
9.898951e+002, 3.571038e+003
9.903772e+002, 2.935785e+003
9.908593e+002, 2.468711e+003
9.913414e+002, 2.107703e+003
9.918235e+002, 1.818247e+003
9.923057e+002, 1.595333e+003
9.927878e+002, 1.412593e+003
9.932699e+002, 1.270939e+003
9.937520e+002, 1.151905e+003
9.942341e+002, 1.048612e+003
9.947162e+002, 9.590889e+002
9.951984e+002, 8.833723e+002
9.956805e+002, 8.192504e+002
9.961626e+002, 7.628853e+002
9.966447e+002, 7.134991e+002
9.971268e+002, 6.703652e+002
9.976089e+002, 6.339075e+002
9.980911e+002, 6.019498e+002
9.985732e+002, 5.719734e+002
9.990553e+002, 5.438607e+002
9.995374e+002, 5.192961e+002
1.000020e+003, 4.991239e+002
1.000502e+003, 4.804832e+002
1.000984e+003, 4.607718e+002
1.001466e+003, 4.417394e+002
1.001948e+003, 4.251298e+002
1.002430e+003, 4.114034e+002
1.002912e+003, 3.992087e+002
1.003394e+003, 3.888660e+002
1.003876e+003, 3.792037e+002
1.004359e+003, 3.698950e+002
1.004841e+003, 3.608092e+002
1.005323e+003, 3.515145e+002
1.005805e+003, 3.422088e+002
1.006287e+003, 3.340752e+002
1.006769e+003, 3.281800e+002
1.007251e+003, 3.226871e+002
1.007733e+003, 3.167749e+002
1.008216e+003, 3.106859e+002
1.008698e+003, 3.048232e+002
1.009180e+003, 2.990359e+002
1.009662e+003, 2.940114e+002
1.010144e+003, 2.899471e+002
1.010626e+003, 2.858808e+002
1.011108e+003, 2.805497e+002
1.011590e+003, 2.748726e+002
1.012072e+003, 2.701577e+002
1.012555e+003, 2.664675e+002
1.013037e+003, 2.636613e+002
1.013519e+003, 2.630381e+002
1.014001e+003, 2.616768e+002
1.014483e+003, 2.582442e+002
1.014965e+003, 2.535182e+002
1.015447e+003, 2.500313e+002
1.015929e+003, 2.477281e+002
1.016411e+003, 2.463652e+002
1.016894e+003, 2.463270e+002
1.017376e+003, 2.461105e+002
1.017858e+003, 2.441448e+002
1.018340e+003, 2.413485e+002
1.018822e+003, 2.388556e+002
1.019304e+003, 2.367707e+002
1.019786e+003, 2.351756e+002
1.020268e+003, 2.343125e+002
1.020751e+003, 2.333032e+002
1.021233e+003, 2.310888e+002
1.021715e+003, 2.282894e+002
1.022197e+003, 2.266857e+002
1.022679e+003, 2.261441e+002
1.023161e+003, 2.257257e+002
1.023643e+003, 2.250479e+002
1.024125e+003, 2.243134e+002
1.024607e+003, 2.238189e+002
1.025090e+003, 2.232414e+002
1.025572e+003, 2.215043e+002
1.026054e+003, 2.184254e+002
1.026536e+003, 2.170738e+002
1.027018e+003, 2.183532e+002
1.027500e+003, 2.198390e+002
1.027982e+003, 2.187197e+002
1.028464e+003, 2.164753e+002
1.028947e+003, 2.147272e+002
1.029429e+003, 2.137587e+002
1.029911e+003, 2.133295e+002
1.030393e+003, 2.136301e+002
1.030875e+003, 2.140003e+002
1.031357e+003, 2.141319e+002
1.031839e+003, 2.140740e+002
1.032321e+003, 2.138476e+002
1.032803e+003, 2.135429e+002
1.033286e+003, 2.135276e+002
1.033768e+003, 2.143125e+002
1.034250e+003, 2.150530e+002
1.034732e+003, 2.155009e+002
1.035214e+003, 2.156143e+002
1.035696e+003, 2.151805e+002
1.036178e+003, 2.139059e+002
1.036660e+003, 2.139462e+002
1.037143e+003, 2.156694e+002
1.037625e+003, 2.172218e+002
1.038107e+003, 2.164387e+002
1.038589e+003, 2.147814e+002
1.039071e+003, 2.141317e+002
1.039553e+003, 2.145545e+002
1.040035e+003, 2.147368e+002
1.040517e+003, 2.136373e+002
1.041000e+003, 2.135278e+002
1.041482e+003, 2.154470e+002
1.041964e+003, 2.183324e+002
1.042446e+003, 2.194922e+002
1.042928e+003, 2.193010e+002
1.043410e+003, 2.192530e+002
1.043892e+003, 2.198706e+002
1.044374e+003, 2.204598e+002
1.044856e+003, 2.201499e+002
1.045339e+003, 2.199490e+002
1.045821e+003, 2.209832e+002
1.046303e+003, 2.235905e+002
1.046785e+003, 2.246199e+002
1.047267e+003, 2.238693e+002
1.047749e+003, 2.233139e+002
1.048231e+003, 2.245965e+002
1.048713e+003, 2.265825e+002
1.049195e+003, 2.277887e+002
1.049677e+003, 2.284797e+002
1.050160e+003, 2.294152e+002
1.050642e+003, 2.310916e+002
1.051124e+003, 2.326111e+002
1.051606e+003, 2.337561e+002
1.052088e+003, 2.348908e+002
1.052570e+003, 2.367637e+002
1.053052e+003, 2.390677e+002
1.053534e+003, 2.401800e+002
1.054017e+003, 2.398596e+002
1.054499e+003, 2.401542e+002
1.054981e+003, 2.428013e+002
1.055463e+003, 2.460681e+002
1.055945e+003, 2.491641e+002
1.056427e+003, 2.519746e+002
1.056909e+003, 2.536374e+002
1.057391e+003, 2.540538e+002
1.057874e+003, 2.544125e+002
1.058356e+003, 2.549043e+002
1.058838e+003, 2.559803e+002
1.059320e+003, 2.583732e+002
1.059802e+003, 2.616286e+002
1.060284e+003, 2.651849e+002
1.060766e+003, 2.690148e+002
1.061248e+003, 2.730044e+002
1.061730e+003, 2.773358e+002
1.062213e+003, 2.814504e+002
1.062695e+003, 2.847358e+002
1.063177e+003, 2.874973e+002
1.063659e+003, 2.910563e+002
1.064141e+003, 2.952226e+002
1.064623e+003, 2.990279e+002
1.065105e+003, 3.012761e+002
1.065587e+003, 3.038722e+002
1.066070e+003, 3.077667e+002
1.066552e+003, 3.123922e+002
1.067034e+003, 3.168365e+002
1.067516e+003, 3.210496e+002
1.067998e+003, 3.262480e+002
1.068480e+003, 3.326469e+002
1.068962e+003, 3.387944e+002
1.069444e+003, 3.430516e+002
1.069927e+003, 3.466576e+002
1.070409e+003, 3.506414e+002
1.070891e+003, 3.550696e+002
1.071373e+003, 3.602358e+002
1.071855e+003, 3.664246e+002
1.072337e+003, 3.725829e+002
1.072819e+003, 3.784413e+002
1.073301e+003, 3.841078e+002
1.073783e+003, 3.898620e+002
1.074266e+003, 3.956678e+002
1.074748e+003, 4.016329e+002
1.075230e+003, 4.082589e+002
1.075712e+003, 4.136474e+002
1.076194e+003, 4.161580e+002
1.076676e+003, 4.186207e+002
1.077158e+003, 4.227937e+002
1.077640e+003, 4.285181e+002
1.078122e+003, 4.347826e+002
1.078604e+003, 4.414130e+002
1.079087e+003, 4.469362e+002
1.079569e+003, 4.495276e+002
1.080051e+003, 4.518107e+002
1.080533e+003, 4.554544e+002
1.081015e+003, 4.597291e+002
1.081497e+003, 4.634195e+002
1.081979e+003, 4.664886e+002
1.082461e+003, 4.687771e+002
1.082944e+003, 4.701946e+002
1.083426e+003, 4.713149e+002
1.083908e+003, 4.728661e+002
1.084390e+003, 4.742912e+002
1.084872e+003, 4.749130e+002
1.085354e+003, 4.747222e+002
1.085836e+003, 4.741142e+002
1.086318e+003, 4.729630e+002
1.086801e+003, 4.718122e+002
1.087283e+003, 4.708454e+002
1.087765e+003, 4.698592e+002
1.088247e+003, 4.689998e+002
1.088729e+003, 4.677529e+002
1.089211e+003, 4.644308e+002
1.089693e+003, 4.581605e+002
1.090175e+003, 4.525027e+002
1.090657e+003, 4.494577e+002
1.091140e+003, 4.470137e+002
1.091622e+003, 4.442995e+002
1.092104e+003, 4.412520e+002
1.092586e+003, 4.371915e+002
1.093068e+003, 4.321745e+002
1.093550e+003, 4.270967e+002
1.094032e+003, 4.219929e+002
1.094514e+003, 4.174315e+002
1.094997e+003, 4.145127e+002
1.095479e+003, 4.120663e+002
1.095961e+003, 4.083608e+002
1.096443e+003, 4.027793e+002
1.096925e+003, 3.978568e+002
1.097407e+003, 3.935920e+002
1.097889e+003, 3.899043e+002
1.098371e+003, 3.873704e+002
1.098854e+003, 3.849865e+002
1.099336e+003, 3.811714e+002
1.099818e+003, 3.763162e+002
1.100300e+003, 3.721372e+002
1.100782e+003, 3.698811e+002
1.101264e+003, 3.666766e+002
1.101746e+003, 3.617519e+002
1.102228e+003, 3.566893e+002
1.102710e+003, 3.536978e+002
1.103193e+003, 3.522472e+002
1.103675e+003, 3.511172e+002
1.104157e+003, 3.501703e+002
1.104639e+003, 3.491410e+002
1.105121e+003, 3.484318e+002
1.105603e+003, 3.469025e+002
1.106085e+003, 3.435728e+002
1.106567e+003, 3.394195e+002
1.107049e+003, 3.379217e+002
1.107531e+003, 3.386790e+002
1.108014e+003, 3.384842e+002
1.108496e+003, 3.359726e+002
1.108978e+003, 3.340516e+002
1.109460e+003, 3.353241e+002
1.109942e+003, 3.376928e+002
1.110424e+003, 3.394311e+002
1.110906e+003, 3.404982e+002
1.111388e+003, 3.408948e+002
1.111871e+003, 3.405458e+002
1.112353e+003, 3.406100e+002
1.112835e+003, 3.418608e+002
1.113317e+003, 3.435622e+002
1.113799e+003, 3.450674e+002
1.114281e+003, 3.464045e+002
1.114763e+003, 3.475951e+002
1.115245e+003, 3.479693e+002
1.115728e+003, 3.497103e+002
1.116210e+003, 3.530881e+002
1.116692e+003, 3.569345e+002
1.117174e+003, 3.600490e+002
1.117656e+003, 3.630519e+002
1.118138e+003, 3.674941e+002
1.118620e+003, 3.729485e+002
1.119102e+003, 3.775715e+002
1.119584e+003, 3.793138e+002
1.120067e+003, 3.822018e+002
1.120549e+003, 3.871591e+002
1.121031e+003, 3.929630e+002
1.121513e+003, 3.976934e+002
1.121995e+003, 4.019123e+002
1.122477e+003, 4.075396e+002
1.122959e+003, 4.148052e+002
1.123441e+003, 4.224977e+002
1.123924e+003, 4.310074e+002
1.124406e+003, 4.385649e+002
1.124888e+003, 4.436762e+002
1.125370e+003, 4.477391e+002
1.125852e+003, 4.549254e+002
1.126334e+003, 4.650098e+002
1.126816e+003, 4.749599e+002
1.127298e+003, 4.839859e+002
1.127781e+003, 4.930795e+002
1.128263e+003, 5.025975e+002
1.128745e+003, 5.127699e+002
1.129227e+003, 5.239706e+002
1.129709e+003, 5.361656e+002
1.130191e+003, 5.482574e+002
1.130673e+003, 5.603054e+002
1.131155e+003, 5.727602e+002
1.131637e+003, 5.856198e+002
1.132120e+003, 5.995126e+002
1.132602e+003, 6.154427e+002
1.133084e+003, 6.328000e+002
1.133566e+003, 6.503362e+002
1.134048e+003, 6.680160e+002
1.134530e+003, 6.861520e+002
1.135012e+003, 7.048624e+002
1.135494e+003, 7.237403e+002
1.135976e+003, 7.422550e+002
1.136458e+003, 7.612598e+002
1.136941e+003, 7.825591e+002
1.137423e+003, 8.052455e+002
1.137905e+003, 8.270250e+002
1.138387e+003, 8.465145e+002
1.138869e+003, 8.664724e+002
1.139351e+003, 8.868726e+002
1.139833e+003, 9.077198e+002
1.140315e+003, 9.293858e+002
1.140798e+003, 9.511213e+002
1.141280e+003, 9.710702e+002
1.141762e+003, 9.894084e+002
1.142244e+003, 1.006677e+003
1.142726e+003, 1.023550e+003
1.143208e+003, 1.038921e+003
1.143690e+003, 1.052725e+003
1.144172e+003, 1.065026e+003
1.144655e+003, 1.076592e+003
1.145137e+003, 1.086882e+003
1.145619e+003, 1.094866e+003
1.146101e+003, 1.100379e+003
1.146583e+003, 1.102165e+003
1.147065e+003, 1.097325e+003
1.147547e+003, 1.090981e+003
1.148029e+003, 1.086353e+003
1.148511e+003, 1.081788e+003
1.148994e+003, 1.072287e+003
1.149476e+003, 1.058145e+003
1.149958e+003, 1.041838e+003
1.150440e+003, 1.023598e+003
1.150922e+003, 1.004221e+003
1.151404e+003, 9.833698e+002
1.151886e+003, 9.623152e+002
1.152368e+003, 9.425176e+002
1.152851e+003, 9.236326e+002
1.153333e+003, 9.017799e+002
1.153815e+003, 8.769337e+002
1.154297e+003, 8.516513e+002
1.154779e+003, 8.269964e+002
1.155261e+003, 8.019988e+002
1.155743e+003, 7.754432e+002
1.156225e+003, 7.488951e+002
1.156708e+003, 7.245651e+002
1.157190e+003, 7.027488e+002
1.157672e+003, 6.806671e+002
1.158154e+003, 6.582385e+002
1.158636e+003, 6.362341e+002
1.159118e+003, 6.150226e+002
1.159600e+003, 5.948838e+002
1.160082e+003, 5.766068e+002
1.160564e+003, 5.595850e+002
1.161047e+003, 5.427685e+002
1.161529e+003, 5.256395e+002
1.162011e+003, 5.096268e+002
1.162493e+003, 4.948723e+002
1.162975e+003, 4.804293e+002
1.163457e+003, 4.650781e+002
1.163939e+003, 4.498984e+002
1.164421e+003, 4.365146e+002
1.164903e+003, 4.246617e+002
1.165385e+003, 4.134880e+002
1.165868e+003, 4.033258e+002
1.166350e+003, 3.929324e+002
1.166832e+003, 3.821330e+002
1.167314e+003, 3.715439e+002
1.167796e+003, 3.619063e+002
1.168278e+003, 3.530478e+002
1.168760e+003, 3.447692e+002
1.169242e+003, 3.370264e+002
1.169725e+003, 3.298834e+002
1.170207e+003, 3.238537e+002
1.170689e+003, 3.175582e+002
1.171171e+003, 3.107457e+002
1.171653e+003, 3.037213e+002
1.172135e+003, 2.964738e+002
1.172617e+003, 2.895226e+002
1.173099e+003, 2.840863e+002
1.173582e+003, 2.802993e+002
1.174064e+003, 2.766202e+002
1.174546e+003, 2.724676e+002
1.175028e+003, 2.684355e+002
1.175510e+003, 2.649195e+002
1.175992e+003, 2.613532e+002
1.176474e+003, 2.561395e+002
1.176956e+003, 2.500204e+002
1.177438e+003, 2.454365e+002
1.177921e+003, 2.429946e+002
1.178403e+003, 2.406687e+002
1.178885e+003, 2.376712e+002
1.179367e+003, 2.345178e+002
1.179849e+003, 2.313985e+002
1.180331e+003, 2.282782e+002
1.180813e+003, 2.251382e+002
1.181295e+003, 2.219786e+002
1.181778e+003, 2.187182e+002
1.182260e+003, 2.151760e+002
1.182742e+003, 2.121356e+002
1.183224e+003, 2.103054e+002
1.183706e+003, 2.087072e+002
1.184188e+003, 2.068218e+002
1.184670e+003, 2.046912e+002
1.185152e+003, 2.026610e+002
1.185635e+003, 2.007020e+002
1.186117e+003, 1.985534e+002
1.186599e+003, 1.959618e+002
1.187081e+003, 1.935014e+002
1.187563e+003, 1.913539e+002
1.188045e+003, 1.895915e+002
1.188527e+003, 1.883399e+002
1.189009e+003, 1.875635e+002
1.189491e+003, 1.867616e+002
1.189974e+003, 1.858999e+002
1.190456e+003, 1.847211e+002
1.190938e+003, 1.829732e+002
1.191420e+003, 1.810537e+002
1.191902e+003, 1.793191e+002
1.192384e+003, 1.773494e+002
1.192866e+003, 1.743001e+002
1.193348e+003, 1.701001e+002
1.193830e+003, 1.684834e+002
1.194313e+003, 1.692709e+002
1.194795e+003, 1.702885e+002
1.195277e+003, 1.705564e+002
1.195759e+003, 1.703454e+002
1.196241e+003, 1.698484e+002
1.196723e+003, 1.688966e+002
1.197205e+003, 1.669753e+002
1.197687e+003, 1.640270e+002
1.198169e+003, 1.627538e+002
1.198652e+003, 1.632104e+002
1.199134e+003, 1.632672e+002
1.199616e+003, 1.608298e+002
1.200098e+003, 1.582644e+002
1.200580e+003, 1.570209e+002
1.201062e+003, 1.565739e+002
1.201544e+003, 1.560898e+002
1.202026e+003, 1.555728e+002
1.202509e+003, 1.548051e+002
1.202991e+003, 1.537667e+002
1.203473e+003, 1.528309e+002
1.203955e+003, 1.524700e+002
1.204437e+003, 1.520891e+002
1.204919e+003, 1.513393e+002
1.205401e+003, 1.502533e+002
1.205883e+003, 1.487049e+002
1.206365e+003, 1.466534e+002
1.206848e+003, 1.457431e+002
1.207330e+003, 1.462545e+002
1.207812e+003, 1.467475e+002
1.208294e+003, 1.460489e+002
1.208776e+003, 1.449976e+002
1.209258e+003, 1.439924e+002
1.209740e+003, 1.431345e+002
1.210222e+003, 1.427656e+002
1.210705e+003, 1.428890e+002
1.211187e+003, 1.430159e+002
1.211669e+003, 1.430774e+002
1.212151e+003, 1.429847e+002
1.212633e+003, 1.426790e+002
1.213115e+003, 1.421838e+002
1.213597e+003, 1.416239e+002
1.214079e+003, 1.408913e+002
1.214562e+003, 1.391535e+002
1.215044e+003, 1.364565e+002
1.215526e+003, 1.350320e+002
1.216008e+003, 1.355852e+002
1.216490e+003, 1.363402e+002
1.216972e+003, 1.357599e+002
1.217454e+003, 1.349527e+002
1.217936e+003, 1.349432e+002
1.218418e+003, 1.354742e+002
1.218901e+003, 1.350401e+002
1.219383e+003, 1.336852e+002
1.219865e+003, 1.325193e+002
1.220347e+003, 1.318943e+002
1.220829e+003, 1.313722e+002
1.221311e+003, 1.303980e+002
1.221793e+003, 1.296209e+002
1.222275e+003, 1.296434e+002
1.222757e+003, 1.303107e+002
1.223240e+003, 1.305211e+002
1.223722e+003, 1.302917e+002
1.224204e+003, 1.297847e+002
1.224686e+003, 1.289490e+002
1.225168e+003, 1.281671e+002
1.225650e+003, 1.279041e+002
1.226132e+003, 1.275914e+002
1.226614e+003, 1.266640e+002
1.227096e+003, 1.252556e+002
1.227579e+003, 1.246444e+002
1.228061e+003, 1.247531e+002
1.228543e+003, 1.249184e+002
1.229025e+003, 1.249270e+002
1.229507e+003, 1.248395e+002
1.229989e+003, 1.246290e+002
1.230471e+003, 1.243893e+002
1.230953e+003, 1.242770e+002
1.231436e+003, 1.242310e+002
1.231918e+003, 1.234326e+002
1.232400e+003, 1.220439e+002
1.232882e+003, 1.212411e+002
1.233364e+003, 1.219130e+002
1.233846e+003, 1.224876e+002
1.234328e+003, 1.220093e+002
1.234810e+003, 1.213116e+002
1.235292e+003, 1.209960e+002
1.235775e+003, 1.210132e+002
1.236257e+003, 1.209968e+002
1.236739e+003, 1.209285e+002
1.237221e+003, 1.207021e+002
1.237703e+003, 1.201086e+002
1.238185e+003, 1.196104e+002
1.238667e+003, 1.194823e+002
1.239149e+003, 1.194192e+002
1.239632e+003, 1.191702e+002
1.240114e+003, 1.187968e+002
1.240596e+003, 1.188064e+002
1.241078e+003, 1.190472e+002
1.241560e+003, 1.188677e+002
1.242042e+003, 1.173608e+002
1.242524e+003, 1.163117e+002
1.243006e+003, 1.162741e+002
1.243489e+003, 1.166424e+002
1.243971e+003, 1.170775e+002
1.244453e+003, 1.175266e+002
1.244935e+003, 1.177016e+002
1.245417e+003, 1.176717e+002
1.245899e+003, 1.176883e+002
1.246381e+003, 1.186195e+002
1.246863e+003, 1.182998e+002
1.247345e+003, 1.157617e+002
1.247828e+003, 1.133012e+002
1.248310e+003, 1.133623e+002
1.248792e+003, 1.148804e+002
1.249274e+003, 1.149690e+002
1.249756e+003, 1.139511e+002
1.250238e+003, 1.130582e+002
1.250720e+003, 1.128947e+002
1.251202e+003, 1.126372e+002
1.251684e+003, 1.122167e+002
1.252167e+003, 1.117069e+002
1.252649e+003, 1.110680e+002
1.253131e+003, 1.104299e+002
1.253613e+003, 1.099294e+002
1.254095e+003, 1.096427e+002
1.254577e+003, 1.098253e+002
1.255059e+003, 1.111846e+002
1.255541e+003, 1.117641e+002
1.256023e+003, 1.113642e+002
1.256506e+003, 1.105068e+002
1.256988e+003, 1.091789e+002
1.257470e+003, 1.079927e+002
1.257952e+003, 1.082163e+002
1.258434e+003, 1.093121e+002
1.258916e+003, 1.095534e+002
1.259398e+003, 1.082845e+002
1.259880e+003, 1.076080e+002
1.260363e+003, 1.077185e+002
1.260845e+003, 1.079739e+002
1.261327e+003, 1.077154e+002
1.261809e+003, 1.074266e+002
1.262291e+003, 1.079425e+002
1.262773e+003, 1.087684e+002
1.263255e+003, 1.084489e+002
1.263737e+003, 1.064851e+002
1.264219e+003, 1.058236e+002
1.264702e+003, 1.067542e+002
1.265184e+003, 1.075588e+002
1.265666e+003, 1.062991e+002
1.266148e+003, 1.049831e+002
1.266630e+003, 1.055517e+002
1.267112e+003, 1.070760e+002
1.267594e+003, 1.074937e+002
1.268076e+003, 1.067260e+002
1.268559e+003, 1.060506e+002
1.269041e+003, 1.055560e+002
1.269523e+003, 1.054351e+002
1.270005e+003, 1.064672e+002
1.270487e+003, 1.072100e+002
1.270969e+003, 1.065029e+002
1.271451e+003, 1.051673e+002
1.271933e+003, 1.041545e+002
1.272416e+003, 1.034782e+002
1.272898e+003, 1.033884e+002
1.273380e+003, 1.038486e+002
1.273862e+003, 1.042563e+002
1.274344e+003, 1.042917e+002
1.274826e+003, 1.041635e+002
1.275308e+003, 1.039081e+002
1.275790e+003, 1.035861e+002
1.276272e+003, 1.031432e+002
1.276755e+003, 1.027007e+002
1.277237e+003, 1.029126e+002
1.277719e+003, 1.036816e+002
1.278201e+003, 1.041044e+002
1.278683e+003, 1.034296e+002
1.279165e+003, 1.028320e+002
1.279647e+003, 1.024595e+002
1.280129e+003, 1.023549e+002
1.280611e+003, 1.027430e+002
1.281094e+003, 1.033523e+002
1.281576e+003, 1.036286e+002
1.282058e+003, 1.035800e+002
1.282540e+003, 1.034002e+002
1.283022e+003, 1.034093e+002
1.283504e+003, 1.025759e+002
1.283986e+003, 1.004701e+002
1.284468e+003, 9.864756e+001
1.284950e+003, 9.921986e+001
1.285433e+003, 1.006151e+002
1.285915e+003, 1.006567e+002
1.286397e+003, 9.965604e+001
1.286879e+003, 9.918793e+001
1.287361e+003, 9.957736e+001
1.287843e+003, 9.964468e+001
1.288325e+003, 9.924407e+001
1.288807e+003, 9.888648e+001
1.289290e+003, 9.931737e+001
1.289772e+003, 9.970121e+001
1.290254e+003, 9.901368e+001
1.290736e+003, 9.780077e+001
1.291218e+003, 9.745584e+001
1.291700e+003, 9.807271e+001
1.292182e+003, 9.818533e+001
1.292664e+003, 9.769834e+001
1.293146e+003, 9.739796e+001
1.293629e+003, 9.807233e+001
1.294111e+003, 9.883085e+001
1.294593e+003, 9.914663e+001
1.295075e+003, 9.925810e+001
1.295557e+003, 9.957629e+001
1.296039e+003, 1.000041e+002
1.296521e+003, 9.957512e+001
1.297003e+003, 9.833853e+001
1.297486e+003, 9.717205e+001
1.297968e+003, 9.639732e+001
1.298450e+003, 9.601342e+001
1.298932e+003, 9.600634e+001
1.299414e+003, 9.632384e+001
1.299896e+003, 9.730209e+001
1.300378e+003, 9.846136e+001
1.300860e+003, 9.811459e+001
1.301343e+003, 9.660307e+001
1.301825e+003, 9.565926e+001
##END=



