##NAMES=Heterosite
##RRUFFID=R050165
##IDEAL CHEMISTRY=Fe^3+^PO_4_
##LOCALITY=White Elephant mine, Custer County, South Dakota, USA
##OWNER=RRUFF
##SOURCE=Marcus Origlieri
##DESCRIPTION=Purple massive
##STATUS=The identification of this mineral is confirmed by single-crystal X-ray diffraction and chemical analysis.
##URL=rruff.info/R050165
##MEASURED CHEMISTRY=(Fe^3+^_0.68_Mn^3+^_0.32_)P_1.00_O_4_
130.922, 20568.000
132.309, 20050.000
133.696, 20054.000
135.083, 20096.000
136.470, 20771.000
137.857, 21194.000
139.243, 21160.000
140.630, 21106.000
142.016, 21038.000
143.401, 21246.000
144.787, 21448.000
146.172, 21450.000
147.557, 21056.000
148.942, 20625.000
150.327, 20544.812
151.711, 20323.000
153.096, 20032.000
154.480, 19564.000
155.863, 18983.000
157.247, 18675.000
158.630, 18657.000
160.013, 18616.000
161.396, 18780.000
162.779, 18642.000
164.161, 18640.000
165.544, 18586.000
166.926, 18720.000
168.308, 18872.000
169.689, 18761.000
171.070, 18831.000
172.452, 18890.000
173.833, 18713.000
175.213, 18685.000
176.594, 18694.000
177.974, 18383.000
179.354, 18361.000
180.734, 18293.000
182.114, 18286.000
183.493, 18156.000
184.872, 18136.271
186.251, 18199.000
187.630, 17978.000
189.008, 17929.000
190.387, 17710.000
191.765, 17820.000
193.143, 17560.000
194.520, 17699.000
195.898, 17532.000
197.275, 17552.000
198.652, 17460.000
200.029, 17525.000
201.405, 17362.000
202.782, 17508.000
204.158, 17519.000
205.534, 17877.000
206.909, 18018.000
208.285, 17943.000
209.660, 17563.000
211.035, 17318.000
212.410, 16966.000
213.784, 17285.000
215.159, 17309.000
216.533, 17588.000
217.907, 17749.000
219.281, 17834.000
220.654, 17893.000
222.027, 17978.000
223.400, 18052.000
224.773, 18071.000
226.146, 18153.000
227.518, 18096.000
228.891, 18024.000
230.263, 18011.000
231.634, 17825.115
233.006, 17717.000
234.377, 17451.000
235.748, 17308.000
237.119, 17109.000
238.490, 16942.000
239.860, 16849.609
241.231, 16742.000
242.601, 16716.000
243.970, 16592.000
245.340, 16603.000
246.709, 16415.000
248.079, 16323.000
249.448, 16398.000
250.816, 16314.000
252.185, 16155.000
253.553, 16177.000
254.921, 16208.000
256.289, 16222.000
257.657, 16230.000
259.024, 16205.000
260.391, 16133.000
261.758, 16212.000
263.125, 16046.000
264.492, 16184.000
265.858, 16074.000
267.224, 15962.000
268.590, 15955.000
269.956, 15878.000
271.321, 15919.000
272.687, 15987.000
274.052, 15776.000
275.416, 15767.000
276.781, 15866.000
278.146, 15798.000
279.510, 15765.000
280.874, 15796.000
282.237, 15690.000
283.601, 15944.000
284.964, 15693.000
286.327, 15668.000
287.690, 15852.000
289.053, 15983.000
290.416, 15888.000
291.778, 15969.000
293.140, 15872.000
294.502, 16082.000
295.863, 16004.000
297.225, 16121.000
298.586, 16177.000
299.947, 16138.000
301.308, 16331.000
302.668, 16263.000
304.029, 16434.000
305.389, 16518.000
306.749, 16514.000
308.108, 16518.000
309.468, 16549.000
310.827, 16456.500
312.186, 16551.000
313.545, 16381.000
314.903, 16421.000
316.262, 16332.825
317.620, 16169.000
318.978, 16162.000
320.336, 16099.000
321.693, 16028.000
323.051, 15966.000
324.408, 15937.000
325.765, 15893.013
327.121, 15905.000
328.478, 15841.001
329.834, 15825.000
331.190, 15802.000
332.546, 15832.000
333.902, 15816.000
335.257, 15916.000
336.612, 15912.000
337.967, 16058.000
339.322, 16046.000
340.677, 16039.000
342.031, 16256.501
343.385, 16326.000
344.739, 16576.000
346.093, 16515.000
347.446, 16499.000
348.799, 16602.000
350.153, 16799.000
351.505, 16924.000
352.858, 16972.000
354.210, 17025.361
355.563, 17014.000
356.915, 17021.000
358.267, 16958.000
359.618, 16977.000
360.969, 17006.000
362.321, 17161.000
363.672, 16920.000
365.022, 16838.000
366.373, 16952.000
367.723, 16777.000
369.073, 16743.000
370.423, 16733.000
371.773, 16616.000
373.122, 16504.000
374.471, 16432.000
375.821, 16492.000
377.169, 16291.000
378.518, 16348.000
379.866, 16186.000
381.215, 16163.000
382.563, 16190.000
383.910, 15968.000
385.258, 15881.000
386.605, 15924.000
387.952, 15841.000
389.299, 15542.000
390.646, 15504.000
391.992, 15241.000
393.339, 15272.000
394.685, 15232.000
396.031, 15077.000
397.376, 15204.000
398.722, 15052.000
400.067, 15096.000
401.412, 14987.000
402.757, 14924.000
404.101, 15014.000
405.446, 15021.000
406.790, 14960.000
408.134, 14960.000
409.478, 14946.000
410.821, 15002.000
412.165, 15004.000
413.508, 14953.000
414.851, 15090.000
416.193, 14926.000
417.536, 14850.000
418.878, 14933.000
420.220, 15024.000
421.562, 14897.000
422.904, 14869.000
424.245, 15035.000
425.586, 15083.000
426.927, 15145.000
428.268, 15216.000
429.609, 15338.000
430.949, 15236.000
432.289, 15428.000
433.629, 15544.000
434.969, 15477.000
436.309, 15621.000
437.648, 15670.000
438.987, 15847.000
440.326, 15842.000
441.665, 15862.127
443.003, 15885.943
444.342, 15761.000
445.680, 15826.000
447.018, 15671.000
448.355, 15604.000
449.693, 15388.000
451.030, 15447.000
452.367, 15269.000
453.704, 15238.000
455.041, 15002.000
456.377, 14855.000
457.713, 14695.000
459.049, 14602.000
460.385, 14464.000
461.721, 14299.000
463.056, 14355.000
464.391, 14205.772
465.726, 14083.009
467.061, 14027.000
468.395, 13838.000
469.730, 13675.000
471.064, 13659.000
472.398, 13453.000
473.731, 13417.000
475.065, 13238.000
476.398, 13166.000
477.731, 13144.000
479.064, 13263.000
480.397, 13146.000
481.729, 12928.000
483.062, 13005.000
484.394, 12875.000
485.725, 12928.000
487.057, 12866.000
488.389, 12890.000
489.720, 12870.000
491.051, 12836.000
492.382, 12828.000
493.712, 12683.000
495.043, 12580.000
496.373, 12434.000
497.703, 12460.000
499.032, 12448.000
500.362, 12376.000
501.691, 12288.000
503.020, 12204.000
504.349, 12149.000
505.678, 12074.796
507.007, 12044.861
508.335, 11949.000
509.663, 12000.000
510.991, 11938.000
512.319, 11920.000
513.646, 11833.000
514.973, 11890.000
516.300, 11915.696
517.627, 12134.000
518.954, 12053.000
520.280, 12137.000
521.607, 12200.000
522.933, 11784.000
524.259, 11722.000
525.584, 11752.512
526.910, 12048.000
528.235, 11911.000
529.560, 11795.000
530.885, 11949.000
532.209, 11842.000
533.534, 12161.000
534.858, 12214.713
536.182, 12262.051
537.506, 12558.000
538.829, 12370.000
540.152, 12629.000
541.476, 12688.000
542.799, 12945.000
544.121, 12917.000
545.444, 13183.844
546.766, 13301.366
548.088, 13562.000
549.410, 13628.000
550.732, 13634.000
552.053, 13842.000
553.375, 13853.000
554.696, 13947.154
556.017, 13868.000
557.337, 14119.000
558.658, 14060.000
559.978, 14185.000
561.298, 14302.000
562.618, 14502.000
563.938, 14459.000
565.257, 14727.000
566.576, 14852.000
567.895, 14818.000
569.214, 15109.000
570.533, 15538.000
571.851, 15633.000
573.170, 15881.000
574.488, 16313.000
575.805, 16560.000
577.123, 16800.000
578.440, 17105.000
579.758, 17426.000
581.075, 17819.000
582.391, 18051.000
583.708, 18318.000
585.024, 18360.000
586.341, 18396.000
587.657, 18570.000
588.972, 18674.000
590.288, 18293.000
591.603, 17904.000
592.918, 17390.000
594.233, 17336.000
595.548, 17072.000
596.863, 16727.000
598.177, 16506.000
599.491, 16262.000
600.805, 16026.321
602.119, 15918.000
603.432, 15642.000
604.746, 15501.000
606.059, 15368.000
607.372, 15048.000
608.685, 14761.000
609.997, 14803.000
611.309, 14628.000
612.621, 14521.251
613.933, 14416.953
615.245, 14329.799
616.557, 14184.000
617.868, 14235.000
619.179, 14246.000
620.490, 14263.000
621.801, 14001.000
623.111, 14189.000
624.421, 13940.000
625.731, 14144.000
627.041, 13855.000
628.351, 14018.000
629.660, 13754.000
630.970, 13591.000
632.279, 13664.000
633.588, 13453.000
634.896, 13409.000
636.205, 13132.000
637.513, 13145.000
638.821, 12955.000
640.129, 12794.000
641.437, 12844.000
642.744, 12661.000
644.051, 12507.000
645.358, 12425.000
646.665, 12473.000
647.972, 12302.000
649.278, 12086.000
650.584, 12217.000
651.890, 11972.000
653.196, 12153.000
654.502, 11949.000
655.807, 11858.000
657.113, 11727.000
658.418, 11666.000
659.722, 11710.000
661.027, 11572.000
662.331, 11500.000
663.636, 11340.000
664.940, 11401.000
666.244, 11311.699
667.547, 11277.435
668.851, 11217.000
670.154, 11220.000
671.457, 11092.000
672.760, 11053.000
674.062, 11147.000
675.365, 10915.000
676.667, 10960.000
677.969, 11022.000
679.271, 10912.000
680.572, 10938.000
681.874, 11129.000
683.175, 10988.497
684.476, 11284.000
685.777, 10852.000
687.077, 10870.000
688.378, 10752.000
689.678, 10708.000
690.978, 10844.000
692.278, 10643.000
693.577, 10506.000
694.877, 10695.000
696.176, 10510.000
697.475, 10587.000
698.774, 10545.000
700.072, 10543.000
701.371, 10432.000
702.669, 10462.000
703.967, 10334.000
705.265, 10516.000
706.562, 10418.000
707.860, 10398.000
709.157, 10316.000
710.454, 10381.000
711.751, 10350.000
713.047, 10483.000
714.344, 10316.000
715.640, 10388.000
716.936, 10246.000
718.232, 10326.000
719.527, 10418.000
720.823, 10363.000
722.118, 10372.000
723.413, 10379.063
724.708, 10262.000
726.002, 10283.000
727.297, 10346.000
728.591, 10143.000
729.885, 10319.000
731.179, 10349.000
732.472, 10315.000
733.766, 10235.000
735.059, 10395.000
736.352, 10318.000
737.645, 10328.000
738.937, 10384.000
740.230, 10442.000
741.522, 10350.000
742.814, 10372.000
744.106, 10403.000
745.397, 10430.000
746.689, 10416.000
747.980, 10333.000
749.271, 10350.000
750.562, 10323.000
751.853, 10393.000
753.143, 10243.000
754.433, 10411.000
755.723, 10259.000
757.013, 10327.000
758.303, 10451.000
759.592, 10232.000
760.881, 10435.000
762.170, 10265.000
763.459, 10410.000
764.748, 10327.000
766.036, 10226.000
767.325, 10425.000
768.613, 10263.000
769.901, 10384.000
771.188, 10364.000
772.476, 10394.000
773.763, 10552.000
775.050, 10420.000
776.337, 10437.000
777.624, 10532.000
778.910, 10464.000
780.196, 10430.000
781.482, 10492.000
782.768, 10423.000
784.054, 10356.000
785.339, 10488.000
786.625, 10533.000
787.910, 10388.000
789.195, 10461.000
790.479, 10475.000
791.764, 10368.000
793.048, 10496.000
794.332, 10376.000
795.616, 10542.000
796.900, 10461.000
798.183, 10486.000
799.467, 10491.000
800.750, 10580.000
802.033, 10525.000
803.316, 10376.000
804.598, 10573.000
805.880, 10450.000
807.163, 10516.000
808.445, 10468.000
809.726, 10460.000
811.008, 10470.000
812.289, 10570.000
813.570, 10473.000
814.851, 10595.000
816.132, 10490.000
817.413, 10548.000
818.693, 10511.000
819.973, 10523.000
821.253, 10620.000
822.533, 10499.000
823.813, 10538.000
825.092, 10516.000
826.371, 10570.000
827.650, 10452.000
828.929, 10538.000
830.208, 10696.000
831.486, 10684.000
832.764, 10628.000
834.042, 10518.000
835.320, 10700.000
836.598, 10666.000
837.875, 10655.000
839.152, 10774.000
840.429, 10689.000
841.706, 10832.000
842.983, 10690.000
844.259, 10784.000
845.536, 10968.000
846.812, 10816.716
848.088, 10878.000
849.363, 10725.000
850.639, 10938.000
851.914, 11021.000
853.189, 10946.000
854.464, 10884.000
855.739, 10919.000
857.013, 11097.000
858.288, 11065.253
859.562, 11076.889
860.836, 11079.000
862.110, 11096.000
863.383, 11106.535
864.656, 11146.000
865.930, 11169.000
867.203, 11179.000
868.475, 11284.000
869.748, 11268.000
871.020, 11256.000
872.292, 11410.000
873.564, 11506.000
874.836, 11492.000
876.108, 11556.000
877.379, 11616.340
878.650, 11596.000
879.922, 11728.000
881.192, 11723.000
882.463, 11747.000
883.733, 11907.000
885.004, 11918.000
886.274, 12032.000
887.544, 12021.000
888.813, 12188.000
890.083, 12062.000
891.352, 12337.000
892.621, 12392.000
893.890, 12402.655
895.159, 12622.000
896.427, 12537.000
897.695, 12546.000
898.964, 12773.000
900.232, 13110.000
901.499, 12944.000
902.767, 13019.000
904.034, 13074.000
905.301, 13083.000
906.568, 13263.000
907.835, 13340.676
909.102, 13643.000
910.368, 13591.000
911.634, 13761.000
912.900, 13850.000
914.166, 13900.000
915.432, 14187.000
916.697, 14222.000
917.962, 14276.000
919.227, 14498.000
920.492, 14785.000
921.757, 14808.000
923.021, 14970.000
924.285, 15196.000
925.550, 15150.000
926.813, 15581.000
928.077, 15647.000
929.341, 15988.000
930.604, 16133.000
931.867, 16398.000
933.130, 16570.000
934.393, 16897.000
935.655, 17206.000
936.918, 17224.000
938.180, 17666.000
939.442, 17821.000
940.703, 18085.000
941.965, 18435.000
943.226, 18622.000
944.488, 18582.000
945.749, 18949.000
947.009, 19488.000
948.270, 19370.000
949.530, 19595.000
950.791, 19868.000
952.051, 19948.000
953.311, 20012.000
954.570, 19953.000
955.830, 20497.000
957.089, 20373.000
958.348, 20571.000
959.607, 20370.000
960.866, 20620.000
962.124, 20622.000
963.383, 20450.000
964.641, 20478.000
965.899, 20647.000
967.156, 20617.000
968.414, 20545.000
969.671, 20508.000
970.928, 20691.000
972.185, 20552.000
973.442, 20825.000
974.699, 20742.000
975.955, 21140.000
977.211, 21064.000
978.468, 21378.000
979.723, 21761.000
980.979, 21889.000
982.234, 21828.000
983.490, 23144.000
984.745, 22622.000
986.000, 23366.000
987.254, 24097.000
988.509, 23920.000
989.763, 24845.000
991.017, 25095.000
992.271, 25426.000
993.525, 26218.000
994.779, 26366.000
996.032, 27015.000
997.285, 27260.000
998.538, 27264.000
999.791, 27146.000
1001.044, 27466.000
1002.296, 27192.000
1003.548, 27326.000
1004.800, 26988.000
1006.052, 26611.000
1007.304, 25898.000
1008.555, 25808.000
1009.807, 24755.000
1011.058, 24266.000
1012.309, 23843.000
1013.559, 22972.000
1014.810, 22494.000
1016.060, 21707.000
1017.310, 21253.000
1018.560, 20876.000
1019.810, 20110.000
1021.060, 19975.000
1022.309, 19779.000
1023.558, 19079.000
1024.807, 19243.000
1026.056, 18832.000
1027.305, 18642.000
1028.553, 18309.000
1029.801, 18127.729
1031.049, 18125.000
1032.297, 17897.000
1033.545, 18030.000
1034.793, 18128.000
1036.040, 17982.000
1037.287, 18176.000
1038.534, 18069.000
1039.781, 18092.000
1041.027, 18315.000
1042.274, 18052.000
1043.520, 18144.000
1044.766, 18588.000
1046.012, 18488.000
1047.257, 18373.000
1048.503, 18395.000
1049.748, 18603.551
1050.993, 18636.000
1052.238, 18704.818
1053.483, 18842.000
1054.727, 18735.000
1055.971, 18872.000
1057.216, 18753.000
1058.459, 18609.000
1059.703, 18918.000
1060.947, 18316.000
1062.190, 18654.000
1063.433, 18341.000
1064.676, 18252.000
1065.919, 18001.000
1067.162, 17713.000
1068.404, 17757.000
1069.646, 17098.000
1070.888, 16937.000
1072.130, 16795.000
1073.372, 16386.000
1074.613, 16287.000
1075.855, 16128.000
1077.096, 15645.000
1078.337, 15583.000
1079.578, 15330.000
1080.818, 15236.000
1082.059, 15089.000
1083.299, 14878.856
1084.539, 14766.000
1085.779, 14516.000
1087.018, 14484.000
1088.258, 14359.000
1089.497, 14381.000
1090.736, 14475.000
1091.975, 13928.000
1093.213, 13971.000
1094.452, 13936.000
1095.690, 13994.000
1096.928, 14009.313
1098.166, 13970.258
1099.404, 13919.884
1100.642, 13995.923
1101.879, 14041.272
1103.116, 14057.584
1104.353, 13957.892
1105.590, 14007.995
1106.827, 13998.067
1108.063, 13985.673
1109.299, 14056.854
1110.536, 13974.034
1111.771, 14043.887
1113.007, 14052.795
1114.243, 14089.599
1115.478, 14065.994
1116.713, 14061.047
1117.948, 14116.521
1119.183, 14138.539
1120.418, 14107.981
1121.652, 14146.548
1122.886, 14061.604
1124.120, 14085.042
1125.354, 14155.242
1126.588, 14127.718
1127.821, 14167.384
1129.055, 14181.463
1130.288, 14079.231
1131.521, 14179.267
1132.753, 14191.824
1133.986, 14114.569
1135.218, 14207.670
1136.450, 14142.793
1137.682, 14134.304
1138.914, 14168.251
1140.146, 14157.960
1141.377, 14217.410
1142.609, 14184.000
1143.840, 14163.000
1145.071, 14065.000
1146.301, 14288.000
1147.532, 14264.000
1148.762, 14258.000
1149.992, 14206.000
1151.222, 14126.000
1152.452, 14145.000
1153.682, 14046.000
1154.911, 14016.000
1156.140, 13939.000
1157.369, 13958.000
1158.598, 13917.000
1159.827, 13784.000
1161.055, 13806.000
1162.284, 13656.000
1163.512, 13558.928
1164.740, 13604.664
1165.967, 13615.761
1167.195, 13594.029
1168.422, 13441.268
1169.650, 13457.709
1170.877, 13422.000
1172.103, 13393.000
1173.330, 13415.000
1174.557, 13127.000
1175.783, 13357.000
1177.009, 13069.000
1178.235, 12920.000
1179.461, 13046.000
1180.686, 12714.000
1181.912, 12825.000
1183.137, 12720.000
1184.362, 12672.000
1185.587, 12646.000
1186.811, 12357.000
1188.036, 12433.000
1189.260, 12286.000
1190.484, 12262.000
1191.708, 12155.000
1192.932, 12118.000
1194.155, 12076.000
1195.378, 11981.000
1196.602, 11934.000
1197.825, 11996.000
1199.047, 11797.000
1200.270, 11858.000
1201.492, 11952.000
1202.715, 11836.248
1203.937, 11878.563
1205.159, 11759.000
1206.380, 11731.000
1207.602, 11696.000
1208.823, 11438.000
1210.044, 11422.000
1211.265, 11465.000
1212.486, 11342.000
1213.707, 11463.000
1214.927, 11427.000
1216.147, 11314.000
1217.367, 11233.000
1218.587, 11251.000
1219.807, 11295.000
1221.027, 11234.000
1222.246, 11072.000
1223.465, 11116.000
1224.684, 11064.000
1225.903, 11132.000
1227.121, 11074.000
1228.340, 11069.730
1229.558, 11057.000
1230.776, 11004.000
1231.994, 10993.000
1233.212, 10906.000
1234.429, 11030.000
1235.646, 10954.000
1236.864, 10781.000
1238.081, 11058.000
1239.297, 10830.000
1240.514, 10755.000
1241.730, 10944.000
1242.947, 10785.000
1244.163, 10810.000
1245.378, 10725.000
1246.594, 10705.870
1247.810, 10883.000
1249.025, 10695.000
1250.240, 10788.000
1251.455, 10785.000
1252.670, 10738.000
1253.885, 10835.000
1255.099, 10834.000
1256.313, 10778.000
1257.527, 10823.902
1258.741, 10833.000
1259.955, 10812.000
1261.168, 10834.550
1262.382, 10777.707
1263.595, 10818.000
1264.808, 10704.000
1266.021, 10647.000
1267.233, 10689.000
1268.446, 10724.000
1269.658, 10593.000
1270.870, 10658.000
1272.082, 10744.000
1273.294, 10644.000
1274.505, 10664.000
1275.716, 10634.000
1276.928, 10627.976
1278.139, 10605.000
1279.349, 10653.000
1280.560, 10642.000
1281.770, 10654.000
1282.981, 10861.000
1284.191, 11015.000
1285.401, 10802.000
1286.610, 10667.000
1287.820, 10587.000
1289.029, 10584.000
1290.239, 10616.000
1291.448, 10716.000
1292.656, 10689.000
1293.865, 10678.000
1295.073, 10658.000
1296.282, 10637.000
1297.490, 10619.302
1298.698, 10599.000
1299.906, 10583.000
1301.113, 10632.000
1302.320, 10631.000
1303.528, 10618.000
1304.735, 10686.000
1305.942, 10564.000
1307.148, 10564.000
1308.355, 10711.000
1309.561, 10579.000
1310.767, 10737.000
1311.973, 10516.000
1313.179, 10609.000
1314.384, 10612.000
1315.590, 10689.000
1316.795, 10622.000
1318.000, 10624.000
1319.205, 10649.000
1320.410, 10616.553
1321.614, 10591.000
1322.819, 10590.000
1324.023, 10661.000
1325.227, 10620.000
1326.431, 10748.000
1327.634, 10698.000
1328.838, 10680.000
1330.041, 10637.000
1331.244, 10671.000
1332.447, 10695.000
1333.650, 10606.000
1334.852, 10736.000
1336.055, 10737.000
1337.257, 10636.000
1338.459, 10705.000
1339.661, 10628.000
1340.862, 10738.000
1342.064, 10703.000
1343.265, 10660.000
1344.466, 10627.000
1345.667, 10643.000
1346.868, 10665.000
1348.068, 10706.000
1349.269, 10787.000
1350.469, 10764.000
1351.669, 10790.000
1352.869, 10691.000
1354.069, 10688.977
1355.268, 10709.000
1356.468, 10625.000
1357.667, 10755.000
1358.866, 10752.000
1360.065, 10603.000
1361.263, 10785.000
1362.462, 10773.000
1363.660, 10812.000
1364.858, 10834.000
1366.056, 10818.000
1367.254, 10757.000
1368.451, 10780.000
1369.649, 10767.000
1370.846, 10728.000
1372.043, 10775.000
1373.240, 10742.000
1374.436, 10713.000
1375.633, 10671.000
1376.829, 10699.000
1378.025, 10691.000
1379.221, 10738.000
1380.417, 10821.000
1381.613, 10724.000
1382.808, 10660.000
1384.003, 10823.000
1385.199, 10816.000
1386.393, 10985.000
1387.588, 10890.269
1388.783, 10708.000
1389.977, 10728.000
1391.171, 10744.000
1392.365, 10742.000
1393.559, 10702.000
1394.753, 10790.000
1395.946, 10707.000
1397.140, 10768.000
1398.333, 10760.000
1399.526, 10704.000
1400.719, 10785.000
1401.911, 10710.000
1403.104, 10750.000
1404.296, 10791.000
1405.488, 10716.000
1406.680, 10840.000
1407.872, 10659.000
1409.063, 10809.000
1410.255, 10877.000
1411.446, 10811.000
1412.637, 10864.000
1413.828, 10742.000
1415.018, 10832.000
1416.209, 10799.000
1417.399, 10911.000
1418.589, 10789.000
1419.779, 10860.000
1420.969, 10841.000
1422.159, 10917.000
1423.348, 10920.000
1424.537, 10930.000
1425.726, 10798.000
1426.915, 10832.000
1428.104, 10860.000
1429.293, 10868.000
1430.481, 10918.812
1431.669, 10868.000
1432.857, 10968.000
1434.045, 10986.000
1435.233, 10924.000
1436.420, 10995.000
1437.608, 11059.000
1438.795, 10880.000
1439.982, 10891.000
1441.169, 10967.000
1442.355, 10907.000
1443.542, 10969.000
1444.728, 11095.000
1445.914, 10997.000
1447.100, 10994.000
1448.286, 11076.000
1449.472, 10998.000
1450.657, 10997.000
1451.842, 11128.000
1453.027, 11074.000
1454.212, 11039.000
1455.397, 11161.000
1456.581, 11104.927
1457.766, 11160.000
1458.950, 11169.000
1460.134, 11022.000
1461.318, 11154.000
1462.501, 10925.000
1463.685, 11044.000
1464.868, 11062.000
1466.051, 11004.000
1467.234, 11104.000
1468.417, 10992.000
1469.600, 11008.000
1470.782, 11057.000
1471.965, 11038.000
1473.147, 11004.000
1474.329, 11109.000
1475.510, 11078.000
1476.692, 11063.000
1477.873, 11011.000
1479.055, 11006.000
1480.236, 11151.000
1481.416, 11265.000
1482.597, 11117.000
1483.778, 11203.000
1484.958, 11076.000
1486.138, 11098.000
1487.318, 11086.000
1488.498, 11212.000
1489.678, 11136.000
1490.857, 11217.000
1492.037, 11048.000
1493.216, 11176.000
1494.395, 11174.000
1495.574, 11175.000
1496.752, 11171.000
1497.931, 11096.000
1499.109, 11246.000
1500.287, 11166.000
1501.465, 11096.760
1502.643, 11106.000
1503.820, 10945.000
1504.998, 11136.000
1506.175, 11219.000
1507.352, 11222.000
1508.529, 11207.000
1509.706, 11186.000
1510.882, 11280.000
1512.059, 11248.000
##END=



