##NAMES=Jahnsite-(CaMnMg)
##RRUFFID=R060213
##IDEAL CHEMISTRY=CaMn^2+^Mg_2_Fe^3+^_2_(PO_4_)_4_(OH)_2_&#183;8H_2_O
##LOCALITY=Tip Top mine, Custer County, South Dakota, USA
##OWNER=RRUFF
##SOURCE=Marcus Origlieri
##DESCRIPTION=Brown tabular crystals associated with black prismatic rockbridgeite, R060858
##STATUS=The identification of this mineral has been confirmed only by single crystal X-ray diffraction.
##URL=rruff.info/R060213
91.82715, 449.4510
92.30927, 446.2937
92.79138, 447.4756
93.27350, 449.3951
93.75562, 448.7710
94.23773, 444.7587
94.71985, 438.5685
95.20197, 432.4630
95.68408, 427.3126
96.16620, 422.8247
96.64832, 419.2144
97.13043, 416.7785
97.61255, 414.5565
98.09467, 410.8376
98.57678, 404.4118
99.05890, 398.9627
99.54102, 398.4115
100.0231, 399.3276
100.5052, 397.9924
100.9874, 392.2401
101.4695, 383.2567
101.9516, 377.4507
102.4337, 377.3990
102.9158, 378.0333
103.3979, 379.4196
103.8801, 380.8893
104.3622, 381.3763
104.8443, 379.9157
105.3264, 376.2172
105.8085, 373.5762
106.2906, 373.1714
106.7728, 372.5350
107.2549, 370.0253
107.7370, 365.5775
108.2191, 360.4908
108.7012, 355.7115
109.1833, 351.1406
109.6655, 348.9163
110.1476, 351.7448
110.6297, 356.4888
111.1118, 357.9987
111.5939, 354.1855
112.0760, 349.1248
112.5582, 347.5293
113.0403, 349.0768
113.5224, 350.5741
114.0045, 349.3851
114.4866, 345.7004
114.9688, 343.6959
115.4509, 346.0885
115.9330, 349.0972
116.4151, 350.3865
116.8972, 349.6285
117.3793, 348.0568
117.8615, 347.4309
118.3436, 348.5468
118.8257, 348.6104
119.3078, 346.3229
119.7899, 343.5696
120.2720, 341.6723
120.7542, 341.1711
121.2363, 341.8772
121.7184, 343.2724
122.2005, 347.1835
122.6826, 349.7561
123.1647, 349.9316
123.6468, 348.7377
124.1290, 347.6509
124.6111, 347.5366
125.0932, 348.2336
125.5753, 348.3732
126.0574, 346.3914
126.5395, 345.4770
127.0217, 347.9496
127.5038, 353.1567
127.9859, 357.7105
128.4680, 358.9251
128.9501, 357.2340
129.4323, 356.2944
129.9144, 356.6642
130.3965, 357.6162
130.8786, 358.6568
131.3607, 359.9203
131.8428, 360.5656
132.3250, 358.9348
132.8071, 356.2101
133.2892, 354.6287
133.7713, 355.9052
134.2534, 359.1764
134.7355, 361.3872
135.2177, 361.6711
135.6998, 362.0205
136.1819, 363.2931
136.6640, 365.3874
137.1461, 368.0094
137.6282, 371.3502
138.1104, 375.6126
138.5925, 378.3057
139.0746, 378.6420
139.5567, 377.9870
140.0388, 376.2340
140.5209, 373.7278
141.0031, 371.2864
141.4852, 369.8323
141.9673, 369.4459
142.4494, 370.0768
142.9315, 372.7015
143.4136, 375.4763
143.8958, 377.0648
144.3779, 377.1816
144.8600, 376.6921
145.3421, 377.0304
145.8242, 379.1406
146.3063, 380.2817
146.7885, 379.3595
147.2706, 377.7310
147.7527, 377.2982
148.2348, 378.8996
148.7169, 381.2723
149.1990, 381.5916
149.6812, 379.3766
150.1633, 377.4424
150.6454, 377.1432
151.1275, 378.0135
151.6096, 378.5659
152.0917, 378.1171
152.5739, 377.1926
153.0560, 376.8670
153.5381, 377.4987
154.0202, 377.6027
154.5023, 375.3436
154.9844, 370.5804
155.4665, 366.8115
155.9487, 366.2438
156.4308, 366.8598
156.9129, 367.0257
157.3950, 366.2454
157.8771, 365.4756
158.3592, 366.4940
158.8414, 370.4686
159.3235, 373.2274
159.8056, 372.9879
160.2877, 371.6225
160.7698, 370.6704
161.2519, 370.7968
161.7341, 371.7175
162.2162, 372.6436
162.6983, 373.9594
163.1804, 374.7086
163.6625, 374.6024
164.1446, 373.9416
164.6268, 372.9836
165.1089, 371.8347
165.5910, 370.6094
166.0731, 370.0445
166.5552, 370.2531
167.0373, 370.9866
167.5195, 372.7863
168.0016, 375.0858
168.4837, 376.6586
168.9658, 376.5018
169.4479, 374.8696
169.9300, 375.4551
170.4122, 380.8629
170.8943, 385.5372
171.3764, 386.3150
171.8585, 383.8188
172.3406, 381.2011
172.8227, 380.6777
173.3049, 382.1742
173.7870, 383.5064
174.2691, 384.8649
174.7512, 385.9414
175.2333, 386.5654
175.7154, 386.7384
176.1976, 386.2592
176.6797, 384.1160
177.1618, 381.2026
177.6439, 379.7954
178.1260, 381.5984
178.6081, 384.7193
179.0903, 386.3293
179.5724, 386.0585
180.0545, 385.3090
180.5366, 384.9351
181.0187, 384.7064
181.5008, 384.1968
181.9830, 382.7245
182.4651, 380.8891
182.9472, 380.7524
183.4293, 383.5616
183.9114, 386.1990
184.3935, 387.0816
184.8757, 386.9070
185.3578, 386.8681
185.8399, 387.7166
186.3220, 389.3934
186.8041, 391.2953
187.2862, 394.9867
187.7684, 397.1306
188.2505, 395.0539
188.7326, 390.6676
189.2147, 387.8366
189.6968, 389.9716
190.1789, 397.3401
190.6611, 402.4482
191.1432, 404.4839
191.6253, 405.1142
192.1074, 403.4106
192.5895, 400.4776
193.0716, 398.8406
193.5538, 401.0224
194.0359, 407.8228
194.5180, 411.6971
195.0001, 410.4510
195.4822, 408.9914
195.9643, 410.2211
196.4465, 413.7069
196.9286, 416.6422
197.4107, 416.1427
197.8928, 411.5298
198.3749, 409.2642
198.8570, 410.6806
199.3392, 413.1652
199.8213, 415.2900
200.3034, 416.8743
200.7855, 418.0592
201.2676, 418.7931
201.7497, 419.0698
202.2319, 420.0496
202.7140, 423.1996
203.1961, 426.2491
203.6782, 426.6301
204.1603, 423.9734
204.6424, 420.8969
205.1246, 419.9352
205.6067, 420.6288
206.0888, 420.8804
206.5709, 419.8690
207.0530, 418.3522
207.5351, 417.4878
208.0173, 417.5462
208.4994, 417.5075
208.9815, 416.1642
209.4636, 414.0963
209.9457, 412.5294
210.4278, 412.7413
210.9100, 413.6572
211.3921, 412.6271
211.8742, 408.7502
212.3563, 404.7590
212.8384, 402.3138
213.3205, 400.8888
213.8027, 399.5739
214.2848, 397.7886
214.7669, 395.7636
215.2490, 394.4378
215.7311, 394.2996
216.2132, 394.1199
216.6954, 393.4422
217.1775, 392.3677
217.6596, 391.0416
218.1417, 389.4514
218.6238, 387.6839
219.1059, 386.3179
219.5881, 385.9940
220.0702, 385.2741
220.5523, 383.6483
221.0344, 381.3835
221.5165, 378.8282
221.9986, 376.1045
222.4808, 373.3094
222.9629, 371.3438
223.4450, 370.1279
223.9271, 370.0092
224.4092, 372.2435
224.8913, 375.5164
225.3735, 377.5980
225.8556, 376.8802
226.3377, 373.6847
226.8198, 371.6380
227.3019, 372.2397
227.7840, 372.4658
228.2662, 371.1362
228.7483, 369.0154
229.2304, 367.6431
229.7125, 368.1132
230.1946, 370.1493
230.6767, 370.6974
231.1589, 369.0938
231.6410, 366.8807
232.1231, 363.4536
232.6052, 359.7058
233.0873, 357.3058
233.5694, 357.3600
234.0516, 359.5257
234.5337, 361.3857
235.0158, 363.1534
235.4979, 364.4819
235.9800, 365.1711
236.4621, 365.3418
236.9443, 365.1225
237.4264, 364.4345
237.9085, 363.5707
238.3906, 363.9120
238.8727, 367.1501
239.3548, 369.4781
239.8370, 368.9867
240.3191, 366.5551
240.8012, 364.3117
241.2833, 363.2986
241.7654, 363.1620
242.2475, 362.7238
242.7297, 361.2545
243.2118, 360.6490
243.6939, 362.6317
244.1760, 366.2890
244.6581, 368.6840
245.1402, 368.1306
245.6224, 366.2101
246.1045, 366.2436
246.5866, 368.8607
247.0687, 371.4347
247.5508, 372.5851
248.0329, 372.5927
248.5151, 372.3724
248.9972, 371.9232
249.4793, 371.7770
249.9614, 372.8670
250.4435, 375.4392
250.9256, 377.6185
251.4078, 377.9090
251.8899, 376.7844
252.3720, 376.4786
252.8541, 378.1404
253.3362, 380.0562
253.8183, 380.3884
254.3005, 379.1620
254.7826, 377.4749
255.2647, 375.6488
255.7468, 373.8105
256.2289, 372.7138
256.7110, 373.0128
257.1931, 373.4043
257.6753, 372.7121
258.1574, 371.0873
258.6395, 369.4903
259.1216, 368.8467
259.6037, 368.8815
260.0858, 367.9019
260.5680, 364.9258
261.0501, 362.0457
261.5322, 360.9187
262.0143, 361.0109
262.4964, 360.6922
262.9785, 358.6382
263.4607, 355.1759
263.9428, 352.1152
264.4249, 349.3018
264.9070, 347.2341
265.3891, 346.1947
265.8712, 345.9493
266.3534, 346.1133
266.8355, 346.8354
267.3176, 347.7505
267.7997, 347.0475
268.2818, 343.0771
268.7639, 340.0234
269.2461, 340.7029
269.7282, 342.8704
270.2103, 342.9888
270.6924, 338.6999
271.1745, 331.6658
271.6566, 327.5581
272.1388, 328.3421
272.6209, 328.8781
273.1030, 327.5250
273.5851, 325.3003
274.0672, 323.5252
274.5493, 322.8703
275.0315, 322.5686
275.5136, 320.6472
275.9957, 316.2285
276.4778, 311.7450
276.9599, 307.4306
277.4420, 303.3748
277.9242, 299.4802
278.4063, 295.7065
278.8884, 292.5133
279.3705, 290.8609
279.8526, 291.5362
280.3347, 292.1617
280.8169, 293.6796
281.2990, 294.3443
281.7811, 292.0985
282.2632, 286.7378
282.7453, 280.6823
283.2274, 277.7942
283.7096, 279.9977
284.1917, 280.5787
284.6738, 278.0501
285.1559, 275.1218
285.6380, 273.3906
286.1201, 273.0161
286.6023, 273.1192
287.0844, 272.7258
287.5665, 271.7367
288.0486, 270.6240
288.5307, 269.3117
289.0128, 267.9568
289.4950, 266.3388
289.9771, 264.6659
290.4592, 263.5449
290.9413, 263.6220
291.4234, 265.0148
291.9055, 266.0326
292.3877, 267.3700
292.8698, 267.6577
293.3519, 265.8425
293.8340, 262.5952
294.3161, 259.2631
294.7982, 256.7602
295.2804, 255.0524
295.7625, 253.8340
296.2446, 253.4594
296.7267, 253.2259
297.2088, 253.4750
297.6909, 253.6934
298.1731, 253.0245
298.6552, 250.9583
299.1373, 247.9464
299.6194, 245.7076
300.1015, 244.5475
300.5836, 243.9228
301.0658, 244.2840
301.5479, 244.9567
302.0300, 245.2582
302.5121, 244.9162
302.9942, 244.0933
303.4763, 243.0405
303.9585, 240.8072
304.4406, 239.9038
304.9227, 242.3918
305.4048, 244.8654
305.8869, 244.2837
306.3690, 240.0967
306.8512, 234.2299
307.3333, 229.1058
307.8154, 224.0915
308.2975, 221.8554
308.7796, 224.5708
309.2617, 227.8093
309.7439, 229.1376
310.2260, 228.3201
310.7081, 226.1628
311.1902, 223.2154
311.6723, 219.0753
312.1544, 217.0731
312.6366, 219.1146
313.1187, 221.0812
313.6008, 221.3616
314.0829, 220.2131
314.5650, 218.5294
315.0471, 216.8633
315.5293, 215.2741
316.0114, 214.5764
316.4935, 215.9994
316.9756, 216.9396
317.4577, 216.5990
317.9398, 215.4889
318.4220, 214.2883
318.9041, 213.3226
319.3862, 212.6902
319.8683, 212.7282
320.3504, 214.6412
320.8326, 215.6960
321.3147, 215.0625
321.7968, 213.8647
322.2789, 213.3021
322.7610, 213.7383
323.2431, 214.4991
323.7253, 214.3174
324.2074, 211.8993
324.6895, 211.1707
325.1716, 213.5904
325.6537, 216.3723
326.1358, 217.6651
326.6180, 217.2519
327.1001, 216.0494
327.5822, 215.0097
328.0643, 214.1793
328.5464, 213.2610
329.0285, 211.9293
329.5107, 210.8265
329.9928, 210.1935
330.4749, 210.0178
330.9570, 210.2809
331.4391, 211.0588
331.9212, 212.2705
332.4034, 212.6988
332.8855, 211.9555
333.3676, 210.7923
333.8497, 208.8419
334.3318, 206.6806
334.8139, 205.0037
335.2961, 204.1595
335.7782, 204.1030
336.2603, 204.8365
336.7424, 207.8529
337.2245, 209.3579
337.7066, 208.5382
338.1888, 206.5497
338.6709, 204.0453
339.1530, 201.3307
339.6351, 198.9201
340.1172, 197.7621
340.5993, 198.7557
341.0815, 198.6981
341.5636, 197.2688
342.0457, 195.2176
342.5278, 192.4839
343.0099, 189.3782
343.4920, 186.6828
343.9742, 185.1255
344.4563, 184.7386
344.9384, 184.8752
345.4205, 187.3456
345.9026, 188.5265
346.3847, 186.4727
346.8669, 182.5237
347.3490, 179.1075
347.8311, 177.7565
348.3132, 177.9388
348.7953, 177.5741
349.2774, 176.4121
349.7596, 175.0307
350.2417, 172.7928
350.7238, 170.7690
351.2059, 170.5956
351.6880, 172.7749
352.1701, 175.2399
352.6523, 174.0380
353.1344, 167.3259
353.6165, 162.6217
354.0986, 161.9582
354.5807, 162.4835
355.0628, 163.1857
355.5450, 163.6932
356.0271, 163.5030
356.5092, 161.8072
356.9913, 158.5433
357.4734, 155.9025
357.9555, 153.9937
358.4377, 152.6872
358.9198, 152.4616
359.4019, 152.7480
359.8840, 152.3892
360.3661, 150.5050
360.8482, 147.6628
361.3304, 145.5254
361.8125, 144.1944
362.2946, 143.4079
362.7767, 143.1164
363.2588, 143.2480
363.7409, 143.9978
364.2231, 145.5640
364.7052, 146.9158
365.1873, 146.4566
365.6694, 143.9507
366.1515, 141.8099
366.6336, 141.0072
367.1158, 140.4032
367.5979, 139.2938
368.0800, 137.6216
368.5621, 135.4647
369.0442, 131.9386
369.5263, 127.6990
370.0085, 126.3598
370.4906, 129.7385
370.9727, 133.2418
371.4548, 133.2489
371.9369, 131.0429
372.4190, 129.4731
372.9012, 130.1205
373.3833, 131.6611
373.8654, 132.0569
374.3475, 131.1739
374.8296, 130.3103
375.3117, 130.4804
375.7939, 130.8430
376.2760, 130.0049
376.7581, 127.3543
377.2402, 124.7750
377.7223, 123.9471
378.2044, 124.4430
378.6866, 124.3210
379.1687, 122.8042
379.6508, 120.8934
380.1329, 119.9709
380.6150, 120.0043
381.0971, 119.7871
381.5793, 118.1273
382.0614, 116.3205
382.5435, 116.6321
383.0256, 119.4183
383.5077, 122.1634
383.9898, 122.8203
384.4720, 121.5836
384.9541, 120.6113
385.4362, 119.3907
385.9183, 118.9713
386.4004, 121.0314
386.8825, 124.6553
387.3647, 126.5300
387.8468, 124.7246
388.3289, 120.8136
388.8110, 118.8965
389.2931, 119.7171
389.7752, 120.4390
390.2574, 119.8359
390.7395, 119.1138
391.2216, 120.1313
391.7037, 123.2165
392.1858, 126.5367
392.6679, 127.9560
393.1501, 127.0710
393.6322, 125.9889
394.1143, 123.3705
394.5964, 121.7613
395.0785, 123.1566
395.5606, 126.8824
396.0428, 130.9495
396.5249, 134.2265
397.0070, 136.6123
397.4891, 137.6061
397.9712, 135.3584
398.4533, 133.9214
398.9355, 134.6183
399.4176, 135.9305
399.8997, 135.8469
400.3818, 133.8640
400.8639, 131.6031
401.3460, 131.7485
401.8282, 135.8163
402.3103, 138.0424
402.7924, 136.0715
403.2745, 134.6351
403.7566, 137.0712
404.2387, 142.3224
404.7209, 146.6360
405.2030, 146.7875
405.6851, 143.5847
406.1672, 143.3931
406.6493, 149.2256
407.1314, 153.7877
407.6136, 155.2157
408.0957, 154.7233
408.5778, 153.2314
409.0599, 151.0434
409.5420, 149.1337
410.0241, 149.1089
410.5063, 151.3118
410.9884, 153.5689
411.4705, 155.9580
411.9526, 157.9732
412.4347, 159.4113
412.9168, 160.2267
413.3990, 160.3496
413.8811, 159.5425
414.3632, 157.9837
414.8453, 156.0621
415.3274, 153.1974
415.8095, 151.4243
416.2917, 152.7687
416.7738, 155.5894
417.2559, 157.8521
417.7380, 159.0937
418.2201, 159.6028
418.7022, 159.3768
419.1844, 158.5085
419.6665, 157.9149
420.1486, 157.9793
420.6307, 158.2817
421.1128, 158.2851
421.5949, 157.9954
422.0771, 157.7097
422.5592, 157.4078
423.0413, 157.2266
423.5234, 157.3546
424.0055, 157.8106
424.4876, 158.5554
424.9698, 159.7576
425.4519, 161.2430
425.9340, 162.0102
426.4161, 162.3841
426.8982, 161.7364
427.3803, 158.4495
427.8625, 154.0386
428.3446, 152.1064
428.8267, 154.1813
429.3088, 157.8418
429.7909, 158.8244
430.2730, 155.1564
430.7552, 153.2505
431.2373, 154.4424
431.7194, 156.4452
432.2015, 157.9943
432.6836, 158.8190
433.1657, 158.8033
433.6479, 157.7299
434.1300, 155.7204
434.6121, 154.3789
435.0942, 154.1521
435.5763, 154.1039
436.0584, 153.5426
436.5406, 153.3167
437.0227, 154.9866
437.5048, 158.9361
437.9869, 163.1334
438.4690, 164.0443
438.9511, 160.2196
439.4333, 157.8167
439.9154, 157.7560
440.3975, 158.4190
440.8796, 159.0282
441.3617, 159.7606
441.8438, 161.4167
442.3260, 165.0216
442.8081, 169.5840
443.2902, 171.1389
443.7723, 167.8177
444.2544, 166.2243
444.7365, 170.8868
445.2187, 177.1187
445.7008, 180.6013
446.1829, 180.4007
446.6650, 178.9832
447.1471, 177.6432
447.6292, 176.6537
448.1114, 177.7532
448.5935, 181.7714
449.0756, 186.7955
449.5577, 191.9693
450.0398, 196.9678
450.5219, 200.5898
451.0041, 201.2665
451.4862, 201.3174
451.9683, 203.0402
452.4504, 206.2390
452.9325, 209.5249
453.4146, 212.2848
453.8968, 214.7644
454.3789, 217.4180
454.8610, 220.0299
455.3431, 223.3163
455.8252, 228.7012
456.3073, 234.1520
456.7895, 237.2359
457.2716, 237.7433
457.7537, 237.3020
458.2358, 237.0032
458.7179, 236.8499
459.2000, 239.1696
459.6822, 245.9678
460.1643, 252.4988
460.6464, 257.2961
461.1285, 261.0883
461.6106, 265.1218
462.0927, 269.8323
462.5748, 274.3351
463.0569, 276.9871
463.5391, 276.8232
464.0212, 277.3745
464.5033, 278.9140
464.9854, 280.8560
465.4675, 283.2576
465.9496, 285.8526
466.4318, 287.9591
466.9139, 288.8429
467.3960, 289.3087
467.8781, 292.4858
468.3602, 300.3337
468.8423, 305.7780
469.3245, 303.9575
469.8066, 300.7027
470.2887, 300.7393
470.7708, 304.7193
471.2529, 309.5936
471.7350, 313.4190
472.2172, 316.2743
472.6993, 318.1234
473.1814, 318.5215
473.6635, 319.2133
474.1456, 322.1171
474.6277, 326.1899
475.1099, 329.0764
475.5920, 330.1811
476.0741, 330.2852
476.5562, 329.7819
477.0383, 328.6992
477.5204, 326.8525
478.0026, 323.9837
478.4847, 321.1655
478.9668, 320.1870
479.4489, 321.6541
479.9310, 321.9142
480.4131, 319.6149
480.8953, 317.0331
481.3774, 316.1688
481.8595, 316.4668
482.3416, 315.7702
482.8237, 312.6927
483.3058, 308.0425
483.7880, 304.6030
484.2701, 303.9562
484.7522, 302.2656
485.2343, 298.0753
485.7164, 293.7780
486.1985, 291.9559
486.6807, 292.3202
487.1628, 291.9029
487.6449, 287.7084
488.1270, 280.0556
488.6091, 273.5292
489.0912, 268.0709
489.5734, 263.9240
490.0555, 262.5076
490.5376, 261.6026
491.0197, 258.2784
491.5018, 251.6116
491.9839, 244.6108
492.4661, 240.6043
492.9482, 239.2564
493.4303, 237.8718
493.9124, 236.4337
494.3945, 234.2466
494.8766, 230.0213
495.3588, 224.5503
495.8409, 220.0325
496.3230, 217.5338
496.8051, 215.6617
497.2872, 213.7850
497.7693, 211.6827
498.2515, 208.2480
498.7336, 202.7800
499.2157, 196.6623
499.6978, 192.0522
500.1799, 189.2687
500.6620, 186.8317
501.1442, 185.6992
501.6263, 184.0279
502.1084, 179.7054
502.5905, 173.5716
503.0726, 168.3664
503.5547, 165.7979
504.0369, 165.2616
504.5190, 164.6850
505.0011, 164.2512
505.4832, 163.4570
505.9653, 162.5544
506.4474, 161.1124
506.9296, 158.3745
507.4117, 154.6180
507.8938, 151.2526
508.3759, 149.9243
508.8580, 149.9607
509.3401, 147.0142
509.8223, 139.0591
510.3044, 132.5654
510.7865, 130.7666
511.2686, 131.0665
511.7507, 131.3257
512.2328, 131.1990
512.7150, 130.6064
513.1971, 129.2423
513.6792, 127.3691
514.1613, 125.7574
514.6434, 124.5383
515.1255, 123.3508
515.6077, 121.6843
516.0898, 119.8308
516.5719, 118.9867
517.0540, 120.8666
517.5361, 121.7399
518.0182, 118.7311
518.5004, 113.9152
518.9825, 110.4927
519.4646, 109.3540
519.9467, 110.4602
520.4288, 114.4368
520.9109, 122.4759
521.3931, 125.1398
521.8752, 117.2482
522.3573, 110.5649
522.8394, 110.0908
523.3215, 113.2040
523.8036, 115.8838
524.2858, 116.4883
524.7679, 115.8501
525.2500, 115.2636
525.7321, 114.8297
526.2142, 113.9057
526.6964, 111.5709
527.1785, 109.7080
527.6606, 109.2992
528.1427, 110.0053
528.6248, 111.1012
529.1069, 112.5151
529.5891, 113.7795
530.0712, 113.8193
530.5533, 112.7624
531.0354, 112.9898
531.5175, 115.7211
531.9996, 119.0859
532.4818, 120.6901
532.9639, 120.6858
533.4460, 120.9245
533.9281, 122.6009
534.4102, 123.9681
534.8923, 122.9059
535.3745, 120.2457
535.8566, 118.9747
536.3387, 120.6077
536.8208, 123.7642
537.3029, 125.5961
537.7850, 125.3282
538.2672, 125.3052
538.7493, 125.5695
539.2314, 126.0188
539.7135, 126.3506
540.1956, 126.8187
540.6777, 128.1623
541.1599, 130.9366
541.6420, 134.4383
542.1241, 136.7350
542.6062, 137.3061
543.0883, 138.3985
543.5704, 141.6175
544.0526, 144.4635
544.5347, 144.8625
545.0168, 143.2632
545.4989, 142.1209
545.9810, 143.3202
546.4631, 145.4015
546.9453, 145.6719
547.4274, 144.2040
547.9095, 143.7904
548.3916, 145.9593
548.8737, 149.2780
549.3558, 151.2571
549.8380, 151.8401
550.3201, 152.0510
550.8022, 151.8478
551.2843, 151.5107
551.7664, 151.2760
552.2485, 151.1204
552.7307, 150.8362
553.2128, 150.2700
553.6949, 149.6413
554.1770, 149.6903
554.6591, 151.9094
555.1412, 152.0467
555.6234, 147.3728
556.1055, 143.1628
556.5876, 143.7178
557.0697, 147.6917
557.5518, 150.1632
558.0339, 147.5589
558.5161, 142.4318
558.9982, 141.0687
559.4803, 144.2234
559.9624, 146.6238
560.4445, 146.7139
560.9266, 145.6292
561.4088, 144.4119
561.8909, 143.0696
562.3730, 141.5784
562.8551, 139.5452
563.3372, 137.6265
563.8193, 136.7860
564.3015, 136.8085
564.7836, 136.3524
565.2657, 134.6460
565.7478, 132.7254
566.2299, 132.6297
566.7120, 135.6477
567.1942, 137.3419
567.6763, 136.9085
568.1584, 135.8992
568.6405, 135.4576
569.1226, 135.1399
569.6047, 133.4326
570.0869, 129.4514
570.5690, 124.8400
571.0511, 123.2492
571.5332, 125.5053
572.0153, 127.6126
572.4974, 130.2724
572.9796, 131.5394
573.4617, 129.1737
573.9438, 124.6205
574.4259, 121.7225
574.9080, 122.7625
575.3901, 125.0139
575.8723, 125.5182
576.3544, 124.4872
576.8365, 122.9205
577.3186, 120.8580
577.8007, 119.0756
578.2828, 118.9065
578.7650, 120.4735
579.2471, 120.0441
579.7292, 116.3440
580.2113, 111.8634
580.6934, 106.2923
581.1755, 101.1582
581.6577, 99.51107
582.1398, 102.1744
582.6219, 105.7426
583.1040, 105.2970
583.5861, 100.0603
584.0682, 96.99814
584.5504, 98.01736
585.0325, 98.96829
585.5146, 98.73721
585.9967, 97.66528
586.4788, 96.08571
586.9609, 94.05598
587.4431, 92.07317
587.9252, 90.25018
588.4073, 88.81575
588.8894, 89.06915
589.3715, 91.57993
589.8536, 93.64366
590.3358, 93.06408
590.8179, 90.71093
591.3000, 89.80807
591.7821, 91.62084
592.2642, 92.57685
592.7463, 90.48888
593.2285, 87.58276
593.7106, 86.73923
594.1927, 87.95751
594.6748, 88.79037
595.1569, 87.15034
595.6390, 83.71774
596.1212, 82.25874
596.6033, 84.62659
597.0854, 85.72733
597.5675, 83.91467
598.0496, 81.60466
598.5317, 80.57651
599.0139, 80.76143
599.4960, 80.90321
599.9781, 79.83619
600.4602, 78.51697
600.9423, 79.45390
601.4244, 82.69242
601.9066, 83.83733
602.3887, 80.36646
602.8708, 75.68138
603.3529, 74.90933
603.8350, 78.04448
604.3171, 80.06337
604.7993, 79.69058
605.2814, 78.56707
605.7635, 77.30257
606.2456, 76.14842
606.7277, 75.42191
607.2098, 75.24889
607.6920, 75.68003
608.1741, 76.90944
608.6562, 79.15865
609.1383, 81.01997
609.6204, 83.27531
610.1025, 84.14890
610.5847, 81.65305
611.0668, 78.04187
611.5489, 76.48133
612.0310, 77.90421
612.5131, 80.18453
612.9952, 81.86214
613.4774, 82.84414
613.9595, 82.61685
614.4416, 80.98281
614.9237, 79.26430
615.4058, 78.22727
615.8879, 77.72318
616.3701, 77.23602
616.8522, 76.66347
617.3343, 76.30211
617.8164, 76.17120
618.2985, 76.30177
618.7806, 76.83608
619.2628, 77.68024
619.7449, 78.58524
620.2270, 79.42896
620.7091, 80.06835
621.1912, 79.91957
621.6733, 78.44307
622.1555, 77.82360
622.6376, 80.17702
623.1197, 81.68439
623.6018, 79.11803
624.0839, 73.97514
624.5660, 70.45090
625.0482, 70.40141
625.5303, 72.17114
626.0124, 75.08949
626.4945, 78.56035
626.9766, 80.31783
627.4587, 79.74049
627.9409, 78.25956
628.4230, 77.10057
628.9051, 76.26723
629.3872, 75.63371
629.8693, 75.27598
630.3514, 74.98994
630.8336, 74.73018
631.3157, 74.51927
631.7978, 74.23575
632.2799, 73.96225
632.7620, 74.14307
633.2441, 75.30931
633.7263, 77.13518
634.2084, 78.31536
634.6905, 78.76505
635.1726, 78.93338
635.6547, 79.30576
636.1368, 79.08231
636.6190, 76.92944
637.1011, 73.06687
637.5832, 70.48277
638.0653, 70.90965
638.5474, 72.26855
639.0295, 73.12626
639.5117, 73.52575
639.9938, 73.64464
640.4759, 73.54162
640.9580, 73.33549
641.4401, 73.11997
641.9222, 72.83336
642.4044, 73.12179
642.8865, 74.96999
643.3686, 76.23131
643.8507, 75.98511
644.3328, 75.18497
644.8149, 74.93981
645.2971, 75.41843
645.7792, 75.81160
646.2613, 75.44984
646.7434, 74.52190
647.2255, 73.25626
647.7076, 71.62753
648.1898, 70.73000
648.6719, 71.35635
649.1540, 72.52819
649.6361, 72.45882
650.1182, 70.82023
650.6003, 69.71918
651.0825, 70.14832
651.5646, 70.32907
652.0467, 68.61691
652.5288, 66.09052
653.0109, 64.90737
653.4930, 65.79568
653.9752, 67.36358
654.4573, 67.53900
654.9394, 66.25863
655.4215, 66.46210
655.9036, 69.20342
656.3857, 71.34968
656.8679, 71.08584
657.3500, 69.63491
657.8321, 67.92455
658.3142, 65.88924
658.7963, 65.04142
659.2784, 67.33943
659.7606, 70.31130
660.2427, 71.08778
660.7248, 69.90507
661.2069, 68.40541
661.6890, 67.32280
662.1711, 66.61555
662.6533, 66.25432
663.1354, 66.40635
663.6175, 66.30795
664.0996, 65.21123
664.5817, 64.68996
665.0638, 65.89714
665.5460, 67.71293
666.0281, 68.68107
666.5102, 68.41521
666.9923, 67.34732
667.4744, 64.74361
667.9565, 61.83115
668.4387, 62.10001
668.9208, 65.77083
669.4029, 69.57532
669.8850, 72.06850
670.3671, 73.32243
670.8492, 73.34002
671.3314, 71.53503
671.8135, 70.00605
672.2956, 68.21461
672.7777, 67.28695
673.2598, 69.04227
673.7419, 71.72508
674.2241, 72.14907
674.7062, 69.18117
675.1883, 65.21107
675.6704, 63.11969
676.1525, 62.73269
676.6346, 62.15036
677.1168, 60.97503
677.5989, 60.86032
678.0810, 63.29103
678.5631, 66.88084
679.0452, 69.14524
679.5273, 69.91475
680.0095, 70.40737
680.4916, 70.96423
680.9737, 71.30486
681.4558, 71.23534
681.9379, 70.77446
682.4200, 69.77232
682.9022, 68.19893
683.3843, 66.84025
683.8664, 66.99181
684.3485, 68.78861
684.8306, 70.19685
685.3127, 71.68959
685.7949, 71.92628
686.2770, 68.88921
686.7591, 65.10855
687.2412, 63.51893
687.7233, 64.53509
688.2054, 65.51115
688.6876, 64.57048
689.1697, 63.56115
689.6518, 64.59679
690.1339, 67.29394
690.6160, 70.50148
691.0981, 73.80350
691.5803, 76.18929
692.0624, 76.09289
692.5445, 73.21384
693.0266, 70.30457
693.5087, 66.41071
693.9908, 63.86599
694.4730, 64.06234
694.9551, 65.33559
695.4372, 66.04481
695.9193, 65.96664
696.4014, 65.81100
696.8835, 65.89030
697.3657, 66.18966
697.8478, 67.02187
698.3299, 68.15346
698.8120, 68.36585
699.2941, 67.17522
699.7762, 65.46279
700.2584, 64.32963
700.7405, 63.82384
701.2226, 63.28993
701.7047, 62.20532
702.1868, 61.75639
702.6689, 62.37225
703.1511, 63.57808
703.6332, 65.29753
704.1153, 67.28189
704.5974, 68.61633
705.0795, 68.49180
705.5616, 67.53836
706.0438, 66.73641
706.5259, 66.01974
707.0080, 64.80001
707.4901, 62.78482
707.9722, 60.85369
708.4543, 59.78410
708.9365, 59.58135
709.4186, 60.55979
709.9007, 64.17728
710.3828, 66.98145
710.8649, 68.19362
711.3470, 68.59061
711.8292, 69.22954
712.3113, 69.77095
712.7934, 68.32564
713.2755, 62.64827
713.7576, 56.67757
714.2397, 57.56161
714.7219, 64.20995
715.2040, 69.15836
715.6861, 71.04628
716.1682, 70.50522
716.6503, 67.27103
717.1324, 62.04963
717.6146, 58.79657
718.0967, 58.07322
718.5788, 58.37505
719.0609, 59.47600
719.5430, 61.64788
720.0251, 66.82906
720.5073, 73.12368
720.9894, 75.82222
721.4715, 72.39111
721.9536, 66.67967
722.4357, 63.24045
722.9178, 61.89882
723.4000, 62.19299
723.8821, 64.42390
724.3642, 65.97240
724.8463, 65.10060
725.3284, 62.63264
725.8105, 60.52129
726.2927, 58.26810
726.7748, 57.59217
727.2569, 59.98573
727.7390, 62.56277
728.2211, 64.07314
728.7032, 64.55219
729.1854, 63.87827
729.6675, 62.10608
730.1496, 60.65331
730.6317, 61.59373
731.1138, 64.09706
731.5959, 64.79529
732.0781, 63.48510
732.5602, 62.60947
733.0423, 63.35437
733.5244, 64.64547
734.0065, 64.85676
734.4886, 63.71881
734.9708, 63.13125
735.4529, 63.91645
735.9350, 64.26725
736.4171, 62.54836
736.8992, 60.66376
737.3813, 61.22744
737.8635, 64.25282
738.3456, 67.05978
738.8277, 67.69283
739.3098, 66.80811
739.7919, 65.39690
740.2740, 63.52184
740.7562, 62.19428
741.2383, 61.68982
741.7204, 61.70350
742.2025, 62.05119
742.6846, 62.69835
743.1667, 63.26268
743.6489, 63.71956
744.1310, 64.13336
744.6131, 64.53323
745.0952, 64.87380
745.5773, 65.23527
746.0594, 65.50034
746.5416, 65.36423
747.0237, 64.64246
747.5058, 63.68234
747.9879, 62.51537
748.4700, 61.44165
748.9521, 61.93184
749.4343, 64.21928
749.9164, 66.31910
750.3985, 67.19000
750.8806, 66.99306
751.3627, 65.93494
751.8448, 63.04055
752.3270, 61.87504
752.8091, 63.87597
753.2912, 65.84734
753.7733, 66.74390
754.2554, 66.75640
754.7375, 65.95608
755.2197, 64.44386
755.7018, 63.20376
756.1839, 63.15474
756.6660, 63.74244
757.1481, 64.06452
757.6302, 64.16714
758.1124, 64.49365
758.5945, 65.24031
759.0766, 65.70112
759.5587, 64.87408
760.0408, 62.81982
760.5229, 62.33327
761.0051, 65.11651
761.4872, 66.90485
761.9693, 66.32756
762.4514, 65.30872
762.9335, 65.45981
763.4156, 66.40516
763.8978, 66.53162
764.3799, 64.91515
764.8620, 62.92452
765.3441, 61.57958
765.8262, 60.66277
766.3083, 59.78612
766.7905, 58.90215
767.2726, 58.09977
767.7547, 57.41429
768.2368, 56.91652
768.7189, 56.74067
769.2010, 56.81084
769.6832, 57.49701
770.1653, 58.96311
770.6474, 60.83724
771.1295, 63.67870
771.6116, 66.46098
772.0938, 67.88414
772.5759, 67.78307
773.0580, 66.77288
773.5401, 64.26289
774.0222, 61.68800
774.5043, 60.00630
774.9865, 59.18480
775.4686, 59.24910
775.9507, 60.11156
776.4328, 61.11106
776.9149, 61.55670
777.3970, 61.63801
777.8792, 62.42474
778.3613, 64.23427
778.8434, 64.99448
779.3255, 63.91045
779.8076, 62.17186
780.2897, 59.87324
780.7719, 57.64724
781.2540, 58.38091
781.7361, 65.61898
782.2182, 70.30154
782.7003, 68.21577
783.1824, 64.44936
783.6646, 62.75352
784.1467, 62.93456
784.6288, 63.53178
785.1109, 63.93319
785.5930, 64.05165
786.0751, 63.49143
786.5573, 62.53807
787.0394, 62.58563
787.5215, 63.74221
788.0036, 64.51785
788.4857, 64.28638
788.9678, 63.31216
789.4500, 61.67327
789.9321, 59.02015
790.4142, 58.49598
790.8963, 62.22631
791.3784, 65.24296
791.8605, 66.62786
792.3427, 66.81549
792.8248, 65.82693
793.3069, 63.97044
793.7890, 62.12584
794.2711, 60.26861
794.7532, 59.36924
795.2354, 61.74015
795.7175, 65.40331
796.1996, 65.11405
796.6817, 60.73844
797.1638, 57.95827
797.6459, 60.48478
798.1281, 65.72823
798.6102, 67.56058
799.0923, 64.80394
799.5744, 63.66134
800.0565, 65.08298
800.5386, 66.61977
801.0208, 67.93031
801.5029, 68.38914
801.9850, 66.52250
802.4671, 62.12721
802.9492, 59.43175
803.4313, 60.98204
803.9135, 63.13806
804.3956, 63.47298
804.8777, 63.10540
805.3598, 63.85235
805.8419, 65.89326
806.3240, 68.17574
806.8062, 70.13805
807.2883, 71.31688
807.7704, 70.07059
808.2525, 66.56017
808.7346, 64.75549
809.2167, 65.61427
809.6989, 66.40125
810.1810, 64.89997
810.6631, 66.36710
811.1452, 62.47717
811.6273, 67.28709
812.1094, 69.98336
812.5916, 69.66014
813.0737, 68.28521
813.5558, 65.70096
814.0379, 63.01989
814.5200, 61.51476
815.0021, 61.41438
815.4843, 62.22894
815.9664, 64.31454
816.4485, 66.64188
816.9306, 68.17532
817.4127, 68.97043
817.8948, 69.18668
818.3770, 68.85582
818.8591, 67.74906
819.3412, 65.51244
819.8233, 62.78341
820.3054, 61.70216
820.7875, 62.57416
821.2697, 63.84613
821.7518, 66.13637
822.2339, 67.53291
822.7160, 65.93714
823.1981, 63.14066
823.6802, 62.59769
824.1624, 65.02962
824.6445, 66.60974
825.1266, 65.81427
825.6087, 64.80314
826.0908, 64.24844
826.5729, 64.47417
827.0551, 66.40861
827.5372, 69.79124
828.0193, 72.50268
828.5014, 73.12295
828.9835, 71.96151
829.4656, 68.48482
829.9478, 63.46203
830.4299, 60.75180
830.9120, 61.06642
831.3941, 62.65074
831.8762, 64.59402
832.3583, 66.40290
832.8404, 66.61406
833.3225, 64.33999
833.8046, 63.01587
834.2867, 63.25278
834.7689, 63.66539
835.2510, 63.74681
835.7331, 63.73214
836.2152, 63.81489
836.6973, 64.02085
837.1794, 64.58215
837.6616, 66.18892
838.1437, 67.50423
838.6258, 67.37608
839.1079, 66.64170
839.5900, 66.36811
840.0721, 66.70236
840.5543, 67.41682
841.0364, 68.47659
841.5185, 69.34679
842.0006, 68.84756
842.4827, 67.23953
842.9648, 66.28144
843.4470, 66.17643
843.9291, 66.27951
844.4112, 66.43805
844.8933, 66.19969
845.3754, 64.44505
845.8575, 60.46547
846.3397, 59.51445
846.8218, 65.15233
847.3039, 68.97875
847.7860, 68.20683
848.2681, 66.00621
848.7502, 64.47826
849.2324, 63.85811
849.7145, 64.31507
850.1966, 66.82435
850.6787, 68.70707
851.1608, 67.99693
851.6429, 66.16271
852.1251, 64.55249
852.6072, 63.36610
853.0893, 62.54348
853.5714, 62.06530
854.0535, 62.10641
854.5356, 63.47809
855.0178, 65.59972
855.4999, 65.32890
855.9820, 62.58784
856.4641, 60.55610
856.9462, 60.10347
857.4283, 61.03072
857.9105, 63.65389
858.3926, 67.52202
858.8747, 68.93433
859.3568, 65.41445
859.8389, 63.77605
860.3210, 66.74577
860.8032, 69.12985
861.2853, 67.26883
861.7674, 63.54815
862.2495, 62.31896
862.7316, 64.59856
863.2137, 66.50066
863.6959, 66.50031
864.1780, 65.41490
864.6601, 62.47078
865.1422, 59.45249
865.6243, 60.18676
866.1064, 64.60040
866.5886, 67.84890
867.0707, 65.98781
867.5528, 61.97844
868.0349, 61.34512
868.5170, 63.56730
868.9991, 65.68298
869.4813, 67.37705
869.9634, 67.73925
870.4455, 65.98195
870.9276, 63.40923
871.4097, 62.59947
871.8918, 60.97623
872.3740, 58.89272
872.8561, 59.29912
873.3382, 56.36205
873.8203, 56.58628
874.3024, 58.47186
874.7845, 61.86214
875.2667, 66.12514
875.7488, 68.63567
876.2309, 68.59543
876.7130, 67.26508
877.1951, 63.32844
877.6772, 59.79381
878.1594, 59.96677
878.6415, 62.43583
879.1236, 63.89846
879.6057, 63.29447
880.0878, 62.14034
880.5699, 61.52468
881.0521, 61.42213
881.5342, 62.07492
882.0163, 63.23941
882.4984, 63.96281
882.9805, 64.02003
883.4626, 63.42411
883.9448, 61.97028
884.4269, 60.42354
884.9090, 61.61953
885.3911, 66.56098
885.8732, 68.15506
886.3553, 64.43823
886.8375, 61.14130
887.3196, 61.13113
887.8017, 62.74544
888.2838, 63.53032
888.7659, 63.37868
889.2480, 63.74809
889.7302, 65.54865
890.2123, 66.71935
890.6944, 66.04031
891.1765, 65.14364
891.6586, 65.98003
892.1407, 67.68764
892.6229, 67.38889
893.1050, 63.59423
893.5871, 60.32253
894.0692, 61.07866
894.5513, 63.14000
895.0334, 63.08671
895.5156, 61.75365
895.9977, 61.91926
896.4798, 64.15714
896.9619, 66.07458
897.4440, 65.34275
897.9261, 63.13057
898.4083, 62.22168
898.8904, 62.54836
899.3725, 63.65395
899.8546, 65.62460
900.3367, 66.59988
900.8188, 65.15340
901.3010, 62.84874
901.7831, 62.81256
902.2652, 65.48483
902.7473, 67.68483
903.2294, 69.56092
903.7115, 70.69947
904.1937, 70.80502
904.6758, 70.27780
905.1579, 69.24660
905.6400, 67.84563
906.1221, 66.58835
906.6042, 65.29005
907.0864, 64.60292
907.5685, 65.21156
908.0506, 65.97588
908.5327, 66.43498
909.0148, 66.38735
909.4969, 65.09909
909.9791, 62.63753
910.4612, 61.31872
910.9433, 63.53131
911.4254, 66.76742
911.9075, 68.81421
912.3896, 69.75864
912.8718, 69.25574
913.3539, 67.67386
913.8360, 66.85531
914.3181, 67.86919
914.8002, 69.67710
915.2823, 70.56440
915.7645, 70.70911
916.2466, 71.60310
916.7287, 73.31114
917.2108, 74.80141
917.6929, 75.78150
918.1750, 76.34291
918.6572, 76.66994
919.1393, 76.62996
919.6214, 75.22652
920.1035, 71.03125
920.5856, 69.03562
921.0677, 70.99895
921.5499, 73.17494
922.0320, 73.32531
922.5141, 72.90434
922.9962, 74.37990
923.4783, 78.02744
923.9604, 79.46359
924.4426, 75.51644
924.9247, 72.60946
925.4068, 73.72413
925.8889, 76.05639
926.3710, 77.22703
926.8531, 77.45535
927.3353, 78.16898
927.8174, 80.01915
928.2995, 81.06411
928.7816, 79.12654
929.2637, 76.42776
929.7458, 74.95187
930.2280, 74.73855
930.7101, 76.05600
931.1922, 78.64732
931.6743, 80.77914
932.1564, 80.95000
932.6385, 80.73831
933.1207, 83.77714
933.6028, 88.91362
934.0849, 90.46856
934.5670, 88.16628
935.0491, 86.98064
935.5313, 89.15334
936.0134, 92.19465
936.4955, 92.83480
936.9776, 94.39745
937.4597, 95.89413
937.9418, 95.45448
938.4240, 97.51783
938.9061, 97.09277
939.3882, 96.34043
939.8703, 96.12925
940.3524, 96.84573
940.8345, 99.64174
941.3167, 105.5675
941.7988, 109.6112
942.2809, 110.5126
942.7630, 111.2583
943.2451, 111.4706
943.7272, 112.6883
944.2094, 117.0997
944.6915, 123.6139
945.1736, 128.5000
945.6557, 130.5719
946.1378, 132.0712
946.6199, 132.7937
947.1021, 134.2436
947.5842, 137.6615
948.0663, 142.4004
948.5484, 147.5695
949.0305, 152.9474
949.5126, 158.7284
949.9948, 165.3077
950.4769, 171.8342
950.9590, 177.2977
951.4411, 182.3282
951.9232, 188.1696
952.4053, 194.6190
952.8875, 200.1971
953.3696, 204.4476
953.8517, 209.5643
954.3338, 218.4450
954.8159, 229.3998
955.2980, 237.7416
955.7802, 243.8446
956.2623, 250.0058
956.7444, 256.6163
957.2265, 265.2951
957.7086, 277.3537
958.1907, 290.5565
958.6729, 300.8357
959.1550, 308.1413
959.6371, 314.8041
960.1192, 320.3145
960.6013, 327.4728
961.0834, 337.3571
961.5656, 348.4359
962.0477, 360.1560
962.5298, 371.7363
963.0119, 380.2642
963.4940, 383.9208
963.9761, 389.2100
964.4583, 396.8129
964.9404, 405.1646
965.4225, 414.8093
965.9046, 424.1935
966.3867, 431.7614
966.8688, 437.6694
967.3510, 442.9569
967.8331, 446.6542
968.3152, 451.6911
968.7973, 461.0934
969.2794, 469.4567
969.7615, 473.4895
970.2437, 474.3990
970.7258, 474.2173
971.2079, 473.1658
971.6900, 469.8267
972.1721, 462.5394
972.6542, 454.1978
973.1364, 446.3324
973.6185, 438.5516
974.1006, 430.7456
974.5827, 422.5665
975.0648, 413.3262
975.5469, 402.7891
976.0291, 391.5428
976.5112, 379.8419
976.9933, 367.9174
977.4754, 355.2381
977.9575, 342.7831
978.4396, 332.5412
978.9218, 324.6807
979.4039, 318.7973
979.8860, 314.6835
980.3681, 310.7944
980.8502, 305.0178
981.3323, 297.8208
981.8145, 290.5783
982.2966, 283.4403
982.7787, 277.5164
983.2608, 273.0835
983.7429, 269.5285
984.2250, 266.5442
984.7072, 263.7290
985.1893, 260.3562
985.6714, 256.4407
986.1535, 251.4278
986.6356, 245.1298
987.1177, 238.6489
987.5999, 231.9927
988.0820, 226.0787
988.5641, 222.0791
989.0462, 219.1375
989.5283, 214.1638
990.0104, 206.0526
990.4926, 199.5495
990.9747, 195.9075
991.4568, 191.4800
991.9389, 184.3942
992.4210, 176.7249
992.9031, 170.7303
993.3853, 166.1116
993.8674, 160.7133
994.3495, 153.4856
994.8316, 147.2907
995.3137, 142.2229
995.7958, 138.1600
996.2780, 136.0416
996.7601, 134.2639
997.2422, 130.8060
997.7243, 125.8285
998.2064, 121.4873
998.6885, 118.4011
999.1707, 115.6730
999.6528, 113.2281
1000.135, 110.9167
1000.617, 108.7389
1001.099, 106.5903
1001.581, 104.5199
1002.063, 102.4330
1002.545, 99.69363
1003.028, 94.97952
1003.510, 91.09562
1003.992, 90.31824
1004.474, 90.43092
1004.956, 89.69315
1005.438, 88.06297
1005.920, 85.50003
1006.402, 82.19173
1006.885, 79.63775
1007.367, 79.43996
1007.849, 79.58387
1008.331, 77.40374
1008.813, 74.86531
1009.295, 75.85031
1009.777, 78.99775
1010.259, 78.92812
1010.741, 74.05793
1011.224, 69.69702
1011.706, 71.41796
1012.188, 75.35811
1012.670, 75.82329
1013.152, 73.88536
1013.634, 71.60477
1014.116, 69.45016
1014.598, 67.87473
1015.081, 67.08231
1015.563, 66.92244
1016.045, 67.83764
1016.527, 68.76749
1017.009, 65.79116
1017.491, 60.22947
1017.973, 58.92024
1018.455, 62.49150
1018.937, 66.09739
1019.420, 67.28667
1019.902, 67.31374
1020.384, 67.93806
1020.866, 68.86834
1021.348, 68.46911
1021.830, 66.80385
1022.312, 65.86436
1022.794, 66.02327
1023.276, 65.93464
1023.759, 64.75009
1024.241, 63.35858
1024.723, 63.34409
1025.205, 64.53924
1025.687, 64.11818
1026.169, 61.65864
1026.651, 61.48763
1027.133, 64.98000
1027.616, 68.05602
1028.098, 68.19148
1028.580, 66.54254
1029.062, 65.02265
1029.544, 63.60952
1030.026, 63.11683
1030.508, 63.94303
1030.990, 64.12971
1031.473, 62.77328
1031.955, 62.04186
1032.437, 63.42137
1032.919, 66.18249
1033.401, 69.32362
1033.883, 73.16154
1034.365, 73.92024
1034.847, 69.93432
1035.329, 66.49929
1035.812, 64.03953
1036.294, 63.08723
1036.776, 64.65314
1037.258, 67.49950
1037.740, 68.95470
1038.222, 68.50673
1038.704, 70.24702
1039.186, 78.24992
1039.668, 81.69277
1040.151, 74.17875
1040.633, 66.94096
1041.115, 67.98850
1041.597, 73.59450
1042.079, 76.75460
1042.561, 77.18513
1043.043, 77.14775
1043.525, 75.31320
1044.008, 74.96982
1044.490, 78.54134
1044.972, 81.82642
1045.454, 81.17042
1045.936, 78.89921
1046.418, 79.70535
1046.900, 84.32285
1047.382, 87.30218
1047.865, 86.49297
1048.347, 86.22477
1048.829, 87.47143
1049.311, 89.55185
1049.793, 92.97620
1050.275, 96.52116
1050.757, 97.79511
1051.239, 96.42503
1051.721, 96.02588
1052.203, 97.14286
1052.686, 99.51229
1053.168, 104.4707
1053.650, 109.2423
1054.132, 112.0451
1054.614, 113.3200
1055.096, 113.4703
1055.578, 112.6053
1056.060, 113.0562
1056.543, 117.2729
1057.025, 120.3379
1057.507, 119.6149
1057.989, 118.3002
1058.471, 118.1466
1058.953, 119.1958
1059.435, 121.7143
1059.917, 125.5705
1060.400, 128.5019
1060.882, 129.0856
1061.364, 129.6121
1061.846, 131.8309
1062.328, 133.3441
1062.810, 131.2330
1063.292, 127.8769
1063.774, 127.3541
1064.256, 129.8366
1064.739, 131.3950
1065.221, 129.4891
1065.703, 128.4333
1066.185, 131.4199
1066.667, 134.4103
1067.149, 134.1530
1067.631, 132.2436
1068.113, 130.7875
1068.595, 130.2217
1069.078, 130.6729
1069.560, 132.6103
1070.042, 134.6473
1070.524, 136.9846
1071.006, 138.3459
1071.488, 136.8562
1071.970, 134.4584
1072.452, 133.9171
1072.935, 135.1502
1073.417, 135.9626
1073.899, 135.5121
1074.381, 134.8756
1074.863, 133.5574
1075.345, 133.3156
1075.827, 136.6759
1076.309, 140.8953
1076.792, 142.3947
1077.274, 141.4738
1077.756, 140.8310
1078.238, 141.4221
1078.720, 141.7955
1079.202, 140.0335
1079.684, 139.2649
1080.166, 143.2225
1080.648, 147.8746
1081.130, 148.3191
1081.613, 145.5215
1082.095, 143.4748
1082.577, 143.3095
1083.059, 143.6927
1083.541, 145.5021
1084.023, 145.9206
1084.505, 141.0715
1084.987, 135.9678
1085.469, 136.6242
1085.952, 140.7968
1086.434, 142.6192
1086.916, 140.7034
1087.398, 138.0571
1087.880, 134.7225
1088.362, 132.4989
1088.844, 133.6635
1089.326, 134.9989
1089.809, 133.1155
1090.291, 129.6282
1090.773, 127.8664
1091.255, 128.3064
1091.737, 128.4788
1092.219, 127.9038
1092.701, 126.3029
1093.183, 122.6492
1093.666, 118.8648
1094.148, 115.7610
1094.630, 113.7656
1095.112, 114.0748
1095.594, 116.2780
1096.076, 116.9054
1096.558, 113.6800
1097.040, 111.3284
1097.522, 112.2630
1098.005, 113.5080
1098.487, 113.7705
1098.969, 113.0924
1099.451, 111.2511
1099.933, 108.5933
1100.415, 106.3884
1100.897, 105.1336
1101.379, 103.6941
1101.861, 100.6604
1102.344, 98.79920
1102.826, 100.9512
1103.308, 103.3864
1103.790, 101.9133
1104.272, 97.98112
1104.754, 96.15224
1105.236, 97.50559
1105.718, 98.28996
1106.201, 97.14355
1106.683, 96.30643
1107.165, 97.04616
1107.647, 97.68783
1108.129, 97.22656
1108.611, 95.77049
1109.093, 93.18517
1109.575, 89.30332
1110.057, 86.95303
1110.540, 87.52723
1111.022, 87.97686
1111.504, 87.58366
1111.986, 87.30222
1112.468, 88.29356
1112.950, 89.24675
1113.432, 87.90337
1113.914, 84.47883
1114.396, 82.73259
1114.879, 84.38013
1115.361, 84.73952
1115.843, 82.74868
1116.325, 80.91092
1116.807, 79.91750
1117.289, 79.62752
1117.771, 80.58623
1118.253, 82.03316
1118.736, 80.64069
1119.218, 80.93223
1119.700, 81.94653
1120.182, 78.63123
1120.664, 82.26722
1121.146, 79.73946
1121.628, 76.02517
1122.110, 74.56816
1122.593, 74.41489
1123.075, 73.55212
1123.557, 71.89646
1124.039, 70.92953
1124.521, 70.73788
1125.003, 71.05807
1125.485, 72.16011
1125.967, 72.67367
1126.449, 71.62630
1126.932, 70.31279
1127.414, 70.59087
1127.896, 72.14774
1128.378, 72.87421
1128.860, 72.69422
1129.342, 72.34669
1129.824, 71.83652
1130.306, 71.68813
1130.788, 72.17684
1131.271, 72.36923
1131.753, 71.17297
1132.235, 69.64249
1132.717, 71.18761
1133.199, 75.42550
1133.681, 76.77036
1134.163, 75.17876
1134.645, 72.12822
1135.128, 68.03761
1135.610, 66.26159
1136.092, 69.09594
1136.574, 73.54370
1137.056, 75.44176
1137.538, 75.20814
1138.020, 73.44809
1138.502, 70.77049
1138.984, 70.21786
1139.467, 71.80465
1139.949, 72.95980
1140.431, 72.65079
1140.913, 71.94595
1141.395, 71.87577
1141.877, 71.95666
1142.359, 71.40023
1142.841, 70.41161
1143.323, 69.54497
1143.806, 68.62011
1144.288, 66.53172
1144.770, 63.43951
1145.252, 61.56318
1145.734, 62.25730
1146.216, 64.45572
1146.698, 68.02271
1147.180, 71.72398
1147.663, 74.36480
1148.145, 76.01932
1148.627, 76.28553
1149.109, 75.85331
1149.591, 76.95315
1150.073, 80.38430
1150.555, 83.06495
1151.037, 82.48003
1151.520, 81.39668
1152.002, 81.14307
1152.484, 81.63126
1152.966, 83.37941
1153.448, 85.50910
1153.930, 86.57106
1154.412, 86.41654
1154.894, 85.91032
1155.376, 84.64926
1155.859, 84.37811
1156.341, 86.93245
1156.823, 89.03133
1157.305, 88.20488
1157.787, 86.75280
1158.269, 87.54939
1158.751, 89.76915
1159.233, 89.97617
1159.715, 86.74667
1160.198, 85.99871
1160.680, 90.74717
1161.162, 94.09220
1161.644, 93.86068
1162.126, 93.23120
1162.608, 94.12095
1163.090, 95.53587
1163.572, 95.96131
1164.055, 95.45422
1164.537, 95.22531
1165.019, 95.37617
1165.501, 95.41818
1165.983, 95.09917
1166.465, 95.57362
1166.947, 97.74688
1167.429, 99.26923
1167.911, 97.83117
1168.394, 94.65639
1168.876, 92.61076
1169.358, 91.70540
1169.840, 92.89404
1170.322, 96.23759
1170.804, 96.42862
1171.286, 92.43503
1171.768, 89.30318
1172.250, 89.73424
1172.733, 91.07541
1173.215, 90.20897
1173.697, 87.73636
1174.179, 84.60789
1174.661, 81.28852
1175.143, 79.53722
1175.625, 79.17730
1176.107, 78.86840
1176.590, 78.25742
1177.072, 77.87639
1177.554, 78.08827
1178.036, 78.54081
1178.518, 79.59764
1179.000, 80.01907
1179.482, 77.40112
1179.964, 73.41457
1180.447, 71.03015
1180.929, 69.96056
1181.411, 67.87322
1181.893, 64.11479
1182.375, 61.16540
1182.857, 60.77670
1183.339, 61.13324
1183.821, 61.56959
1184.303, 61.97213
1184.786, 62.60801
1185.268, 62.92778
1185.750, 62.04539
1186.232, 60.08178
1186.714, 57.97591
1187.196, 55.54197
1187.678, 54.02703
1188.160, 54.00949
1188.642, 54.45793
1189.125, 55.76923
1189.607, 56.70552
1190.089, 55.98693
1190.571, 54.66248
1191.053, 54.77110
1191.535, 56.28730
1192.017, 56.11708
1192.499, 53.46083
1192.982, 51.46789
1193.464, 50.27644
1193.946, 50.20490
1194.428, 51.83260
1194.910, 52.95773
1195.392, 51.48030
1195.874, 48.52991
1196.356, 46.82379
1196.839, 46.24237
1197.321, 44.68433
1197.803, 44.90063
1198.285, 42.50652
1198.767, 45.44401
1199.249, 47.77520
1199.731, 47.96257
1200.213, 46.29204
1200.695, 42.46831
1201.177, 38.22729
1201.660, 36.22489
1202.142, 36.00451
1202.624, 37.24576
1203.106, 39.28271
1203.588, 40.72084
1204.070, 41.42508
1204.552, 42.23103
1205.034, 43.55371
1205.517, 44.53052
1205.999, 44.97021
1206.481, 44.35329
1206.963, 40.75921
1207.445, 37.33480
1207.927, 37.21982
1208.409, 39.43641
1208.891, 42.64602
1209.374, 46.29451
1209.856, 48.07927
1210.338, 46.64197
1210.820, 45.09056
1211.302, 43.34661
1211.784, 42.30222
1212.266, 42.93403
1212.748, 43.66493
1213.230, 43.35942
1213.713, 42.44587
1214.195, 41.86762
1214.677, 41.63721
1215.159, 39.88947
1215.641, 39.89587
1216.123, 40.50342
1216.605, 38.84615
1217.087, 41.69295
1217.569, 40.94728
1218.052, 39.44518
1218.534, 39.62835
1219.016, 40.65729
1219.498, 40.76068
1219.980, 40.22967
1220.462, 40.60104
1220.944, 41.52376
1221.426, 41.48851
1221.909, 40.37392
1222.391, 38.45500
1222.873, 35.98930
1223.355, 34.40168
1223.837, 34.75816
1224.319, 36.52638
1224.801, 40.43991
1225.283, 44.31617
1225.766, 45.68159
1226.248, 45.32503
1226.730, 44.15444
1227.212, 42.62193
1227.694, 41.39171
1228.176, 40.65649
1228.658, 39.97499
1229.140, 38.93408
1229.622, 38.32322
1230.104, 38.78951
1230.587, 39.28088
1231.069, 38.75650
1231.551, 38.32844
1232.033, 39.61327
1232.515, 41.98657
1232.997, 43.08901
1233.479, 42.78548
1233.961, 41.83243
1234.444, 40.02887
1234.926, 38.15959
1235.408, 36.08815
1235.890, 35.63259
1236.372, 37.93917
1236.854, 40.61282
1237.336, 40.92762
1237.818, 39.70930
1238.301, 38.56588
1238.783, 37.78292
1239.265, 39.13074
1239.747, 41.84362
1240.229, 42.48200
1240.711, 40.92465
1241.193, 40.19529
1241.675, 41.59717
1242.157, 42.55605
1242.640, 39.82208
1243.122, 37.40845
1243.604, 40.33244
1244.086, 43.76984
1244.568, 42.02271
1245.050, 38.17842
1245.532, 37.56348
1246.014, 39.66962
1246.496, 39.79429
1246.979, 36.18975
1247.461, 34.56064
1247.943, 37.26432
1248.425, 39.90679
1248.907, 42.51277
1249.389, 43.64096
1249.871, 41.83119
1250.353, 39.36419
1250.836, 38.95411
1251.318, 39.76338
1251.800, 38.37597
1252.282, 34.50110
1252.764, 33.33725
1253.246, 34.94584
1253.728, 35.60857
1254.210, 34.71953
1254.693, 34.15420
1255.175, 34.76801
1255.657, 36.20118
1256.139, 38.58435
1256.621, 40.29109
1257.103, 37.11244
1257.585, 39.98343
1258.067, 35.19634
1258.549, 40.50956
1259.031, 41.51894
1259.514, 38.69201
1259.996, 37.32155
1260.478, 38.95002
1260.960, 39.48452
1261.442, 35.33151
1261.924, 32.47348
1262.406, 33.43322
1262.888, 35.62806
1263.371, 39.06353
1263.853, 41.86512
1264.335, 42.08254
1264.817, 40.36492
1265.299, 37.95940
1265.781, 34.70327
1266.263, 33.59014
1266.745, 35.00905
1267.228, 36.75751
1267.710, 38.72416
1268.192, 40.03477
1268.674, 40.36109
1269.156, 40.31260
1269.638, 40.33558
1270.120, 40.45722
1270.602, 41.14738
1271.084, 41.71557
1271.567, 40.15567
1272.049, 37.48506
1272.531, 35.57441
1273.013, 34.64647
1273.495, 34.49852
1273.977, 35.12484
1274.459, 37.11213
1274.941, 41.66789
1275.423, 44.20253
1275.906, 40.58759
1276.388, 37.03738
1276.870, 36.64867
1277.352, 37.37581
1277.834, 38.45243
1278.316, 39.02808
1278.798, 37.29646
1279.280, 33.88274
1279.763, 33.28965
1280.245, 36.51970
1280.727, 38.31252
1281.209, 38.37667
1281.691, 38.90206
1282.173, 40.44749
1282.655, 40.73999
1283.137, 38.56406
1283.620, 36.05597
1284.102, 35.54023
1284.584, 36.00216
1285.066, 35.94148
##END=



