##NAMES=Jarlite
##RRUFFID=R050667
##IDEAL CHEMISTRY=Na_2_(Sr,Na)_14_(Mg,[box])_2_Al_12_F_64_(OH)_4__
##LOCALITY=Ivigtut, Greenland
##OWNER=RRUFF
##SOURCE=University of Arizona Mineral Museum
##DESCRIPTION=Colorless elongated prisms
##STATUS=The identification of this mineral is confirmed by single-crystal X-ray diffraction and chemical analysis.
##URL=rruff.info/R050667
##MEASURED CHEMISTRY=lighter phase: (Na_0.65_K_0.35_)_Σ=1_(Sr_5.92_Na_0.72_Ca_0.18_Li_0.10_Ba_0.08_)_Σ=7_(Mg_0.50_[box]_0.50_)_Σ=1_Al_6.00_F_32.00_((OH)_1.18_(H2O)_0.82_)_Σ=2_; Li not measured but estimated by charge balance
105.0599, 5661.375
105.5421, 5680.049
106.0242, 5724.289
106.5063, 5762.093
106.9884, 5805.950
107.4705, 5833.139
107.9526, 5828.770
108.4348, 5792.617
108.9169, 5737.828
109.3990, 5682.415
109.8811, 5619.980
110.3632, 5568.066
110.8453, 5528.516
111.3275, 5497.196
111.8096, 5470.131
112.2917, 5445.708
112.7738, 5425.011
113.2559, 5413.396
113.7380, 5420.741
114.2202, 5425.301
114.7023, 5421.968
115.1844, 5412.390
115.6665, 5400.101
116.1486, 5386.581
116.6307, 5372.308
117.1129, 5360.865
117.5950, 5353.540
118.0771, 5347.798
118.5592, 5345.284
119.0413, 5346.655
119.5234, 5341.053
120.0056, 5312.604
120.4877, 5268.346
120.9698, 5227.207
121.4519, 5188.140
121.9340, 5156.275
122.4161, 5146.772
122.8982, 5172.975
123.3804, 5204.543
123.8625, 5227.041
124.3446, 5238.967
124.8267, 5232.596
125.3088, 5193.032
125.7909, 5116.963
126.2731, 5053.991
126.7552, 5019.412
127.2373, 4993.712
127.7194, 4969.916
128.2015, 4946.189
128.6837, 4923.428
129.1658, 4902.538
129.6479, 4882.754
130.1300, 4866.890
130.6121, 4863.106
131.0942, 4858.904
131.5764, 4840.325
132.0585, 4801.327
132.5406, 4750.391
133.0227, 4718.097
133.5048, 4728.428
133.9869, 4732.479
134.4691, 4721.167
134.9512, 4699.949
135.4333, 4677.845
135.9154, 4660.093
136.3975, 4646.862
136.8796, 4638.729
137.3618, 4636.818
137.8439, 4637.771
138.3260, 4641.105
138.8081, 4646.429
139.2902, 4652.446
139.7723, 4660.357
140.2545, 4669.251
140.7366, 4666.812
141.2187, 4644.298
141.7008, 4613.755
142.1829, 4585.192
142.6650, 4558.275
143.1472, 4540.404
143.6293, 4546.493
144.1114, 4571.249
144.5935, 4591.132
145.0756, 4588.972
145.5577, 4572.962
146.0399, 4573.904
146.5220, 4614.944
147.0041, 4651.410
147.4862, 4641.847
147.9683, 4588.517
148.4504, 4534.503
148.9326, 4518.880
149.4147, 4545.196
149.8968, 4570.789
150.3789, 4592.441
150.8610, 4608.174
151.3431, 4614.696
151.8252, 4611.509
152.3074, 4603.476
152.7895, 4596.279
153.2716, 4584.910
153.7537, 4586.490
154.2358, 4615.974
154.7179, 4650.414
155.2001, 4668.529
155.6822, 4661.176
156.1643, 4637.082
156.6464, 4623.248
157.1285, 4632.535
157.6106, 4638.143
158.0928, 4636.334
158.5749, 4629.476
159.0570, 4620.824
159.5391, 4612.255
160.0212, 4603.699
160.5033, 4594.726
160.9855, 4576.371
161.4676, 4566.468
161.9497, 4577.737
162.4318, 4603.777
162.9139, 4627.219
163.3960, 4635.680
163.8782, 4627.846
164.3603, 4610.796
164.8424, 4563.634
165.3245, 4523.741
165.8066, 4525.795
166.2887, 4569.886
166.7709, 4613.961
167.2530, 4614.426
167.7351, 4571.733
168.2172, 4541.676
168.6993, 4541.860
169.1814, 4553.021
169.6636, 4549.390
170.1457, 4524.474
170.6278, 4496.338
171.1099, 4484.660
171.5920, 4486.441
172.0741, 4490.371
172.5563, 4496.240
173.0384, 4501.354
173.5205, 4496.393
174.0026, 4473.719
174.4847, 4449.090
174.9668, 4438.985
175.4490, 4442.089
175.9311, 4442.135
176.4132, 4420.813
176.8953, 4379.015
177.3774, 4354.385
177.8595, 4361.990
178.3417, 4383.412
178.8238, 4413.437
179.3059, 4450.409
179.7880, 4481.486
180.2701, 4490.234
180.7522, 4471.695
181.2344, 4451.282
181.7165, 4424.999
182.1986, 4402.991
182.6807, 4394.766
183.1628, 4402.438
183.6449, 4416.098
184.1271, 4417.709
184.6092, 4396.503
185.0913, 4384.816
185.5734, 4390.670
186.0555, 4403.290
186.5376, 4415.280
187.0198, 4423.571
187.5019, 4427.174
187.9840, 4422.945
188.4661, 4396.367
188.9482, 4380.513
189.4303, 4379.217
189.9125, 4389.162
190.3946, 4410.784
190.8767, 4445.593
191.3588, 4486.340
191.8409, 4498.942
192.3230, 4440.882
192.8052, 4401.828
193.2873, 4407.633
193.7694, 4442.682
194.2515, 4481.142
194.7336, 4509.295
195.2157, 4526.669
195.6979, 4527.083
196.1800, 4478.163
196.6621, 4448.726
197.1442, 4483.388
197.6263, 4563.160
198.1084, 4627.595
198.5906, 4631.472
199.0727, 4579.746
199.5548, 4555.452
200.0369, 4580.879
200.5190, 4611.906
201.0011, 4617.771
201.4833, 4600.729
201.9654, 4592.395
202.4475, 4625.558
202.9296, 4692.526
203.4117, 4722.605
203.8938, 4678.474
204.3760, 4618.595
204.8581, 4599.069
205.3402, 4624.617
205.8223, 4654.583
206.3044, 4650.400
206.7865, 4622.951
207.2687, 4611.943
207.7508, 4642.109
208.2329, 4686.177
208.7150, 4703.110
209.1971, 4683.797
209.6792, 4663.938
210.1614, 4675.986
210.6435, 4709.521
211.1256, 4743.045
211.6077, 4775.112
212.0898, 4801.167
212.5719, 4808.542
213.0541, 4789.235
213.5362, 4765.833
214.0183, 4753.679
214.5004, 4749.744
214.9825, 4747.031
215.4646, 4740.321
215.9468, 4731.462
216.4289, 4728.601
216.9110, 4734.200
217.3931, 4743.271
217.8752, 4753.508
218.3573, 4764.579
218.8395, 4775.481
219.3216, 4786.076
219.8037, 4796.249
220.2858, 4805.378
220.7679, 4822.248
221.2500, 4827.221
221.7322, 4802.720
222.2143, 4757.040
222.6964, 4715.582
223.1785, 4700.906
223.6606, 4714.241
224.1427, 4726.340
224.6249, 4731.733
225.1070, 4740.932
225.5891, 4767.245
226.0712, 4803.970
226.5533, 4829.154
227.0354, 4815.720
227.5176, 4755.177
227.9997, 4715.635
228.4818, 4711.804
228.9639, 4717.385
229.4460, 4728.695
229.9281, 4741.938
230.4103, 4750.392
230.8924, 4745.983
231.3745, 4725.369
231.8566, 4706.613
232.3387, 4687.387
232.8208, 4671.639
233.3030, 4663.794
233.7851, 4662.441
234.2672, 4661.313
234.7493, 4653.054
235.2314, 4634.872
235.7135, 4619.727
236.1957, 4608.720
236.6778, 4599.267
237.1599, 4584.231
237.6420, 4566.514
238.1241, 4560.912
238.6062, 4589.564
239.0884, 4676.846
239.5705, 4715.440
240.0526, 4665.130
240.5347, 4606.768
241.0168, 4593.975
241.4989, 4628.719
241.9811, 4673.054
242.4632, 4683.157
242.9453, 4647.594
243.4274, 4608.473
243.9095, 4533.559
244.3916, 4478.848
244.8738, 4499.820
245.3559, 4593.869
245.8380, 4695.225
246.3201, 4726.110
246.8022, 4659.020
247.2843, 4601.207
247.7665, 4552.371
248.2486, 4511.588
248.7307, 4477.020
249.2128, 4448.860
249.6949, 4431.274
250.1770, 4430.788
250.6592, 4455.353
251.1413, 4469.875
251.6234, 4474.157
252.1055, 4469.288
252.5876, 4448.793
253.0697, 4414.534
253.5519, 4384.952
254.0340, 4382.445
254.5161, 4416.871
254.9982, 4441.363
255.4803, 4448.083
255.9624, 4450.200
256.4445, 4459.868
256.9267, 4478.062
257.4088, 4494.076
257.8909, 4495.525
258.3730, 4477.841
258.8551, 4467.738
259.3372, 4469.292
259.8194, 4475.803
260.3015, 4482.781
260.7836, 4489.510
261.2657, 4496.213
261.7478, 4503.554
262.2299, 4511.789
262.7121, 4516.865
263.1942, 4511.996
263.6763, 4508.327
264.1584, 4518.256
264.6405, 4542.208
265.1227, 4565.126
265.6048, 4570.004
266.0869, 4555.466
266.5690, 4558.652
267.0511, 4609.198
267.5332, 4658.527
268.0154, 4657.549
268.4975, 4605.033
268.9796, 4549.794
269.4617, 4534.072
269.9438, 4558.221
270.4259, 4570.427
270.9081, 4557.738
271.3902, 4540.879
271.8723, 4537.139
272.3544, 4546.884
272.8365, 4558.567
273.3186, 4564.538
273.8008, 4564.482
274.2829, 4561.919
274.7650, 4549.802
275.2471, 4540.480
275.7292, 4549.525
276.2113, 4575.100
276.6935, 4591.769
277.1756, 4577.110
277.6577, 4536.898
278.1398, 4515.426
278.6219, 4530.024
279.1040, 4549.350
279.5862, 4550.636
280.0683, 4535.590
280.5504, 4520.034
281.0325, 4513.612
281.5146, 4514.557
281.9967, 4513.357
282.4789, 4501.873
282.9610, 4495.559
283.4431, 4513.757
283.9252, 4550.568
284.4073, 4569.953
284.8894, 4545.152
285.3716, 4492.973
285.8537, 4468.062
286.3358, 4492.849
286.8179, 4515.590
287.3000, 4501.740
287.7821, 4459.526
288.2643, 4421.137
288.7464, 4398.390
289.2285, 4391.583
289.7106, 4399.651
290.1927, 4431.436
290.6748, 4460.797
291.1570, 4474.786
291.6391, 4476.455
292.1212, 4473.621
292.6033, 4466.792
293.0854, 4460.608
293.5675, 4465.366
294.0497, 4484.803
294.5318, 4503.171
295.0139, 4510.322
295.4960, 4511.839
295.9781, 4520.914
296.4602, 4542.622
296.9424, 4571.888
297.4245, 4599.460
297.9066, 4623.983
298.3887, 4652.637
298.8708, 4692.207
299.3529, 4736.524
299.8351, 4775.425
300.3172, 4806.539
300.7993, 4830.727
301.2814, 4845.863
301.7635, 4850.424
302.2456, 4861.035
302.7278, 4895.512
303.2099, 4933.068
303.6920, 4940.233
304.1741, 4908.243
304.6562, 4866.665
305.1383, 4848.063
305.6205, 4853.411
306.1026, 4862.768
306.5847, 4884.441
307.0668, 4903.133
307.5489, 4894.783
308.0310, 4856.575
308.5132, 4823.769
308.9953, 4833.141
309.4774, 4886.988
309.9595, 4927.598
310.4416, 4942.917
310.9237, 4951.283
311.4059, 4969.987
311.8880, 4998.439
312.3701, 5019.575
312.8522, 5016.593
313.3343, 4991.690
313.8164, 4984.951
314.2986, 5012.126
314.7807, 5042.537
315.2628, 5064.247
315.7449, 5075.353
316.2270, 5069.671
316.7091, 5038.687
317.1913, 4988.876
317.6734, 4958.490
318.1555, 4960.525
318.6376, 4964.560
319.1197, 4964.176
319.6018, 4957.311
320.0840, 4938.382
320.5661, 4903.554
321.0482, 4857.218
321.5303, 4814.063
322.0124, 4769.375
322.4945, 4733.201
322.9767, 4710.414
323.4588, 4696.798
323.9409, 4688.396
324.4230, 4684.343
324.9051, 4679.804
325.3872, 4664.435
325.8694, 4631.407
326.3515, 4599.564
326.8336, 4565.934
327.3157, 4536.345
327.7978, 4519.178
328.2799, 4516.134
328.7621, 4517.893
329.2442, 4511.297
329.7263, 4491.021
330.2084, 4475.478
330.6905, 4468.102
331.1726, 4462.770
331.6548, 4455.063
332.1369, 4444.550
332.6190, 4433.157
333.1011, 4422.252
333.5832, 4410.803
334.0653, 4406.629
334.5475, 4419.149
335.0296, 4428.955
335.5117, 4425.691
335.9938, 4411.084
336.4759, 4392.352
336.9580, 4374.395
337.4402, 4357.267
337.9223, 4344.782
338.4044, 4329.708
338.8865, 4326.797
339.3686, 4356.379
339.8507, 4398.829
340.3329, 4418.525
340.8150, 4393.371
341.2971, 4336.086
341.7792, 4301.120
342.2613, 4300.145
342.7434, 4309.560
343.2256, 4337.526
343.7077, 4369.771
344.1898, 4390.682
344.6719, 4394.203
345.1540, 4387.045
345.6361, 4382.226
346.1183, 4380.049
346.6004, 4379.953
347.0825, 4385.114
347.5646, 4389.805
348.0467, 4388.326
348.5288, 4380.244
349.0110, 4371.567
349.4931, 4370.684
349.9752, 4380.128
350.4573, 4387.233
350.9394, 4389.579
351.4215, 4391.331
351.9037, 4390.693
352.3858, 4390.112
352.8679, 4397.348
353.3500, 4425.461
353.8321, 4473.190
354.3142, 4497.736
354.7964, 4485.983
355.2785, 4464.750
355.7606, 4437.775
356.2427, 4410.316
356.7248, 4391.708
357.2069, 4388.848
357.6891, 4397.490
358.1712, 4407.377
358.6533, 4422.174
359.1354, 4429.651
359.6175, 4424.890
360.0996, 4410.822
360.5818, 4387.461
361.0639, 4350.938
361.5460, 4314.825
362.0281, 4299.876
362.5102, 4308.370
362.9923, 4317.407
363.4745, 4326.182
363.9566, 4327.320
364.4387, 4310.087
364.9208, 4270.922
365.4029, 4232.220
365.8850, 4207.320
366.3672, 4196.185
366.8493, 4201.444
367.3314, 4234.310
367.8135, 4267.961
368.2956, 4269.790
368.7777, 4242.547
369.2599, 4221.779
369.7420, 4228.280
370.2241, 4248.765
370.7062, 4260.384
371.1883, 4259.684
371.6704, 4255.820
372.1526, 4255.991
372.6347, 4259.589
373.1168, 4263.019
373.5989, 4266.979
374.0810, 4269.762
374.5631, 4266.483
375.0453, 4258.607
375.5274, 4258.327
376.0095, 4275.149
376.4916, 4304.578
376.9737, 4326.434
377.4558, 4334.233
377.9380, 4342.923
378.4201, 4361.622
378.9022, 4384.673
379.3843, 4398.979
379.8664, 4398.289
380.3485, 4391.983
380.8307, 4400.201
381.3128, 4435.894
381.7949, 4462.138
382.2770, 4470.167
382.7591, 4471.333
383.2412, 4476.316
383.7234, 4487.086
384.2055, 4498.565
384.6876, 4504.085
385.1697, 4500.515
385.6518, 4504.937
386.1339, 4521.553
386.6161, 4540.760
387.0982, 4564.280
387.5803, 4587.109
388.0624, 4596.775
388.5445, 4582.286
389.0266, 4546.700
389.5088, 4523.677
389.9909, 4525.569
390.4730, 4526.792
390.9551, 4527.559
391.4372, 4523.734
391.9193, 4509.322
392.4015, 4481.505
392.8836, 4445.953
393.3657, 4411.365
393.8478, 4371.306
394.3299, 4349.557
394.8120, 4362.956
395.2942, 4384.830
395.7763, 4401.162
396.2584, 4408.505
396.7405, 4405.620
397.2226, 4388.803
397.7047, 4358.038
398.1869, 4325.498
398.6690, 4284.195
399.1511, 4251.167
399.6332, 4240.784
400.1153, 4246.431
400.5974, 4248.673
401.0796, 4232.132
401.5617, 4206.831
402.0438, 4197.757
402.5259, 4209.753
403.0080, 4219.004
403.4901, 4211.031
403.9723, 4192.387
404.4544, 4171.341
404.9365, 4145.495
405.4186, 4123.688
405.9007, 4112.721
406.3828, 4112.057
406.8650, 4120.460
407.3471, 4140.859
407.8292, 4165.765
408.3113, 4183.714
408.7934, 4194.900
409.2755, 4200.776
409.7577, 4201.994
410.2398, 4197.931
410.7219, 4183.882
411.2040, 4159.047
411.6861, 4137.003
412.1682, 4132.338
412.6504, 4147.873
413.1325, 4160.176
413.6146, 4162.519
414.0967, 4167.883
414.5788, 4189.375
415.0609, 4221.007
415.5431, 4244.487
416.0252, 4248.055
416.5073, 4235.649
416.9894, 4225.708
417.4715, 4221.882
417.9536, 4216.182
418.4358, 4199.191
418.9179, 4184.016
419.4000, 4189.290
419.8821, 4219.187
420.3642, 4255.265
420.8463, 4267.267
421.3285, 4242.014
421.8106, 4228.845
422.2927, 4240.022
422.7748, 4251.841
423.2569, 4249.770
423.7390, 4236.983
424.2212, 4227.924
424.7033, 4235.674
425.1854, 4256.731
425.6675, 4269.201
426.1496, 4268.276
426.6317, 4266.430
427.1139, 4274.214
427.5960, 4282.064
428.0781, 4274.868
428.5602, 4243.077
429.0423, 4207.257
429.5244, 4197.018
430.0066, 4213.081
430.4887, 4221.653
430.9708, 4208.307
431.4529, 4188.094
431.9350, 4177.497
432.4171, 4176.773
432.8993, 4180.503
433.3814, 4190.618
433.8635, 4202.367
434.3456, 4208.878
434.8277, 4209.844
435.3098, 4199.828
435.7920, 4166.397
436.2741, 4113.039
436.7562, 4083.563
437.2383, 4098.325
437.7204, 4119.936
438.2025, 4123.985
438.6847, 4116.488
439.1668, 4119.770
439.6489, 4147.354
440.1310, 4185.315
440.6131, 4195.349
441.0952, 4146.169
441.5774, 4112.838
442.0595, 4105.013
442.5416, 4110.779
443.0237, 4125.245
443.5058, 4144.563
443.9879, 4157.958
444.4701, 4151.507
444.9522, 4121.215
445.4343, 4099.740
445.9164, 4080.060
446.3985, 4076.751
446.8806, 4112.684
447.3628, 4166.515
447.8449, 4197.920
448.3270, 4181.497
448.8091, 4138.663
449.2912, 4125.023
449.7733, 4153.199
450.2555, 4175.526
450.7376, 4179.790
451.2197, 4173.382
451.7018, 4157.539
452.1839, 4132.748
452.6660, 4109.883
453.1482, 4097.878
453.6303, 4095.321
454.1124, 4096.603
454.5945, 4102.878
455.0766, 4109.036
455.5587, 4116.527
456.0409, 4121.821
456.5230, 4110.392
457.0051, 4053.080
457.4872, 3997.282
457.9693, 3992.435
458.4514, 4030.766
458.9336, 4068.471
459.4156, 4087.255
459.8978, 4088.908
460.3799, 4073.990
460.8620, 4024.255
461.3441, 3994.861
461.8262, 4015.386
462.3083, 4050.277
462.7905, 4060.127
463.2726, 4038.844
463.7547, 4008.355
464.2368, 3991.265
464.7189, 3989.300
465.2010, 3985.823
465.6832, 3968.429
466.1653, 3962.735
466.6474, 3989.308
467.1295, 4030.718
467.6116, 4058.874
468.0938, 4059.149
468.5759, 4040.436
469.0580, 4021.569
469.5401, 4002.640
470.0222, 3983.142
470.5043, 3956.216
470.9865, 3933.779
471.4686, 3927.189
471.9507, 3935.661
472.4328, 3943.554
472.9149, 3935.856
473.3970, 3917.818
473.8792, 3908.503
474.3613, 3909.740
474.8434, 3916.758
475.3255, 3931.998
475.8076, 3950.297
476.2897, 3960.361
476.7719, 3954.576
477.2540, 3947.805
477.7361, 3953.470
478.2182, 3966.811
478.7003, 3971.429
479.1824, 3959.879
479.6646, 3944.259
480.1467, 3944.959
480.6288, 3970.281
481.1109, 3985.353
481.5930, 3977.714
482.0751, 3967.659
482.5573, 3972.255
483.0394, 3989.162
483.5215, 4003.229
484.0036, 4002.761
484.4857, 3990.737
484.9678, 3987.272
485.4500, 4003.419
485.9321, 4013.485
486.4142, 4005.862
486.8963, 3995.335
487.3784, 3998.738
487.8605, 4019.373
488.3427, 4042.732
488.8248, 4048.369
489.3069, 4034.968
489.7890, 4037.657
490.2711, 4073.935
490.7532, 4105.254
491.2354, 4104.404
491.7175, 4083.295
492.1996, 4069.970
492.6817, 4077.859
493.1638, 4095.462
493.6459, 4114.752
494.1281, 4134.738
494.6102, 4139.133
495.0923, 4115.470
495.5744, 4080.594
496.0565, 4064.318
496.5386, 4068.220
497.0208, 4076.782
497.5029, 4086.383
497.9850, 4098.913
498.4671, 4118.670
498.9492, 4144.667
499.4313, 4168.723
499.9135, 4183.387
500.3956, 4189.723
500.8777, 4203.082
501.3598, 4222.137
501.8419, 4249.836
502.3240, 4300.406
502.8062, 4353.519
503.2883, 4381.246
503.7704, 4377.160
504.2525, 4368.351
504.7346, 4394.704
505.2167, 4463.125
505.6989, 4516.380
506.1810, 4547.750
506.6631, 4568.743
507.1452, 4573.592
507.6273, 4573.378
508.1094, 4593.229
508.5916, 4652.329
509.0737, 4725.789
509.5558, 4778.361
510.0379, 4810.625
510.5200, 4846.014
511.0021, 4894.679
511.4843, 4947.599
511.9664, 4988.461
512.4485, 5014.411
512.9306, 5050.027
513.4127, 5105.015
513.8948, 5170.045
514.3770, 5240.167
514.8591, 5313.055
515.3412, 5380.683
515.8233, 5437.173
516.3054, 5483.965
516.7875, 5528.671
517.2697, 5564.110
517.7518, 5606.787
518.2339, 5670.898
518.7160, 5736.009
519.1981, 5778.564
519.6802, 5796.039
520.1624, 5808.931
520.6445, 5842.353
521.1266, 5897.103
521.6087, 5940.510
522.0908, 5973.487
522.5729, 5992.328
523.0551, 5991.211
523.5372, 5977.789
524.0193, 5963.333
524.5014, 5950.304
524.9835, 5939.333
525.4656, 5936.484
525.9478, 5938.218
526.4299, 5925.086
526.9120, 5890.769
527.3941, 5843.883
527.8762, 5790.149
528.3583, 5728.991
528.8405, 5677.093
529.3226, 5646.880
529.8047, 5616.583
530.2868, 5569.057
530.7689, 5509.188
531.2510, 5452.195
531.7332, 5406.010
532.2153, 5365.923
532.6974, 5319.506
533.1795, 5255.916
533.6616, 5206.344
534.1437, 5184.520
534.6259, 5163.946
535.1080, 5124.414
535.5901, 5069.787
536.0722, 5020.294
536.5543, 4992.325
537.0364, 4979.053
537.5186, 4959.512
538.0007, 4932.050
538.4828, 4904.333
538.9649, 4877.275
539.4470, 4852.801
539.9291, 4834.219
540.4113, 4822.636
540.8934, 4810.646
541.3755, 4797.813
541.8576, 4781.083
542.3397, 4752.156
542.8218, 4710.680
543.3040, 4672.180
543.7861, 4649.075
544.2682, 4639.224
544.7503, 4624.505
545.2324, 4603.446
545.7145, 4580.030
546.1967, 4550.989
546.6788, 4522.215
547.1609, 4499.702
547.6430, 4484.954
548.1251, 4476.350
548.6072, 4476.022
549.0894, 4484.877
549.5715, 4471.967
550.0536, 4414.428
550.5357, 4368.019
551.0178, 4362.917
551.4999, 4376.286
551.9821, 4376.710
552.4642, 4353.979
552.9463, 4322.218
553.4284, 4286.504
553.9105, 4251.092
554.3926, 4238.153
554.8748, 4257.167
555.3569, 4278.686
555.8390, 4273.066
556.3211, 4240.520
556.8032, 4218.042
557.2853, 4213.951
557.7675, 4211.877
558.2496, 4208.267
558.7317, 4200.515
559.2138, 4181.677
559.6959, 4149.797
560.1780, 4115.982
560.6602, 4097.860
561.1423, 4099.442
561.6244, 4100.793
562.1065, 4104.935
562.5886, 4105.765
563.0707, 4099.490
563.5529, 4088.668
564.0350, 4076.797
564.5171, 4063.862
564.9992, 4055.095
565.4813, 4064.160
565.9634, 4089.072
566.4456, 4095.067
566.9277, 4067.264
567.4098, 4030.913
567.8919, 4015.370
568.3740, 4018.028
568.8561, 4013.280
569.3383, 3983.950
569.8204, 3958.407
570.3025, 3961.322
570.7846, 3982.376
571.2667, 3995.583
571.7488, 3990.081
572.2310, 3974.269
572.7131, 3962.656
573.1952, 3955.564
573.6773, 3951.880
574.1594, 3956.792
574.6415, 3959.803
575.1237, 3951.769
575.6058, 3938.802
576.0879, 3935.109
576.5700, 3950.078
577.0521, 3970.757
577.5342, 3975.027
578.0164, 3962.756
578.4985, 3955.272
578.9806, 3958.988
579.4627, 3966.809
579.9448, 3973.553
580.4269, 3979.051
580.9091, 3978.567
581.3912, 3963.133
581.8733, 3948.769
582.3554, 3947.954
582.8375, 3957.075
583.3196, 3966.536
583.8018, 3972.361
584.2839, 3976.134
584.7660, 3981.185
585.2481, 3990.709
585.7302, 3992.109
586.2123, 3976.915
586.6945, 3962.554
587.1766, 3951.923
587.6587, 3948.142
588.1408, 3958.616
588.6229, 3990.682
589.1050, 4025.586
589.5872, 4031.260
590.0693, 4009.144
590.5514, 3999.491
591.0335, 4015.321
591.5156, 4037.053
591.9977, 4042.490
592.4799, 4034.500
592.9620, 4035.522
593.4441, 4058.654
593.9262, 4081.579
594.4083, 4087.282
594.8904, 4083.903
595.3726, 4091.541
595.8547, 4116.915
596.3368, 4142.111
596.8189, 4137.794
597.3010, 4093.699
597.7831, 4069.366
598.2653, 4078.153
598.7474, 4093.981
599.2295, 4113.349
599.7116, 4133.242
600.1937, 4150.549
600.6758, 4164.337
601.1580, 4173.723
601.6401, 4179.126
602.1222, 4179.692
602.6043, 4166.879
603.0864, 4134.251
603.5685, 4108.287
604.0507, 4116.750
604.5328, 4155.236
605.0149, 4174.536
605.4970, 4163.678
605.9791, 4146.817
606.4612, 4122.664
606.9434, 4101.564
607.4255, 4101.968
607.9076, 4125.185
608.3897, 4148.377
608.8718, 4145.205
609.3539, 4116.412
609.8361, 4098.098
610.3182, 4095.788
610.8003, 4094.851
611.2824, 4091.575
611.7645, 4086.593
612.2466, 4080.035
612.7288, 4071.798
613.2109, 4064.004
613.6930, 4056.390
614.1751, 4050.738
614.6572, 4053.678
615.1393, 4065.301
615.6215, 4069.461
616.1036, 4052.850
616.5857, 4023.753
617.0678, 4012.185
617.5499, 4047.048
618.0320, 4059.123
618.5142, 4020.749
618.9963, 3977.630
619.4784, 3967.820
619.9605, 3987.573
620.4426, 4009.311
620.9247, 4015.797
621.4069, 4008.647
621.8890, 3988.122
622.3711, 3950.506
622.8532, 3921.423
623.3353, 3908.341
623.8174, 3905.773
624.2996, 3909.134
624.7817, 3918.065
625.2638, 3927.529
625.7459, 3942.818
626.2280, 3952.434
626.7101, 3945.609
627.1923, 3925.816
627.6744, 3900.035
628.1565, 3870.967
628.6386, 3844.579
629.1207, 3832.466
629.6028, 3840.564
630.0850, 3838.912
630.5671, 3806.331
631.0492, 3786.100
631.5313, 3806.813
632.0134, 3844.313
632.4955, 3858.428
632.9777, 3833.135
633.4598, 3801.419
633.9419, 3800.049
634.4240, 3818.598
634.9061, 3819.093
635.3882, 3794.244
635.8704, 3769.137
636.3525, 3763.582
636.8346, 3773.894
637.3167, 3776.251
637.7988, 3763.282
638.2809, 3753.293
638.7631, 3749.891
639.2452, 3750.384
639.7273, 3756.860
640.2094, 3766.160
640.6915, 3766.714
641.1736, 3748.298
641.6558, 3715.431
642.1379, 3680.933
642.6200, 3640.891
643.1021, 3617.436
643.5842, 3628.379
644.0663, 3648.138
644.5485, 3648.556
645.0306, 3630.196
645.5127, 3612.417
645.9948, 3592.857
646.4769, 3582.549
646.9590, 3599.502
647.4412, 3632.550
647.9233, 3653.389
648.4054, 3650.885
648.8875, 3635.691
649.3696, 3622.669
649.8517, 3611.655
650.3339, 3604.246
650.8160, 3606.749
651.2981, 3605.329
651.7802, 3587.835
652.2623, 3566.629
652.7444, 3562.298
653.2266, 3582.852
653.7087, 3600.981
654.1908, 3586.600
654.6729, 3556.478
655.1550, 3552.145
655.6371, 3577.583
656.1193, 3597.779
656.6014, 3587.658
657.0835, 3556.713
657.5656, 3541.058
658.0477, 3557.909
658.5298, 3566.828
659.0120, 3570.034
659.4941, 3563.229
659.9762, 3531.734
660.4583, 3486.738
660.9404, 3461.549
661.4225, 3479.996
661.9047, 3517.255
662.3868, 3528.616
662.8689, 3515.093
663.3510, 3508.133
663.8331, 3516.998
664.3152, 3528.317
664.7974, 3527.422
665.2795, 3515.234
665.7616, 3511.585
666.2437, 3527.603
666.7258, 3539.773
667.2079, 3535.719
667.6901, 3524.825
668.1722, 3519.440
668.6543, 3521.579
669.1364, 3523.832
669.6185, 3517.972
670.1006, 3506.261
670.5828, 3504.792
671.0649, 3519.386
671.5470, 3524.393
672.0291, 3501.317
672.5112, 3472.533
672.9933, 3466.007
673.4755, 3482.831
673.9576, 3493.892
674.4397, 3482.145
674.9218, 3469.112
675.4039, 3475.505
675.8860, 3493.958
676.3682, 3505.724
676.8503, 3503.506
677.3324, 3493.370
677.8145, 3483.729
678.2966, 3474.775
678.7787, 3464.691
679.2609, 3451.486
679.7430, 3440.302
680.2251, 3431.595
680.7072, 3426.574
681.1893, 3428.295
681.6714, 3438.317
682.1536, 3447.243
682.6357, 3448.067
683.1178, 3445.695
683.5999, 3447.679
684.0820, 3453.488
684.5641, 3456.533
685.0463, 3452.981
685.5284, 3445.615
686.0105, 3441.300
686.4926, 3443.112
686.9747, 3440.592
687.4568, 3420.426
687.9390, 3409.350
688.4211, 3431.318
688.9032, 3467.592
689.3853, 3481.012
689.8674, 3455.267
690.3495, 3422.155
690.8317, 3405.152
691.3138, 3401.188
691.7959, 3405.692
692.2780, 3417.669
692.7601, 3431.663
693.2422, 3444.922
693.7244, 3455.948
694.2065, 3458.623
694.6886, 3449.057
695.1707, 3437.082
695.6528, 3416.803
696.1349, 3399.996
696.6171, 3397.693
697.0992, 3404.754
697.5813, 3406.126
698.0634, 3392.107
698.5455, 3376.265
699.0276, 3379.482
699.5098, 3394.645
699.9919, 3394.278
700.4740, 3372.479
700.9561, 3342.778
701.4382, 3311.692
701.9203, 3282.322
702.4025, 3279.546
702.8846, 3338.541
703.3667, 3377.539
703.8488, 3378.862
704.3309, 3367.767
704.8130, 3361.609
705.2952, 3360.923
705.7773, 3358.207
706.2594, 3348.330
706.7415, 3335.763
707.2236, 3324.877
707.7057, 3316.309
708.1879, 3315.108
708.6700, 3323.218
709.1521, 3334.425
709.6342, 3344.000
710.1163, 3351.809
710.5984, 3353.978
711.0806, 3345.897
711.5627, 3338.565
712.0448, 3333.227
712.5269, 3329.536
713.0090, 3328.722
713.4911, 3329.647
713.9733, 3327.419
714.4554, 3315.509
714.9375, 3302.858
715.4196, 3309.815
715.9017, 3332.667
716.3839, 3338.986
716.8660, 3317.825
717.3481, 3290.095
717.8302, 3275.008
718.3123, 3272.625
718.7944, 3276.368
719.2766, 3295.066
719.7587, 3307.975
720.2408, 3309.698
720.7229, 3305.403
721.2050, 3299.145
721.6871, 3291.623
722.1693, 3281.780
722.6514, 3265.683
723.1335, 3250.195
723.6156, 3248.734
724.0977, 3259.459
724.5798, 3269.354
725.0620, 3275.394
725.5441, 3277.743
726.0262, 3275.764
726.5083, 3269.455
726.9904, 3265.496
727.4725, 3262.989
727.9547, 3263.888
728.4368, 3277.255
728.9189, 3287.954
729.4010, 3276.696
729.8831, 3247.230
730.3652, 3225.688
730.8474, 3231.849
731.3295, 3250.373
731.8116, 3262.386
732.2937, 3267.642
732.7758, 3262.442
733.2579, 3244.573
733.7401, 3226.250
734.2222, 3219.765
734.7043, 3224.686
735.1864, 3229.536
735.6685, 3239.768
736.1506, 3242.406
736.6328, 3225.733
737.1149, 3208.851
737.5970, 3210.565
738.0791, 3227.844
738.5612, 3240.290
739.0433, 3235.813
739.5255, 3223.670
740.0076, 3212.470
740.4897, 3202.280
740.9718, 3193.195
741.4539, 3185.214
741.9360, 3178.983
742.4182, 3174.741
742.9003, 3176.923
743.3824, 3176.275
743.8645, 3189.179
744.3466, 3200.707
744.8287, 3214.100
745.3109, 3221.955
745.7930, 3217.763
746.2751, 3203.341
746.7572, 3185.337
747.2393, 3158.839
747.7214, 3140.608
748.2036, 3149.105
748.6857, 3174.610
749.1678, 3203.317
749.6499, 3230.999
750.1320, 3246.165
750.6141, 3238.616
751.0963, 3214.090
751.5784, 3195.449
752.0605, 3184.968
752.5426, 3173.765
753.0247, 3156.561
753.5068, 3142.936
753.9890, 3138.817
754.4711, 3142.589
754.9532, 3150.189
755.4353, 3163.955
755.9174, 3175.562
756.3995, 3179.005
756.8817, 3179.005
757.3638, 3181.786
757.8459, 3187.179
758.3280, 3190.912
758.8101, 3190.308
759.2922, 3186.718
759.7744, 3182.639
760.2565, 3177.999
760.7386, 3173.805
761.2207, 3170.010
761.7028, 3167.111
762.1849, 3168.387
762.6671, 3170.053
763.1492, 3160.656
763.6313, 3127.413
764.1134, 3112.261
764.5955, 3147.222
765.0776, 3184.115
765.5598, 3181.937
766.0419, 3152.193
766.5240, 3127.276
767.0061, 3121.147
767.4882, 3124.185
767.9703, 3127.284
768.4525, 3129.503
768.9346, 3122.174
769.4167, 3102.780
769.8988, 3093.591
770.3809, 3111.362
770.8630, 3138.619
771.3452, 3139.123
771.8273, 3096.611
772.3094, 3074.851
772.7915, 3089.082
773.2736, 3106.109
773.7557, 3117.851
774.2379, 3121.940
774.7200, 3110.681
775.2021, 3083.636
775.6842, 3066.244
776.1663, 3088.694
776.6484, 3126.625
777.1306, 3140.935
777.6127, 3134.074
778.0948, 3121.915
778.5769, 3109.674
779.0590, 3099.246
779.5411, 3092.746
780.0233, 3090.152
780.5054, 3093.296
780.9875, 3108.236
781.4696, 3118.869
781.9517, 3120.603
782.4338, 3117.238
782.9160, 3110.487
783.3981, 3100.901
783.8802, 3091.217
784.3623, 3080.618
784.8444, 3072.065
785.3265, 3068.911
785.8087, 3068.435
786.2908, 3067.031
786.7729, 3063.748
787.2550, 3057.843
787.7371, 3047.797
788.2192, 3036.621
788.7014, 3032.901
789.1835, 3036.832
789.6656, 3048.150
790.1477, 3072.700
790.6298, 3091.656
791.1119, 3085.834
791.5941, 3061.780
792.0762, 3050.777
792.5583, 3067.688
793.0404, 3073.732
793.5225, 3053.695
794.0046, 3029.386
794.4868, 3013.413
794.9689, 3006.279
795.4510, 3005.306
795.9331, 3009.590
796.4152, 3018.440
796.8973, 3037.580
797.3795, 3059.518
797.8616, 3062.008
798.3437, 3044.602
798.8258, 3025.570
799.3079, 3012.692
799.7900, 3008.262
800.2722, 3019.388
800.7543, 3054.210
801.2364, 3066.421
801.7185, 3038.400
802.2006, 3011.460
802.6827, 2996.744
803.1649, 2990.837
803.6470, 2991.903
804.1291, 2999.656
804.6112, 3008.063
805.0933, 3014.440
805.5754, 3021.085
806.0576, 3033.851
806.5397, 3046.647
807.0218, 3046.029
807.5039, 3030.716
807.9860, 3015.406
808.4681, 3013.671
808.9503, 3021.459
809.4324, 3027.848
809.9145, 3033.224
810.3966, 3028.938
810.8787, 3009.470
811.3608, 2989.304
811.8430, 2980.593
812.3251, 2982.204
812.8072, 2985.761
813.2893, 2992.349
813.7714, 2999.210
814.2535, 3010.948
814.7357, 3018.474
815.2178, 3013.170
815.6999, 2999.233
816.1820, 2986.601
816.6641, 2978.730
817.1462, 2973.435
817.6284, 2967.724
818.1105, 2963.999
818.5926, 2969.366
819.0747, 2981.642
819.5568, 2987.165
820.0389, 2979.212
820.5211, 2967.361
821.0032, 2967.111
821.4853, 2979.150
821.9674, 2992.891
822.4495, 3013.437
822.9316, 3022.377
823.4138, 3006.730
823.8959, 2981.038
824.3780, 2964.732
824.8601, 2958.044
825.3422, 2946.446
825.8243, 2920.648
826.3065, 2898.827
826.7886, 2883.691
827.2707, 2878.862
827.7528, 2895.686
828.2349, 2928.893
828.7170, 2951.935
829.1992, 2945.295
829.6813, 2926.480
830.1633, 2912.317
830.6454, 2905.584
831.1276, 2921.218
831.6097, 2960.419
832.0918, 2995.927
832.5739, 3008.855
833.0560, 3006.104
833.5381, 3007.460
834.0203, 3017.229
834.5024, 3015.315
834.9845, 2989.930
835.4666, 2968.911
835.9487, 2976.731
836.4308, 2993.011
836.9130, 2983.883
837.3951, 2940.442
837.8772, 2910.824
838.3593, 2913.950
838.8414, 2926.980
839.3235, 2944.289
839.8057, 2958.891
840.2878, 2960.722
840.7699, 2948.428
841.2520, 2930.950
841.7341, 2909.193
842.2162, 2891.932
842.6984, 2904.251
843.1805, 2938.377
843.6626, 2950.757
844.1447, 2930.678
844.6268, 2905.253
845.1089, 2896.552
845.5911, 2902.170
846.0732, 2912.901
846.5553, 2936.247
847.0374, 2943.543
847.5195, 2918.858
848.0016, 2893.893
848.4838, 2887.488
848.9659, 2893.264
849.4480, 2900.809
849.9301, 2912.761
850.4122, 2915.355
850.8943, 2892.065
851.3765, 2870.601
851.8586, 2872.633
852.3407, 2889.081
852.8228, 2905.885
853.3049, 2918.075
853.7870, 2921.676
854.2692, 2905.033
854.7513, 2881.528
855.2334, 2880.042
855.7155, 2895.604
856.1976, 2903.914
856.6797, 2898.435
857.1619, 2886.368
857.6440, 2873.061
858.1261, 2859.679
858.6082, 2853.157
859.0903, 2856.809
859.5724, 2856.407
860.0546, 2847.995
860.5367, 2838.158
861.0188, 2830.754
861.5009, 2825.218
861.9830, 2819.641
862.4651, 2811.199
862.9473, 2809.633
863.4294, 2826.154
863.9115, 2840.512
864.3936, 2838.892
864.8757, 2827.549
865.3578, 2815.409
865.8400, 2805.276
866.3221, 2800.726
866.8042, 2805.584
867.2863, 2816.660
867.7684, 2832.540
868.2505, 2850.842
868.7327, 2866.554
869.2148, 2877.953
869.6969, 2879.342
870.1790, 2863.521
870.6611, 2837.506
871.1432, 2826.829
871.6254, 2833.389
872.1075, 2840.313
872.5896, 2845.869
873.0717, 2850.208
873.5538, 2852.381
874.0359, 2853.904
874.5181, 2859.327
875.0002, 2837.700
875.4823, 2877.693
875.9644, 2898.297
876.4465, 2900.559
876.9286, 2829.312
877.4108, 2853.159
877.8929, 2839.005
878.3750, 2823.365
878.8571, 2860.815
879.3392, 2800.652
879.8214, 2837.412
880.3035, 2835.590
880.7856, 2851.537
881.2677, 2829.246
881.7498, 2818.865
882.2319, 2846.887
882.7141, 2853.763
883.1962, 2827.365
883.6783, 2844.894
884.1604, 2784.153
884.6425, 2792.238
885.1246, 2830.061
885.6068, 2805.969
886.0889, 2824.579
886.5710, 2827.031
887.0531, 2755.785
887.5352, 2812.916
888.0173, 2814.637
888.4995, 2759.461
888.9816, 2812.425
889.4637, 2765.256
889.9458, 2753.932
890.4279, 2769.601
890.9100, 2757.286
891.3922, 2789.288
891.8743, 2778.745
892.3564, 2764.471
892.8385, 2766.890
893.3206, 2722.295
893.8027, 2765.140
894.2849, 2748.383
894.7670, 2761.367
895.2491, 2781.150
895.7312, 2749.527
896.2133, 2772.483
896.6954, 2710.993
897.1776, 2720.302
897.6597, 2722.072
898.1418, 2769.123
898.6239, 2708.349
899.1060, 2715.998
899.5881, 2738.421
900.0703, 2723.394
900.5524, 2712.326
901.0345, 2717.913
901.5166, 2705.793
901.9987, 2718.957
902.4808, 2735.749
902.9630, 2738.852
903.4451, 2731.234
903.9272, 2725.280
904.4093, 2723.872
904.8914, 2718.046
905.3735, 2702.911
905.8557, 2688.997
906.3378, 2678.670
906.8199, 2673.156
907.3020, 2676.696
907.7841, 2691.050
908.2662, 2699.153
908.7484, 2691.477
909.2305, 2683.025
909.7126, 2681.704
910.1947, 2683.278
910.6768, 2681.325
911.1589, 2676.486
911.6411, 2675.429
912.1232, 2682.173
912.6053, 2692.930
913.0874, 2711.706
913.5695, 2728.377
914.0516, 2718.944
914.5338, 2687.884
915.0159, 2664.004
915.4980, 2660.744
915.9801, 2667.217
916.4622, 2670.019
916.9443, 2669.448
917.4265, 2666.200
917.9086, 2660.035
918.3907, 2658.074
918.8728, 2662.939
919.3549, 2670.819
919.8370, 2679.062
920.3192, 2686.864
920.8013, 2687.525
921.2834, 2674.222
921.7655, 2670.935
922.2476, 2692.048
922.7297, 2707.661
923.2119, 2693.645
923.6940, 2665.884
924.1761, 2651.448
924.6582, 2653.040
925.1403, 2659.659
925.6224, 2680.354
926.1046, 2693.357
926.5867, 2684.663
927.0688, 2666.475
927.5509, 2647.589
928.0330, 2631.933
928.5151, 2629.436
928.9973, 2655.284
929.4794, 2677.669
929.9615, 2668.039
930.4436, 2644.946
930.9257, 2628.086
931.4078, 2620.324
931.8900, 2623.150
932.3721, 2637.143
932.8542, 2651.715
933.3363, 2654.576
933.8184, 2649.053
934.3005, 2643.071
934.7827, 2636.737
935.2648, 2628.770
935.7469, 2618.809
936.2290, 2612.106
936.7111, 2613.565
937.1932, 2621.625
937.6754, 2631.842
938.1575, 2644.822
938.6396, 2656.079
939.1217, 2668.605
939.6038, 2666.891
940.0859, 2636.707
940.5681, 2594.175
941.0502, 2568.053
941.5323, 2559.684
942.0144, 2560.978
942.4965, 2577.801
942.9786, 2595.956
943.4608, 2622.149
943.9429, 2640.612
944.4250, 2632.192
944.9071, 2603.537
945.3892, 2585.124
945.8713, 2584.784
946.3535, 2589.094
946.8356, 2604.259
947.3177, 2613.423
947.7998, 2595.497
948.2819, 2567.095
948.7640, 2558.507
949.2462, 2576.454
949.7283, 2596.877
950.2104, 2612.366
950.6925, 2617.788
951.1746, 2600.248
951.6567, 2573.303
952.1389, 2560.914
952.6210, 2563.277
953.1031, 2561.885
953.5852, 2544.814
954.0673, 2525.314
954.5494, 2520.115
955.0316, 2526.529
955.5137, 2542.458
955.9958, 2564.859
956.4779, 2575.910
956.9600, 2568.996
957.4421, 2556.111
957.9243, 2550.274
958.4064, 2549.977
958.8885, 2548.170
959.3706, 2544.703
959.8527, 2541.473
960.3348, 2537.565
960.8170, 2540.939
961.2991, 2559.856
961.7812, 2584.831
962.2633, 2592.891
962.7454, 2579.947
963.2275, 2568.014
963.7097, 2553.382
964.1918, 2547.639
964.6739, 2563.586
965.1560, 2580.989
965.6381, 2578.505
966.1202, 2557.237
966.6024, 2533.863
967.0845, 2495.972
967.5666, 2474.303
968.0487, 2482.976
968.5308, 2497.124
969.0129, 2500.651
969.4951, 2501.408
969.9772, 2517.615
970.4593, 2553.952
970.9414, 2575.282
971.4235, 2556.485
971.9056, 2535.729
972.3878, 2536.919
972.8699, 2543.852
973.3520, 2536.337
973.8341, 2516.335
974.3162, 2498.442
974.7983, 2486.770
975.2805, 2486.182
975.7626, 2513.059
976.2447, 2543.447
976.7268, 2546.997
977.2089, 2530.822
977.6910, 2511.603
978.1732, 2495.656
978.6553, 2488.871
979.1374, 2499.839
979.6195, 2517.099
980.1016, 2521.917
980.5837, 2517.807
981.0659, 2512.342
981.5480, 2507.711
982.0301, 2511.466
982.5122, 2527.876
982.9943, 2546.003
983.4764, 2546.140
983.9586, 2533.221
984.4407, 2539.677
984.9228, 2565.164
985.4049, 2584.076
985.8870, 2590.112
986.3691, 2585.692
986.8513, 2570.290
987.3334, 2550.326
987.8155, 2547.039
988.2976, 2563.844
988.7797, 2573.513
989.2618, 2572.307
989.7440, 2573.729
990.2261, 2586.845
990.7082, 2598.711
991.1903, 2591.307
991.6724, 2565.249
992.1545, 2548.240
992.6367, 2547.098
993.1188, 2541.024
993.6009, 2524.180
994.0830, 2506.208
994.5651, 2491.927
995.0472, 2480.709
995.5294, 2470.587
996.0115, 2460.215
996.4936, 2456.791
996.9757, 2473.142
997.4578, 2480.213
997.9399, 2457.891
998.4221, 2433.443
998.9042, 2434.865
999.3863, 2454.749
999.8684, 2461.326
1000.351, 2441.094
1000.833, 2425.906
1001.315, 2424.607
1001.797, 2430.703
1002.279, 2450.023
1002.761, 2468.909
1003.243, 2466.378
1003.725, 2442.401
1004.207, 2420.841
1004.690, 2411.001
1005.172, 2407.752
1005.654, 2414.127
1006.136, 2420.812
1006.618, 2416.085
1007.100, 2404.203
1007.582, 2396.100
1008.064, 2395.172
1008.547, 2397.382
1009.029, 2400.733
1009.511, 2404.959
1009.993, 2412.406
1010.475, 2419.283
1010.957, 2419.845
1011.439, 2413.405
1011.921, 2399.178
1012.403, 2375.683
1012.886, 2356.996
1013.368, 2361.662
1013.850, 2380.142
1014.332, 2400.392
1014.814, 2418.742
1015.296, 2424.930
1015.778, 2417.498
1016.260, 2404.136
1016.742, 2388.661
1017.225, 2377.218
1017.707, 2387.445
1018.189, 2410.578
1018.671, 2409.985
1019.153, 2386.858
1019.635, 2373.454
1020.117, 2381.652
1020.599, 2394.564
1021.082, 2394.456
1021.564, 2396.256
1022.046, 2382.578
1022.528, 2384.957
1023.010, 2378.380
1023.492, 2360.434
1023.974, 2356.348
1024.456, 2381.709
1024.938, 2411.633
1025.421, 2405.238
1025.903, 2367.065
1026.385, 2358.772
1026.867, 2385.101
1027.349, 2393.813
1027.831, 2370.253
1028.313, 2348.917
1028.795, 2354.084
1029.278, 2375.019
1029.760, 2388.790
1030.242, 2395.475
1030.724, 2393.386
1031.206, 2378.298
1031.688, 2370.684
1032.170, 2381.952
1032.652, 2388.469
1033.135, 2364.437
1033.617, 2321.777
1034.099, 2307.503
1034.581, 2334.901
1035.063, 2353.039
1035.545, 2364.617
1036.027, 2358.973
1036.509, 2315.722
1036.991, 2274.218
1037.474, 2282.849
1037.956, 2335.582
1038.438, 2369.395
1038.920, 2383.157
1039.402, 2379.740
1039.884, 2349.629
1040.366, 2314.932
1040.848, 2268.882
1041.330, 2234.649
1041.813, 2253.407
1042.295, 2328.875
1042.777, 2376.237
1043.259, 2386.769
1043.741, 2382.048
1044.223, 2342.315
1044.705, 2310.811
1045.187, 2320.982
1045.670, 2351.090
1046.152, 2363.566
1046.634, 2355.012
1047.116, 2343.936
1047.598, 2321.458
1048.080, 2310.739
1048.562, 2331.390
1049.044, 2351.906
1049.526, 2344.769
1050.009, 2321.644
1050.491, 2312.148
1050.973, 2323.527
1051.455, 2329.675
1051.937, 2316.367
1052.419, 2309.917
1052.901, 2334.530
1053.383, 2357.459
1053.865, 2340.282
1054.348, 2297.003
1054.830, 2276.711
1055.312, 2296.562
1055.794, 2312.483
1056.276, 2309.338
1056.758, 2305.102
1057.240, 2308.859
1057.722, 2315.356
1058.205, 2323.149
1058.687, 2328.708
1059.169, 2317.918
1059.651, 2272.599
1060.133, 2246.589
1060.615, 2278.216
1061.097, 2310.403
1061.579, 2304.454
1062.062, 2283.006
1062.544, 2275.731
1063.026, 2283.959
1063.508, 2291.146
1063.990, 2291.406
1064.472, 2291.292
1064.954, 2297.277
1065.436, 2299.606
1065.918, 2287.388
1066.401, 2269.404
1066.883, 2256.613
1067.365, 2251.252
1067.847, 2254.490
1068.329, 2275.208
1068.811, 2291.576
1069.293, 2291.750
1069.775, 2286.176
1070.257, 2282.268
1070.740, 2278.627
1071.222, 2271.075
1071.704, 2259.281
1072.186, 2248.928
1072.668, 2238.304
1073.150, 2234.852
1073.632, 2250.259
1074.114, 2266.856
1074.597, 2267.183
1075.079, 2258.231
1075.561, 2255.704
1076.043, 2262.508
1076.525, 2265.646
1077.007, 2250.730
1077.489, 2241.826
1077.971, 2256.349
1078.453, 2277.575
1078.936, 2297.322
1079.418, 2309.479
1079.900, 2301.987
1080.382, 2272.224
1080.864, 2245.165
1081.346, 2222.115
1081.828, 2216.945
1082.310, 2262.452
1082.792, 2307.737
1083.275, 2291.792
1083.757, 2239.833
1084.239, 2217.590
1084.721, 2242.060
1085.203, 2260.326
1085.685, 2241.195
1086.167, 2220.076
1086.649, 2210.710
1087.131, 2212.582
1087.614, 2234.800
1088.096, 2265.161
1088.578, 2274.177
1089.060, 2253.029
1089.542, 2236.443
1090.024, 2244.027
1090.506, 2252.931
1090.988, 2252.480
1091.471, 2246.896
1091.953, 2234.367
1092.435, 2221.638
1092.917, 2226.482
1093.399, 2255.754
1093.881, 2275.609
1094.363, 2270.001
1094.845, 2256.452
1095.328, 2235.275
1095.810, 2216.863
1096.292, 2211.084
1096.774, 2215.736
1097.256, 2225.616
1097.738, 2241.209
1098.220, 2250.215
1098.702, 2245.215
1099.184, 2237.215
1099.667, 2230.316
1100.149, 2223.006
1100.631, 2210.560
1101.113, 2197.172
1101.595, 2194.049
1102.077, 2205.118
1102.559, 2214.751
1103.041, 2222.764
1103.523, 2223.910
1104.006, 2207.210
1104.488, 2190.941
1104.970, 2194.070
1105.452, 2208.984
1105.934, 2214.546
1106.416, 2205.378
1106.898, 2201.025
1107.380, 2207.523
1107.863, 2215.720
1108.345, 2229.855
1108.827, 2238.179
1109.309, 2223.651
1109.791, 2198.264
1110.273, 2192.421
1110.755, 2214.218
1111.237, 2227.244
1111.719, 2226.511
1112.202, 2219.201
1112.684, 2195.388
1113.166, 2176.751
1113.648, 2188.290
1114.130, 2213.358
1114.612, 2210.252
1115.094, 2167.608
1115.576, 2147.500
1116.058, 2169.538
1116.541, 2184.010
1117.023, 2176.974
1117.505, 2166.957
1117.987, 2161.283
1118.469, 2162.865
1118.951, 2181.452
1119.433, 2222.581
1119.915, 2238.949
1120.398, 2215.765
1120.880, 2199.036
1121.362, 2200.055
1121.844, 2201.948
1122.326, 2191.734
1122.808, 2179.440
1123.290, 2185.408
1123.772, 2211.276
1124.255, 2218.194
1124.737, 2197.013
1125.219, 2186.809
1125.701, 2197.388
1126.183, 2208.084
1126.665, 2206.477
1127.147, 2214.382
1127.629, 2217.616
1128.111, 2218.053
1128.594, 2223.847
1129.076, 2220.758
1129.558, 2222.693
1130.040, 2233.193
1130.522, 2238.016
1131.004, 2228.571
1131.486, 2216.511
1131.968, 2217.513
1132.450, 2229.401
1132.933, 2242.710
1133.415, 2257.342
1133.897, 2257.935
1134.379, 2242.528
1134.861, 2230.330
1135.343, 2229.637
1135.825, 2234.109
1136.307, 2236.197
1136.790, 2238.988
1137.272, 2256.565
1137.754, 2257.493
1138.236, 2289.329
1138.718, 2273.217
1139.200, 2266.391
1139.682, 2279.403
1140.164, 2299.496
1140.646, 2317.072
1141.129, 2330.199
1141.611, 2333.646
1142.093, 2330.596
1142.575, 2329.052
1143.057, 2328.845
1143.539, 2325.658
1144.021, 2319.243
1144.503, 2317.376
1144.985, 2327.271
1145.468, 2338.203
1145.950, 2335.821
1146.432, 2327.402
1146.914, 2323.382
1147.396, 2322.461
1147.878, 2320.063
1148.360, 2315.836
1148.842, 2312.045
1149.325, 2308.209
1149.807, 2312.312
1150.289, 2343.698
1150.771, 2373.030
1151.253, 2367.691
1151.735, 2345.598
1152.217, 2333.828
1152.699, 2332.012
1153.182, 2321.679
1153.664, 2292.944
1154.146, 2275.649
1154.628, 2298.437
1155.110, 2319.352
1155.592, 2307.705
1156.074, 2288.414
1156.556, 2288.063
1157.038, 2300.943
1157.521, 2306.763
1158.003, 2300.642
1158.485, 2297.319
1158.967, 2303.367
1159.449, 2307.786
1159.931, 2303.948
1160.413, 2300.972
1160.895, 2310.082
1161.377, 2322.287
1161.860, 2319.625
1162.342, 2300.482
1162.824, 2281.817
1163.306, 2257.630
1163.788, 2245.369
1164.270, 2254.101
1164.752, 2262.792
1165.234, 2260.052
1165.717, 2254.344
1166.199, 2258.024
1166.681, 2252.039
1167.163, 2268.282
1167.645, 2250.341
1168.127, 2244.082
1168.609, 2254.503
1169.091, 2262.853
1169.573, 2262.555
1170.056, 2255.915
1170.538, 2244.193
1171.020, 2229.664
1171.502, 2218.657
1171.984, 2211.173
1172.466, 2208.889
1172.948, 2211.417
1173.430, 2207.582
1173.912, 2194.800
1174.395, 2186.184
1174.877, 2191.634
1175.359, 2201.999
1175.841, 2204.108
1176.323, 2199.292
1176.805, 2187.233
1177.287, 2171.828
1177.769, 2166.302
1178.252, 2170.822
1178.734, 2175.284
1179.216, 2174.981
1179.698, 2171.548
1180.180, 2166.869
1180.662, 2159.578
1181.144, 2142.712
1181.626, 2125.803
1182.109, 2124.563
1182.591, 2134.937
1183.073, 2145.311
1183.555, 2152.025
1184.037, 2152.098
1184.519, 2140.135
1185.001, 2126.204
1185.483, 2115.841
1185.965, 2105.090
1186.448, 2085.568
1186.930, 2066.606
1187.412, 2063.846
1187.894, 2076.880
1188.376, 2088.202
1188.858, 2097.330
1189.340, 2099.607
1189.822, 2086.113
1190.304, 2076.125
1190.787, 2084.312
1191.269, 2092.149
1191.751, 2077.673
1192.233, 2085.677
1192.715, 2089.691
1193.197, 2081.808
1193.679, 2096.181
1194.161, 2088.695
1194.644, 2073.608
1195.126, 2049.146
1195.608, 2034.114
1196.090, 2043.413
1196.572, 2060.341
1197.054, 2053.873
1197.536, 2064.592
1198.018, 2073.725
1198.500, 2069.395
1198.983, 2087.667
1199.465, 2085.218
1199.947, 2043.009
1200.429, 2087.963
1200.911, 2112.049
1201.393, 2116.393
1201.875, 2041.641
1202.357, 2069.195
1202.839, 2055.854
1203.322, 2040.902
1203.804, 2083.068
1204.286, 2020.203
1204.768, 2061.614
1205.250, 2061.504
1205.732, 2080.505
1206.214, 2058.358
1206.696, 2049.017
1207.179, 2080.984
1207.661, 2090.195
1208.143, 2063.600
1208.625, 2084.258
1209.107, 2020.697
1209.589, 2031.179
1210.071, 2073.649
1210.553, 2049.499
1211.036, 2071.280
1211.518, 2075.672
1212.000, 2000.764
1212.482, 2063.970
1212.964, 2067.553
1213.446, 2009.914
1213.928, 2068.614
1214.410, 2019.574
1214.892, 2009.091
1215.375, 2027.643
1215.857, 2016.080
1216.339, 2052.190
1216.821, 2042.519
1217.303, 2028.825
1217.785, 2033.085
1218.267, 1986.755
1218.749, 2034.493
1219.231, 2018.099
1219.714, 2033.695
1220.196, 2056.600
1220.678, 2024.188
1221.160, 2050.492
1221.642, 1985.931
1222.124, 1997.537
1222.606, 2001.023
1223.088, 2053.220
1223.571, 1989.402
1224.053, 1999.191
1224.535, 2040.364
1225.017, 2037.802
1225.499, 2053.632
1225.981, 2048.534
1226.463, 2035.028
1226.945, 1986.221
1227.427, 1955.206
1227.910, 1976.660
1228.392, 2004.922
1228.874, 2023.994
1229.356, 2032.278
1229.838, 2025.885
1230.320, 2010.386
1230.802, 1981.884
1231.284, 1950.024
1231.766, 1950.623
1232.249, 2004.625
1232.731, 2027.582
1233.213, 1994.665
1233.695, 1970.488
1234.177, 1967.938
1234.659, 1972.157
1235.141, 1976.247
1235.623, 1980.532
1236.106, 1985.459
1236.588, 1991.010
1237.070, 1996.930
1237.552, 2003.208
1238.034, 2012.294
1238.516, 2024.312
1238.998, 2035.820
1239.480, 2045.646
1239.963, 2050.621
1240.445, 2048.326
1240.927, 2039.950
1241.409, 2020.621
1241.891, 2000.756
1242.373, 2005.314
1242.855, 1997.963
1243.337, 1998.865
1243.819, 2011.334
1244.302, 2012.035
1244.784, 2033.901
1245.266, 2052.302
1245.748, 2049.245
1246.230, 2044.172
1246.712, 2046.329
1247.194, 2051.120
1247.676, 2054.128
1248.158, 2058.164
1248.641, 2069.722
1249.123, 2087.378
1249.605, 2097.395
1250.087, 2096.784
1250.569, 2093.586
1251.051, 2082.397
1251.533, 2081.438
1252.015, 2100.300
1252.498, 2117.184
1252.980, 2116.864
1253.462, 2108.219
1253.944, 2104.778
1254.426, 2106.866
1254.908, 2120.171
1255.390, 2122.332
1255.872, 2129.573
1256.354, 2142.657
1256.837, 2144.768
1257.319, 2162.974
1257.801, 2178.053
1258.283, 2173.941
1258.765, 2166.892
1259.247, 2176.937
1259.729, 2193.373
1260.211, 2200.961
1260.693, 2207.461
1261.176, 2230.974
1261.658, 2264.363
1262.140, 2280.651
1262.622, 2271.744
1263.104, 2263.148
1263.586, 2250.816
1264.068, 2257.379
1264.550, 2315.863
1265.033, 2362.776
1265.515, 2348.578
1265.997, 2320.878
1266.479, 2333.549
1266.961, 2377.103
1267.443, 2409.851
1267.925, 2430.396
1268.407, 2448.534
1268.890, 2464.463
1269.372, 2473.909
1269.854, 2475.478
1270.336, 2486.150
1270.818, 2516.613
1271.300, 2543.336
1271.782, 2530.116
1272.264, 2502.323
1272.746, 2510.871
1273.229, 2541.327
1273.711, 2571.443
1274.193, 2596.811
1274.675, 2614.080
1275.157, 2622.538
1275.639, 2621.392
1276.121, 2604.967
1276.603, 2598.139
1277.085, 2627.653
1277.568, 2650.835
1278.050, 2637.576
1278.532, 2617.409
1279.014, 2617.992
1279.496, 2628.254
1279.978, 2623.678
1280.460, 2604.489
1280.942, 2592.519
1281.425, 2590.279
1281.907, 2586.283
1282.389, 2580.282
1282.871, 2568.313
1283.353, 2548.203
1283.835, 2532.430
1284.317, 2532.077
1284.799, 2533.719
1285.281, 2508.705
1285.764, 2471.366
1286.246, 2457.913
1286.728, 2462.113
1287.210, 2474.983
1287.692, 2489.958
1288.174, 2495.971
1288.656, 2488.649
##END=



