##NAMES=Lavinskyite
##RRUFFID=R120057
##IDEAL CHEMISTRY=K(LiCu^2+^)Cu^2+^_6_(Si_4_O_11_)_2_(OH)_4_
##LOCALITY=Wessels mine, Kalahari manganese field, Northern Cape Province, South Africa
##OWNER=RRUFF
##SOURCE=William W. Pinch, Robert Lavinsky, and Marcus Origlieri
##DESCRIPTION=Light blue plates, associated with R120019 wesselsite, and R120077 scottyite. This is the type sample.
##STATUS=The identification of this mineral is confirmed by single-crystal X-ray diffraction and chemical analysis.
##URL=rruff.info/R120057
##MEASURED CHEMISTRY=(K_0.99_Ba_0.01_)_Σ=1.00_(Li_1.04_Cu_0.50_Mg_0.43_Na_0.10_Mn_0.01_)_Σ=2.08_Cu_6.00_Si_7.99_O_22_(OH)_4.00_  ; (Lavinskyite is the darkest material in the image)
90.49219, 458.0887
90.97430, 461.0933
91.45642, 461.0813
91.93854, 458.1271
92.42065, 452.8632
92.90277, 444.3965
93.38489, 433.9199
93.86700, 424.2739
94.34912, 417.0379
94.83124, 411.1559
95.31335, 404.0909
95.79547, 395.5740
96.27759, 387.6509
96.75970, 383.7319
97.24182, 383.4589
97.72394, 381.6779
98.20605, 372.3204
98.68817, 356.7727
99.17029, 354.5654
99.65240, 369.7294
100.1345, 392.0143
100.6166, 401.0225
101.0988, 394.6591
101.5809, 384.4971
102.0630, 376.4682
102.5451, 371.0377
103.0272, 364.8064
103.5093, 356.4629
103.9915, 347.2558
104.4736, 342.4174
104.9557, 343.5893
105.4378, 346.8332
105.9199, 349.9129
106.4020, 354.5024
106.8842, 355.8289
107.3663, 352.6611
107.8484, 344.9804
108.3305, 336.7873
108.8126, 326.2789
109.2947, 316.3438
109.7769, 309.6552
110.2590, 310.4020
110.7411, 310.1553
111.2232, 306.6458
111.7053, 298.4848
112.1874, 293.1403
112.6696, 293.5171
113.1517, 296.3979
113.6338, 297.6133
114.1159, 291.7700
114.5980, 288.0701
115.0801, 290.9105
115.5623, 304.6396
116.0444, 315.5310
116.5265, 316.4257
117.0086, 311.8930
117.4907, 311.3570
117.9728, 326.6386
118.4550, 341.7922
118.9371, 346.0365
119.4192, 331.6047
119.9013, 314.4714
120.3834, 302.8533
120.8655, 295.4956
121.3477, 287.4504
121.8298, 270.6225
122.3119, 253.6637
122.7940, 246.4120
123.2761, 260.9082
123.7582, 278.0733
124.2404, 279.8993
124.7225, 267.4570
125.2046, 253.9368
125.6867, 249.6454
126.1688, 251.4002
126.6509, 253.4938
127.1331, 253.1932
127.6152, 252.1347
128.0973, 253.2927
128.5794, 256.8646
129.0615, 260.2609
129.5436, 260.1640
130.0258, 257.2895
130.5079, 254.7900
130.9900, 255.8713
131.4721, 258.6002
131.9542, 256.5008
132.4363, 248.6829
132.9185, 238.1615
133.4006, 227.1375
133.8827, 215.5867
134.3648, 209.4005
134.8469, 214.8782
135.3290, 230.9455
135.8112, 241.7433
136.2933, 245.3167
136.7754, 243.9360
137.2575, 242.4066
137.7396, 240.8111
138.2217, 238.6114
138.7039, 234.2185
139.1860, 226.6960
139.6681, 224.3158
140.1502, 230.4172
140.6323, 241.9458
141.1144, 244.5685
141.5966, 234.3572
142.0787, 222.7190
142.5608, 219.1464
143.0429, 227.3234
143.5250, 233.1027
144.0071, 233.7537
144.4893, 229.5061
144.9714, 226.3020
145.4535, 224.5564
145.9356, 223.4740
146.4177, 222.1641
146.8998, 219.0156
147.3820, 218.1995
147.8641, 221.5642
148.3462, 230.1471
148.8283, 235.4866
149.3104, 236.2254
149.7925, 234.3911
150.2747, 232.2411
150.7568, 227.2200
151.2389, 224.5618
151.7210, 226.7982
152.2031, 237.2143
152.6852, 242.0539
153.1674, 233.0439
153.6495, 220.1156
154.1316, 217.5645
154.6137, 237.7897
155.0958, 258.8080
155.5779, 272.6375
156.0601, 273.0975
156.5422, 279.4423
157.0243, 297.5187
157.5064, 323.1268
157.9885, 348.1324
158.4706, 366.0987
158.9528, 386.5030
159.4349, 414.4583
159.9170, 455.5760
160.3991, 495.6856
160.8812, 524.1687
161.3633, 547.8058
161.8455, 584.3978
162.3276, 655.2602
162.8097, 731.5252
163.2918, 796.0021
163.7739, 837.9008
164.2560, 876.0016
164.7382, 912.8486
165.2203, 950.7938
165.7024, 998.8383
166.1845, 1070.807
166.6666, 1150.848
167.1487, 1224.044
167.6309, 1285.292
168.1130, 1340.785
168.5951, 1392.463
169.0772, 1440.787
169.5593, 1487.100
170.0414, 1531.968
170.5236, 1575.521
171.0057, 1617.267
171.4878, 1655.652
171.9699, 1693.887
172.4520, 1733.514
172.9341, 1774.752
173.4163, 1818.380
173.8984, 1864.807
174.3805, 1914.452
174.8626, 1966.459
175.3447, 2023.218
175.8268, 2081.722
176.3090, 2136.350
176.7911, 2186.551
177.2732, 2242.156
177.7553, 2305.717
178.2374, 2370.329
178.7195, 2431.047
179.2017, 2484.537
179.6838, 2534.519
180.1659, 2584.833
180.6480, 2635.970
181.1301, 2688.239
181.6122, 2741.911
182.0944, 2797.656
182.5765, 2856.326
183.0586, 2925.044
183.5407, 2996.086
184.0228, 3054.867
184.5049, 3099.699
184.9871, 3138.712
185.4692, 3176.510
185.9513, 3214.586
186.4334, 3259.343
186.9155, 3320.402
187.3976, 3391.404
187.8798, 3450.303
188.3619, 3494.164
188.8440, 3533.713
189.3261, 3583.225
189.8082, 3642.411
190.2903, 3702.325
190.7725, 3758.882
191.2546, 3813.040
191.7367, 3865.178
192.2188, 3915.185
192.7009, 3964.225
193.1830, 4012.535
193.6652, 4059.887
194.1473, 4108.860
194.6294, 4160.345
195.1115, 4214.259
195.5936, 4270.679
196.0757, 4330.799
196.5579, 4391.366
197.0400, 4444.373
197.5221, 4488.951
198.0042, 4535.148
198.4863, 4588.873
198.9684, 4649.939
199.4506, 4715.310
199.9327, 4784.382
200.4148, 4857.137
200.8969, 4933.826
201.3790, 5016.055
201.8611, 5097.773
202.3433, 5172.958
202.8254, 5240.229
203.3075, 5319.104
203.7896, 5413.141
204.2717, 5516.678
204.7538, 5614.586
205.2360, 5705.940
205.7181, 5794.911
206.2002, 5884.818
206.6823, 5976.633
207.1644, 6063.598
207.6465, 6148.263
208.1287, 6225.856
208.6108, 6283.376
209.0929, 6317.923
209.5750, 6340.632
210.0571, 6358.415
210.5392, 6372.785
211.0214, 6376.283
211.5035, 6368.604
211.9856, 6349.796
212.4677, 6317.511
212.9498, 6267.605
213.4319, 6213.779
213.9140, 6163.833
214.3962, 6119.060
214.8783, 6073.755
215.3604, 6027.737
215.8425, 5980.914
216.3246, 5934.451
216.8067, 5886.912
217.2889, 5841.556
217.7710, 5799.787
218.2531, 5761.421
218.7352, 5726.594
219.2173, 5695.497
219.6994, 5667.354
220.1816, 5639.850
220.6637, 5610.513
221.1458, 5584.917
221.6279, 5567.015
222.1100, 5558.163
222.5921, 5553.125
223.0743, 5553.131
223.5564, 5556.727
224.0385, 5556.664
224.5206, 5550.976
225.0027, 5544.981
225.4848, 5541.537
225.9670, 5539.966
226.4491, 5543.288
226.9312, 5553.874
227.4133, 5569.808
227.8954, 5581.999
228.3775, 5588.502
228.8597, 5593.863
229.3418, 5600.899
229.8239, 5611.014
230.3060, 5619.193
230.7881, 5623.555
231.2702, 5625.384
231.7524, 5630.861
232.2345, 5640.503
232.7166, 5652.601
233.1987, 5666.459
233.6808, 5683.712
234.1629, 5698.734
234.6451, 5711.135
235.1272, 5720.988
235.6093, 5729.554
236.0914, 5739.423
236.5735, 5744.506
237.0556, 5740.823
237.5378, 5724.412
238.0199, 5708.088
238.5020, 5692.708
238.9841, 5678.013
239.4662, 5663.344
239.9483, 5649.080
240.4305, 5634.664
240.9126, 5619.940
241.3947, 5605.961
241.8768, 5589.478
242.3589, 5568.958
242.8410, 5546.063
243.3232, 5526.219
243.8053, 5510.542
244.2874, 5496.424
244.7695, 5483.172
245.2516, 5472.669
245.7337, 5457.768
246.2159, 5434.359
246.6980, 5406.652
247.1801, 5389.532
247.6622, 5388.719
248.1443, 5389.375
248.6264, 5384.594
249.1086, 5372.643
249.5907, 5359.056
250.0728, 5342.501
250.5549, 5324.813
251.0370, 5311.752
251.5191, 5308.278
252.0013, 5301.739
252.4834, 5284.750
252.9655, 5249.747
253.4476, 5225.199
253.9297, 5214.527
254.4118, 5212.895
254.8940, 5209.528
255.3761, 5204.195
255.8582, 5197.463
256.3403, 5189.275
256.8224, 5178.932
257.3046, 5169.187
257.7867, 5160.042
258.2688, 5151.408
258.7509, 5143.144
259.2330, 5135.081
259.7151, 5127.703
260.1973, 5121.101
260.6794, 5115.320
261.1615, 5110.662
261.6436, 5107.805
262.1257, 5105.600
262.6078, 5102.451
263.0900, 5099.101
263.5721, 5093.337
264.0542, 5083.314
264.5363, 5067.606
265.0184, 5058.029
265.5005, 5057.660
265.9827, 5059.842
266.4648, 5053.508
266.9469, 5034.653
267.4290, 5019.183
267.9111, 5012.718
268.3932, 5015.892
268.8754, 5017.359
269.3575, 5016.058
269.8396, 5014.451
270.3217, 5016.331
270.8038, 5022.906
271.2859, 5027.792
271.7681, 5029.173
272.2502, 5027.054
272.7323, 5022.423
273.2144, 5014.280
273.6965, 5005.737
274.1786, 4999.930
274.6608, 4996.899
275.1429, 4996.616
275.6250, 5000.924
276.1071, 5008.523
276.5892, 5008.038
277.0714, 4997.268
277.5535, 4984.760
278.0356, 4978.828
278.5177, 4980.060
278.9998, 4981.582
279.4819, 4982.303
279.9641, 4982.157
280.4462, 4982.071
280.9283, 4983.046
281.4104, 4979.646
281.8925, 4964.015
282.3746, 4935.920
282.8568, 4915.126
283.3389, 4907.145
283.8210, 4906.890
284.3031, 4899.333
284.7852, 4883.709
285.2673, 4868.144
285.7495, 4858.411
286.2316, 4854.241
286.7137, 4851.451
287.1958, 4849.950
287.6779, 4849.065
288.1600, 4847.119
288.6422, 4844.069
289.1243, 4841.405
289.6064, 4840.874
290.0885, 4841.765
290.5706, 4840.015
291.0527, 4834.327
291.5349, 4827.843
292.0170, 4825.132
292.4991, 4826.052
292.9812, 4829.608
293.4633, 4837.534
293.9454, 4847.831
294.4276, 4853.616
294.9097, 4853.958
295.3918, 4852.154
295.8739, 4851.993
296.3560, 4853.226
296.8381, 4854.604
297.3203, 4856.156
297.8024, 4857.367
298.2845, 4856.083
298.7666, 4851.888
299.2487, 4849.159
299.7308, 4852.612
300.2130, 4861.154
300.6951, 4871.582
301.1772, 4884.568
301.6593, 4897.692
302.1414, 4906.644
302.6235, 4911.433
303.1057, 4916.571
303.5878, 4925.334
304.0699, 4937.099
304.5520, 4950.843
305.0341, 4969.068
305.5162, 4986.500
305.9984, 4996.967
306.4805, 5001.108
306.9626, 5003.920
307.4447, 5006.536
307.9268, 5010.504
308.4089, 5018.356
308.8911, 5033.421
309.3732, 5048.404
309.8553, 5058.009
310.3374, 5062.769
310.8195, 5064.599
311.3016, 5059.781
311.7838, 5054.914
312.2659, 5056.154
312.7480, 5065.951
313.2301, 5078.929
313.7122, 5095.284
314.1943, 5112.629
314.6765, 5125.568
315.1586, 5129.702
315.6407, 5130.108
316.1228, 5129.601
316.6049, 5128.361
317.0870, 5127.042
317.5692, 5124.508
318.0513, 5122.413
318.5334, 5123.091
319.0155, 5128.313
319.4976, 5135.611
319.9797, 5143.922
320.4619, 5153.131
320.9440, 5163.905
321.4261, 5179.524
321.9082, 5195.317
322.3903, 5206.787
322.8724, 5211.563
323.3546, 5213.236
323.8367, 5210.456
324.3188, 5203.560
324.8009, 5200.636
325.2830, 5205.440
325.7651, 5213.184
326.2473, 5220.806
326.7294, 5227.044
327.2115, 5234.505
327.6936, 5245.372
328.1757, 5258.464
328.6578, 5267.979
329.1400, 5271.085
329.6221, 5273.159
330.1042, 5276.441
330.5863, 5281.073
331.0684, 5286.752
331.5505, 5292.803
332.0327, 5299.893
332.5148, 5309.600
332.9969, 5323.233
333.4790, 5337.394
333.9611, 5350.782
334.4432, 5362.543
334.9254, 5376.687
335.4075, 5395.536
335.8896, 5414.350
336.3717, 5425.447
336.8538, 5424.344
337.3359, 5426.056
337.8180, 5435.743
338.3001, 5453.207
338.7823, 5467.354
339.2644, 5478.022
339.7465, 5485.709
340.2286, 5490.928
340.7107, 5493.816
341.1928, 5493.689
341.6750, 5489.742
342.1571, 5483.035
342.6392, 5477.849
343.1213, 5474.463
343.6034, 5471.200
344.0855, 5467.036
344.5677, 5462.022
345.0498, 5455.343
345.5319, 5445.807
346.0140, 5436.483
346.4961, 5436.613
346.9782, 5445.649
347.4604, 5449.135
347.9425, 5433.018
348.4246, 5403.738
348.9067, 5386.602
349.3888, 5384.405
349.8709, 5387.018
350.3531, 5384.363
350.8352, 5376.667
351.3173, 5364.850
351.7994, 5343.112
352.2815, 5319.404
352.7636, 5308.509
353.2458, 5310.369
353.7279, 5314.844
354.2100, 5315.345
354.6921, 5312.246
355.1742, 5305.993
355.6563, 5294.252
356.1385, 5281.890
356.6206, 5273.577
357.1027, 5268.737
357.5848, 5264.795
358.0669, 5261.434
358.5490, 5257.588
359.0312, 5251.833
359.5133, 5242.524
359.9954, 5234.412
360.4775, 5230.836
360.9596, 5230.511
361.4417, 5230.697
361.9239, 5229.489
362.4060, 5229.182
362.8881, 5232.438
363.3702, 5240.985
363.8523, 5245.324
364.3344, 5237.750
364.8166, 5225.967
365.2987, 5218.713
365.7808, 5221.671
366.2629, 5225.922
366.7450, 5229.599
367.2271, 5232.618
367.7093, 5234.977
368.1914, 5235.262
368.6735, 5235.701
369.1556, 5237.724
369.6377, 5241.086
370.1198, 5246.255
370.6020, 5253.507
371.0841, 5262.543
371.5662, 5272.483
372.0483, 5283.324
372.5304, 5294.825
373.0125, 5307.749
373.4947, 5324.843
373.9768, 5334.383
374.4589, 5332.424
374.9410, 5326.166
375.4231, 5327.234
375.9052, 5337.347
376.3874, 5350.261
376.8695, 5364.558
377.3516, 5380.483
377.8337, 5396.945
378.3158, 5414.558
378.7979, 5432.006
379.2801, 5447.592
379.7622, 5461.416
380.2443, 5475.185
380.7264, 5489.236
381.2085, 5503.643
381.6906, 5518.327
382.1728, 5533.144
382.6549, 5549.593
383.1370, 5570.042
383.6191, 5593.121
384.1012, 5611.872
384.5833, 5624.525
385.0655, 5636.650
385.5476, 5658.268
386.0297, 5686.477
386.5118, 5709.748
386.9939, 5715.025
387.4760, 5715.345
387.9582, 5732.499
388.4403, 5767.244
388.9224, 5802.476
389.4045, 5822.970
389.8866, 5835.425
390.3687, 5849.574
390.8509, 5872.030
391.3330, 5893.396
391.8151, 5904.193
392.2972, 5907.375
392.7793, 5914.968
393.2614, 5936.940
393.7436, 5962.923
394.2257, 5986.183
394.7078, 6005.032
395.1899, 6021.735
395.6720, 6036.011
396.1541, 6048.744
396.6363, 6061.387
397.1184, 6072.256
397.6005, 6084.907
398.0826, 6102.097
398.5647, 6124.956
399.0468, 6143.352
399.5290, 6153.658
400.0111, 6160.586
400.4932, 6167.819
400.9753, 6172.528
401.4574, 6181.650
401.9395, 6198.466
402.4217, 6220.757
402.9038, 6236.966
403.3859, 6242.266
403.8680, 6248.633
404.3501, 6262.435
404.8322, 6286.017
405.3144, 6308.741
405.7965, 6330.896
406.2786, 6351.534
406.7607, 6367.174
407.2428, 6375.998
407.7249, 6390.168
408.2071, 6416.543
408.6892, 6452.247
409.1713, 6476.838
409.6534, 6488.883
410.1355, 6498.428
410.6176, 6513.067
411.0998, 6532.755
411.5819, 6557.843
412.0640, 6589.962
412.5461, 6624.861
413.0282, 6657.661
413.5103, 6688.033
413.9925, 6714.929
414.4746, 6736.845
414.9567, 6755.480
415.4388, 6772.368
415.9209, 6787.497
416.4030, 6803.537
416.8852, 6824.823
417.3673, 6848.393
417.8494, 6869.474
418.3315, 6884.080
418.8136, 6897.700
419.2957, 6915.595
419.7779, 6936.678
420.2600, 6954.445
420.7421, 6961.914
421.2242, 6967.442
421.7063, 6977.236
422.1884, 6995.690
422.6706, 7012.698
423.1527, 7025.512
423.6348, 7035.402
424.1169, 7044.820
424.5990, 7050.622
425.0811, 7059.365
425.5633, 7073.384
426.0454, 7093.141
426.5275, 7114.117
427.0096, 7136.750
427.4917, 7160.233
427.9738, 7184.048
428.4560, 7208.367
428.9381, 7232.005
429.4202, 7253.469
429.9023, 7274.026
430.3844, 7300.730
430.8665, 7336.318
431.3487, 7369.785
431.8308, 7393.976
432.3129, 7408.187
432.7950, 7427.186
433.2771, 7452.093
433.7592, 7479.205
434.2414, 7505.055
434.7235, 7529.606
435.2056, 7551.508
435.6877, 7568.771
436.1698, 7584.258
436.6519, 7604.750
437.1341, 7630.111
437.6162, 7656.552
438.0983, 7684.673
438.5804, 7711.526
439.0625, 7731.307
439.5446, 7741.986
440.0268, 7749.252
440.5089, 7755.843
440.9910, 7762.836
441.4731, 7772.302
441.9552, 7789.794
442.4373, 7806.398
442.9195, 7817.769
443.4016, 7823.563
443.8837, 7822.343
444.3658, 7808.567
444.8479, 7790.055
445.3300, 7773.182
445.8122, 7763.393
446.2943, 7749.427
446.7764, 7729.979
447.2585, 7704.913
447.7406, 7673.932
448.2227, 7635.440
448.7049, 7592.455
449.1870, 7544.015
449.6691, 7489.151
450.1512, 7437.666
450.6333, 7391.501
451.1154, 7347.484
451.5976, 7303.058
452.0797, 7259.182
452.5618, 7213.611
453.0439, 7165.680
453.5260, 7116.401
454.0081, 7065.037
454.4903, 7010.870
454.9724, 6958.330
455.4545, 6907.633
455.9366, 6859.784
456.4187, 6820.234
456.9008, 6790.395
457.3830, 6763.326
457.8651, 6734.091
458.3472, 6701.748
458.8293, 6664.372
459.3114, 6617.795
459.7935, 6568.903
460.2757, 6524.704
460.7578, 6485.045
461.2399, 6448.405
461.7220, 6414.769
462.2041, 6383.118
462.6862, 6353.236
463.1684, 6325.538
463.6505, 6298.227
464.1326, 6271.146
464.6147, 6244.202
465.0968, 6216.768
465.5789, 6187.208
466.0611, 6159.610
466.5432, 6135.375
467.0253, 6114.499
467.5074, 6094.671
467.9895, 6076.657
468.4716, 6058.882
468.9538, 6040.085
469.4359, 6016.553
469.9180, 6000.752
470.4001, 5995.163
470.8822, 5995.325
471.3643, 5995.131
471.8465, 5995.195
472.3286, 5992.798
472.8107, 5986.846
473.2928, 5977.808
473.7749, 5966.303
474.2570, 5951.151
474.7392, 5939.942
475.2213, 5941.217
475.7034, 5952.835
476.1855, 5960.104
476.6676, 5961.249
477.1497, 5958.872
477.6319, 5954.526
478.1140, 5949.240
478.5961, 5946.357
479.0782, 5950.204
479.5603, 5955.491
480.0424, 5955.151
480.5246, 5949.864
481.0067, 5945.252
481.4888, 5942.367
481.9709, 5943.008
482.4530, 5949.604
482.9352, 5965.025
483.4173, 5980.201
483.8994, 5993.376
484.3815, 6003.615
484.8636, 6009.396
485.3457, 5999.984
485.8279, 5996.661
486.3100, 6007.555
486.7921, 6032.936
487.2742, 6055.415
487.7563, 6074.766
488.2384, 6091.894
488.7206, 6106.460
489.2027, 6115.618
489.6848, 6130.486
490.1669, 6153.525
490.6490, 6179.953
491.1311, 6201.758
491.6133, 6217.685
492.0954, 6236.467
492.5775, 6261.625
493.0596, 6291.406
493.5417, 6319.570
494.0238, 6345.895
494.5060, 6372.635
494.9881, 6402.724
495.4702, 6434.114
495.9523, 6462.875
496.4344, 6488.307
496.9165, 6510.585
497.3987, 6528.666
497.8808, 6543.890
498.3629, 6558.475
498.8450, 6575.733
499.3271, 6590.757
499.8092, 6601.130
500.2914, 6606.841
500.7735, 6606.979
501.2556, 6594.397
501.7377, 6581.435
502.2198, 6576.913
502.7019, 6588.209
503.1841, 6591.393
503.6662, 6579.632
504.1483, 6559.874
504.6304, 6540.219
505.1125, 6522.106
505.5946, 6502.295
506.0768, 6480.422
506.5589, 6456.350
507.0410, 6428.250
507.5231, 6394.331
508.0052, 6361.331
508.4873, 6332.684
508.9695, 6308.744
509.4516, 6284.664
509.9337, 6260.380
510.4158, 6235.822
510.8979, 6211.234
511.3800, 6186.243
511.8622, 6160.064
512.3443, 6131.517
512.8264, 6103.019
513.3085, 6077.612
513.7906, 6054.761
514.2728, 6032.482
514.7549, 6012.575
515.2370, 5990.956
515.7191, 5961.597
516.2012, 5923.422
516.6833, 5890.320
517.1655, 5869.506
517.6476, 5855.925
518.1297, 5845.373
518.6118, 5842.145
519.0939, 5835.510
519.5760, 5820.972
520.0582, 5802.090
520.5403, 5787.011
521.0224, 5777.646
521.5045, 5769.626
521.9866, 5762.087
522.4688, 5754.954
522.9509, 5747.311
523.4330, 5738.760
523.9151, 5730.320
524.3972, 5722.752
524.8793, 5716.054
525.3615, 5709.559
525.8436, 5703.151
526.3257, 5696.783
526.8078, 5691.602
527.2899, 5686.873
527.7720, 5679.040
528.2542, 5664.417
528.7363, 5647.822
529.2184, 5635.095
529.7005, 5626.059
530.1826, 5619.118
530.6647, 5615.736
531.1469, 5612.643
531.6290, 5605.441
532.1111, 5591.769
532.5932, 5583.389
533.0753, 5591.772
533.5574, 5604.925
534.0396, 5610.277
534.5217, 5593.671
535.0038, 5583.458
535.4859, 5587.746
535.9680, 5601.544
536.4501, 5608.911
536.9323, 5606.916
537.4144, 5603.437
537.8965, 5600.649
538.3786, 5598.481
538.8607, 5599.080
539.3428, 5602.989
539.8250, 5607.745
540.3071, 5610.780
540.7892, 5612.267
541.2713, 5614.963
541.7534, 5619.685
542.2355, 5624.429
542.7177, 5625.108
543.1998, 5623.228
543.6819, 5623.599
544.1640, 5629.755
544.6461, 5638.226
545.1282, 5646.468
545.6104, 5654.397
546.0925, 5661.739
546.5746, 5668.140
547.0567, 5674.070
547.5388, 5679.393
548.0209, 5683.125
548.5031, 5689.609
548.9852, 5701.761
549.4673, 5716.154
549.9494, 5729.297
550.4315, 5742.499
550.9136, 5752.156
551.3958, 5757.257
551.8779, 5758.661
552.3600, 5758.366
552.8421, 5755.517
553.3242, 5753.845
553.8063, 5755.554
554.2885, 5760.060
554.7706, 5762.258
555.2527, 5761.917
555.7348, 5761.838
556.2169, 5765.575
556.6990, 5771.455
557.1812, 5775.641
557.6633, 5777.937
558.1454, 5777.072
558.6275, 5768.595
559.1096, 5756.632
559.5917, 5748.233
560.0739, 5749.485
560.5560, 5752.077
561.0381, 5751.900
561.5202, 5749.521
562.0023, 5747.633
562.4844, 5746.665
562.9666, 5746.455
563.4487, 5747.472
563.9308, 5750.403
564.4129, 5750.774
564.8950, 5747.479
565.3771, 5742.729
565.8593, 5738.860
566.3414, 5736.964
566.8235, 5730.378
567.3056, 5716.870
567.7877, 5700.688
568.2698, 5688.646
568.7520, 5680.667
569.2341, 5677.138
569.7162, 5681.740
570.1983, 5688.562
570.6804, 5685.331
571.1625, 5673.374
571.6447, 5661.512
572.1268, 5655.390
572.6089, 5652.308
573.0910, 5650.850
573.5731, 5651.417
574.0552, 5649.128
574.5374, 5636.664
575.0195, 5622.791
575.5016, 5615.624
575.9837, 5624.225
576.4658, 5630.102
576.9479, 5630.447
577.4301, 5627.101
577.9122, 5623.341
578.3943, 5617.646
578.8764, 5614.221
579.3585, 5614.865
579.8406, 5618.776
580.3228, 5621.920
580.8049, 5624.917
581.2870, 5623.041
581.7691, 5611.143
582.2512, 5591.461
582.7333, 5571.771
583.2155, 5552.257
583.6975, 5535.772
584.1796, 5524.601
584.6617, 5518.133
585.1439, 5515.518
585.6260, 5518.084
586.1081, 5521.812
586.5902, 5527.859
587.0723, 5532.988
587.5544, 5530.889
588.0366, 5511.414
588.5187, 5492.792
589.0008, 5479.940
589.4829, 5472.960
589.9650, 5470.479
590.4471, 5477.370
590.9293, 5482.078
591.4114, 5477.586
591.8935, 5461.624
592.3756, 5452.737
592.8577, 5452.419
593.3398, 5455.038
593.8220, 5454.816
594.3041, 5452.172
594.7862, 5450.918
595.2683, 5452.926
595.7504, 5453.579
596.2325, 5444.167
596.7147, 5428.437
597.1968, 5416.188
597.6789, 5411.142
598.1610, 5411.613
598.6431, 5420.351
599.1252, 5434.931
599.6074, 5444.360
600.0895, 5440.286
600.5716, 5433.995
601.0537, 5431.116
601.5358, 5433.142
602.0179, 5433.220
602.5001, 5429.693
602.9822, 5425.748
603.4643, 5424.279
603.9464, 5426.743
604.4285, 5425.251
604.9106, 5417.721
605.3928, 5409.043
605.8749, 5407.062
606.3570, 5411.342
606.8391, 5416.476
607.3212, 5421.482
607.8033, 5425.555
608.2855, 5426.858
608.7676, 5425.970
609.2497, 5425.173
609.7318, 5425.261
610.2139, 5426.175
610.6960, 5428.148
611.1782, 5431.107
611.6603, 5433.943
612.1424, 5436.083
612.6245, 5438.152
613.1066, 5440.877
613.5887, 5446.125
614.0709, 5447.903
614.5530, 5445.047
615.0351, 5439.945
615.5172, 5434.245
615.9993, 5426.963
616.4814, 5423.849
616.9636, 5426.466
617.4457, 5432.493
617.9278, 5438.986
618.4099, 5445.570
618.8920, 5448.706
619.3741, 5444.039
619.8563, 5437.112
620.3384, 5437.418
620.8205, 5443.445
621.3026, 5447.838
621.7847, 5445.488
622.2668, 5440.453
622.7490, 5435.018
623.2311, 5429.226
623.7132, 5425.323
624.1953, 5422.549
624.6774, 5422.993
625.1595, 5428.937
625.6417, 5449.333
626.1238, 5456.883
626.6059, 5444.911
627.0880, 5427.557
627.5701, 5425.593
628.0522, 5441.159
628.5344, 5450.980
629.0165, 5448.013
629.4986, 5439.938
629.9807, 5442.854
630.4628, 5454.818
630.9449, 5465.371
631.4271, 5467.177
631.9092, 5466.286
632.3913, 5470.419
632.8734, 5478.454
633.3555, 5483.449
633.8376, 5475.896
634.3198, 5468.872
634.8019, 5471.412
635.2840, 5486.646
635.7661, 5499.399
636.2482, 5508.257
636.7303, 5514.177
637.2125, 5517.639
637.6946, 5518.250
638.1767, 5517.018
638.6588, 5512.459
639.1409, 5508.856
639.6230, 5513.857
640.1052, 5526.875
640.5873, 5538.390
641.0694, 5545.949
641.5515, 5550.900
642.0336, 5554.993
642.5157, 5558.015
642.9979, 5559.356
643.4800, 5555.663
643.9621, 5552.642
644.4442, 5554.520
644.9263, 5560.791
645.4084, 5568.212
645.8906, 5577.278
646.3727, 5585.905
646.8548, 5593.263
647.3369, 5599.410
647.8190, 5604.053
648.3011, 5606.981
648.7833, 5608.704
649.2654, 5608.641
649.7475, 5606.375
650.2296, 5607.825
650.7117, 5613.514
651.1938, 5622.079
651.6760, 5631.558
652.1581, 5642.466
652.6402, 5656.927
653.1223, 5677.923
653.6044, 5697.398
654.0865, 5706.549
654.5687, 5709.399
655.0508, 5713.796
655.5329, 5722.157
656.0150, 5733.167
656.4971, 5748.047
656.9792, 5765.730
657.4614, 5780.735
657.9435, 5789.956
658.4256, 5800.584
658.9077, 5815.783
659.3898, 5835.237
659.8719, 5850.842
660.3541, 5861.818
660.8362, 5872.473
661.3183, 5884.295
661.8004, 5898.134
662.2825, 5919.922
662.7646, 5950.468
663.2468, 5980.361
663.7289, 5998.063
664.2110, 6011.433
664.6931, 6030.869
665.1752, 6060.023
665.6573, 6092.081
666.1395, 6123.124
666.6216, 6156.064
667.1037, 6194.491
667.5858, 6247.007
668.0679, 6294.650
668.5500, 6332.581
669.0322, 6366.121
669.5143, 6405.240
669.9964, 6450.050
670.4785, 6500.667
670.9606, 6557.662
671.4427, 6620.292
671.9249, 6685.136
672.4070, 6752.608
672.8891, 6824.671
673.3712, 6902.141
673.8533, 6984.495
674.3354, 7070.123
674.8176, 7159.249
675.2997, 7251.668
675.7818, 7343.713
676.2639, 7440.638
676.7460, 7547.998
677.2281, 7668.051
677.7103, 7783.826
678.1924, 7893.088
678.6745, 7999.419
679.1566, 8107.910
679.6387, 8221.616
680.1208, 8325.565
680.6030, 8421.822
681.0851, 8503.485
681.5672, 8566.855
682.0493, 8610.644
682.5314, 8632.293
683.0135, 8631.404
683.4957, 8606.601
683.9778, 8553.498
684.4599, 8475.296
684.9420, 8380.543
685.4241, 8264.350
685.9063, 8139.124
686.3884, 8002.568
686.8705, 7859.257
687.3526, 7722.919
687.8347, 7594.217
688.3168, 7469.998
688.7990, 7350.665
689.2811, 7235.128
689.7632, 7126.438
690.2453, 7025.296
690.7274, 6928.743
691.2095, 6833.510
691.6917, 6742.806
692.1738, 6665.401
692.6559, 6602.042
693.1380, 6545.655
693.6201, 6493.043
694.1022, 6444.028
694.5844, 6397.634
695.0665, 6353.783
695.5486, 6313.763
696.0307, 6281.153
696.5128, 6250.521
696.9949, 6216.812
697.4771, 6175.744
697.9592, 6140.730
698.4413, 6113.458
698.9234, 6090.588
699.4055, 6068.236
699.8876, 6046.466
700.3698, 6026.394
700.8519, 6007.951
701.3340, 5992.899
701.8161, 5989.256
702.2982, 5991.192
702.7803, 5983.397
703.2625, 5951.026
703.7446, 5918.319
704.2267, 5900.992
704.7088, 5895.398
705.1909, 5893.769
705.6730, 5898.420
706.1552, 5901.898
706.6373, 5902.270
707.1194, 5899.891
707.6015, 5896.419
708.0836, 5891.285
708.5657, 5886.394
709.0479, 5882.077
709.5300, 5878.540
710.0121, 5876.932
710.4942, 5877.188
710.9763, 5878.818
711.4584, 5883.276
711.9406, 5887.952
712.4227, 5889.013
712.9048, 5886.417
713.3869, 5884.165
713.8690, 5887.886
714.3511, 5890.057
714.8333, 5884.209
715.3154, 5864.776
715.7975, 5854.869
716.2796, 5861.470
716.7617, 5869.385
717.2438, 5865.534
717.7260, 5848.628
718.2081, 5835.623
718.6902, 5828.294
719.1723, 5822.332
719.6544, 5811.386
720.1365, 5798.001
720.6187, 5788.576
721.1008, 5784.615
721.5829, 5784.158
722.0650, 5787.858
722.5471, 5793.284
723.0292, 5797.288
723.5114, 5799.022
723.9935, 5798.870
724.4756, 5796.647
724.9577, 5792.562
725.4398, 5785.956
725.9219, 5774.531
726.4041, 5767.886
726.8862, 5769.153
727.3683, 5775.220
727.8504, 5779.912
728.3325, 5783.055
728.8146, 5783.235
729.2968, 5777.001
729.7789, 5769.869
730.2610, 5769.501
730.7431, 5773.798
731.2252, 5775.812
731.7073, 5771.740
732.1895, 5765.548
732.6716, 5756.263
733.1537, 5744.847
733.6358, 5742.221
734.1179, 5754.674
734.6000, 5765.301
735.0822, 5766.571
735.5643, 5759.486
736.0464, 5752.435
736.5285, 5745.333
737.0106, 5740.537
737.4927, 5741.494
737.9749, 5745.248
738.4570, 5745.400
738.9391, 5741.867
739.4212, 5741.971
739.9033, 5756.570
740.3854, 5771.711
740.8676, 5775.654
741.3497, 5762.615
741.8318, 5756.628
742.3139, 5763.709
742.7960, 5772.852
743.2781, 5776.280
743.7603, 5772.887
744.2424, 5771.776
744.7245, 5773.439
745.2066, 5776.502
745.6887, 5780.646
746.1708, 5785.079
746.6530, 5787.548
747.1351, 5787.588
747.6172, 5786.369
748.0993, 5781.068
748.5814, 5776.691
749.0635, 5779.109
749.5457, 5794.970
750.0278, 5809.159
750.5099, 5817.286
750.9920, 5824.090
751.4741, 5836.353
751.9562, 5856.944
752.4384, 5868.663
752.9205, 5866.533
753.4026, 5859.782
753.8847, 5864.584
754.3668, 5877.845
754.8489, 5887.164
755.3311, 5886.856
755.8132, 5884.839
756.2953, 5888.400
756.7774, 5895.048
757.2595, 5900.338
757.7416, 5901.828
758.2238, 5903.248
758.7059, 5904.723
759.1880, 5907.070
759.6701, 5912.603
760.1522, 5923.183
760.6343, 5931.444
761.1165, 5935.417
761.5986, 5936.298
762.0807, 5936.377
762.5628, 5935.813
763.0449, 5935.322
763.5270, 5934.098
764.0092, 5934.092
764.4913, 5939.238
764.9734, 5947.364
765.4555, 5951.844
765.9376, 5947.865
766.4197, 5942.214
766.9019, 5935.871
767.3840, 5929.442
767.8661, 5926.411
768.3482, 5928.314
768.8303, 5928.847
769.3124, 5924.380
769.7946, 5917.012
770.2767, 5915.417
770.7588, 5918.830
771.2409, 5920.134
771.7230, 5912.958
772.2051, 5903.077
772.6873, 5896.651
773.1694, 5893.203
773.6515, 5888.183
774.1336, 5875.549
774.6157, 5865.360
775.0978, 5863.025
775.5800, 5868.205
776.0621, 5871.647
776.5442, 5873.266
777.0263, 5873.458
777.5084, 5872.029
777.9905, 5869.290
778.4727, 5867.005
778.9548, 5865.073
779.4369, 5862.220
779.9190, 5855.471
780.4011, 5848.617
780.8832, 5846.092
781.3654, 5848.099
781.8475, 5848.961
782.3296, 5846.728
782.8117, 5842.909
783.2938, 5837.531
783.7759, 5830.169
784.2581, 5827.124
784.7402, 5829.815
785.2223, 5832.724
785.7044, 5831.444
786.1865, 5827.288
786.6686, 5826.007
787.1508, 5827.752
787.6329, 5827.936
788.1150, 5818.486
788.5971, 5808.733
789.0792, 5809.116
789.5613, 5821.900
790.0435, 5832.844
790.5256, 5837.292
791.0077, 5839.945
791.4898, 5843.377
791.9719, 5847.883
792.4540, 5849.866
792.9362, 5848.817
793.4183, 5846.767
793.9004, 5844.861
794.3825, 5843.280
794.8646, 5843.845
795.3467, 5846.751
795.8289, 5846.814
796.3110, 5835.402
796.7931, 5822.896
797.2752, 5819.304
797.7573, 5828.637
798.2394, 5834.627
798.7216, 5835.607
799.2037, 5832.924
799.6858, 5825.888
800.1679, 5813.170
800.6500, 5808.069
801.1321, 5811.642
801.6143, 5815.896
802.0964, 5812.854
802.5785, 5805.521
803.0606, 5798.116
803.5427, 5790.820
804.0248, 5788.718
804.5070, 5801.546
804.9891, 5815.947
805.4712, 5820.658
805.9533, 5809.607
806.4354, 5804.462
806.9175, 5807.514
807.3997, 5813.194
807.8818, 5817.311
808.3639, 5819.883
808.8460, 5826.003
809.3281, 5836.397
809.8102, 5843.443
810.2924, 5835.246
810.7745, 5821.810
811.2566, 5817.823
811.7387, 5826.229
812.2208, 5834.297
812.7029, 5836.335
813.1851, 5836.636
813.6672, 5838.766
814.1493, 5844.397
814.6314, 5843.917
815.1135, 5834.343
815.5956, 5826.117
816.0778, 5829.370
816.5599, 5841.499
817.0420, 5850.958
817.5241, 5857.086
818.0062, 5861.111
818.4883, 5861.899
818.9705, 5862.326
819.4526, 5865.752
819.9347, 5873.108
820.4168, 5878.775
820.8989, 5881.392
821.3810, 5882.060
821.8632, 5880.810
822.3453, 5877.307
822.8274, 5876.041
823.3095, 5877.562
823.7916, 5878.701
824.2737, 5875.677
824.7559, 5870.972
825.2380, 5869.876
825.7201, 5872.675
826.2022, 5876.211
826.6843, 5881.980
827.1664, 5885.196
827.6486, 5880.222
828.1307, 5864.292
828.6128, 5858.667
829.0949, 5868.201
829.5770, 5879.542
830.0591, 5885.117
830.5413, 5885.517
831.0234, 5888.663
831.5055, 5894.468
831.9876, 5899.336
832.4697, 5900.837
832.9518, 5899.983
833.4340, 5897.051
833.9161, 5892.306
834.3982, 5888.569
834.8803, 5886.744
835.3624, 5886.347
835.8445, 5887.642
836.3267, 5890.509
836.8088, 5891.568
837.2909, 5890.528
837.7730, 5889.109
838.2551, 5887.157
838.7372, 5885.917
839.2194, 5890.220
839.7015, 5898.929
840.1836, 5905.400
840.6657, 5903.841
841.1478, 5900.583
841.6299, 5898.979
842.1121, 5899.106
842.5942, 5900.346
843.0763, 5904.394
843.5584, 5906.245
844.0405, 5903.539
844.5226, 5897.624
845.0048, 5893.655
845.4869, 5891.544
845.9690, 5890.510
846.4511, 5890.698
846.9332, 5891.330
847.4153, 5892.377
847.8975, 5893.286
848.3796, 5892.399
848.8617, 5887.581
849.3438, 5882.777
849.8259, 5878.208
850.3080, 5874.767
850.7902, 5874.800
851.2723, 5878.432
851.7544, 5885.217
852.2365, 5895.668
852.7186, 5908.247
853.2007, 5924.198
853.6829, 5940.100
854.1650, 5946.524
854.6471, 5931.811
855.1292, 5917.042
855.6113, 5912.955
856.0934, 5915.356
856.5756, 5916.650
857.0577, 5916.883
857.5398, 5914.331
858.0219, 5907.040
858.5040, 5899.500
858.9861, 5899.547
859.4683, 5906.105
859.9504, 5914.193
860.4325, 5923.469
860.9146, 5930.897
861.3967, 5932.962
861.8788, 5931.752
862.3610, 5929.813
862.8431, 5927.380
863.3252, 5924.782
863.8073, 5921.196
864.2894, 5918.433
864.7715, 5918.619
865.2537, 5921.969
865.7358, 5926.067
866.2179, 5931.214
866.7000, 5934.827
867.1821, 5933.145
867.6642, 5928.889
868.1464, 5925.327
868.6285, 5922.625
869.1106, 5923.235
869.5927, 5931.681
870.0748, 5940.802
870.5569, 5945.442
871.0391, 5944.518
871.5212, 5945.310
872.0033, 5947.513
872.4854, 5951.833
872.9675, 5960.447
873.4496, 5970.948
873.9318, 5977.097
874.4139, 5978.879
874.8960, 5979.899
875.3781, 5982.062
875.8602, 5984.288
876.3423, 5984.757
876.8245, 5983.712
877.3066, 5988.616
877.7887, 6003.748
878.2708, 6015.646
878.7529, 6018.188
879.2350, 6014.104
879.7172, 6010.849
880.1993, 6008.817
880.6814, 6009.362
881.1635, 6013.760
881.6456, 6020.625
882.1277, 6030.716
882.6099, 6042.477
883.0920, 6051.354
883.5741, 6054.125
884.0562, 6056.857
884.5383, 6060.667
885.0204, 6064.523
885.5026, 6065.167
885.9847, 6062.877
886.4668, 6063.720
886.9489, 6069.948
887.4310, 6078.555
887.9131, 6086.988
888.3953, 6095.345
888.8774, 6104.036
889.3595, 6117.476
889.8416, 6124.742
890.3237, 6122.369
890.8058, 6115.310
891.2880, 6107.581
891.7701, 6099.009
892.2522, 6092.945
892.7343, 6089.565
893.2164, 6089.119
893.6985, 6093.959
894.1807, 6100.958
894.6628, 6105.560
895.1449, 6106.766
895.6270, 6107.439
896.1091, 6110.215
896.5912, 6111.262
897.0734, 6106.944
897.5555, 6096.283
898.0376, 6094.986
898.5197, 6104.736
899.0018, 6114.314
899.4839, 6113.876
899.9661, 6108.786
900.4482, 6108.061
900.9303, 6111.829
901.4124, 6119.167
901.8945, 6135.896
902.3766, 6149.944
902.8588, 6152.450
903.3409, 6146.605
903.8230, 6147.848
904.3051, 6157.752
904.7872, 6168.253
905.2693, 6177.089
905.7515, 6184.420
906.2336, 6191.025
906.7157, 6196.493
907.1978, 6199.511
907.6799, 6192.141
908.1620, 6191.529
908.6442, 6213.454
909.1263, 6244.550
909.6084, 6262.403
910.0905, 6261.997
910.5726, 6260.188
911.0547, 6256.839
911.5369, 6256.689
912.0190, 6269.456
912.5011, 6290.355
912.9832, 6305.914
913.4653, 6313.666
913.9474, 6317.102
914.4296, 6314.120
914.9117, 6310.606
915.3938, 6311.550
915.8759, 6317.696
916.3580, 6327.018
916.8401, 6342.031
917.3223, 6353.728
917.8044, 6352.744
918.2865, 6343.349
918.7686, 6342.940
919.2507, 6350.627
919.7328, 6356.519
920.2150, 6355.095
920.6971, 6349.464
921.1792, 6339.285
921.6613, 6325.802
922.1434, 6317.533
922.6255, 6318.421
923.1077, 6315.229
923.5898, 6301.882
924.0719, 6284.565
924.5540, 6278.989
925.0361, 6282.350
925.5182, 6283.616
926.0004, 6278.683
926.4825, 6270.146
926.9646, 6254.846
927.4467, 6238.383
927.9288, 6230.153
928.4109, 6237.008
928.8931, 6238.145
929.3752, 6231.518
929.8573, 6221.236
930.3394, 6210.236
930.8215, 6199.458
931.3036, 6193.071
931.7858, 6191.993
932.2679, 6189.268
932.7500, 6178.653
933.2321, 6165.671
933.7142, 6153.688
934.1964, 6143.036
934.6785, 6135.835
935.1606, 6132.995
935.6427, 6131.829
936.1248, 6132.023
936.6069, 6132.526
937.0891, 6128.295
937.5712, 6120.451
938.0533, 6115.071
938.5354, 6117.178
939.0175, 6120.799
939.4996, 6123.896
939.9818, 6125.651
940.4639, 6123.779
940.9460, 6115.854
941.4281, 6110.368
941.9102, 6109.039
942.3923, 6110.186
942.8745, 6111.760
943.3566, 6113.589
943.8387, 6114.600
944.3208, 6113.619
944.8029, 6115.354
945.2850, 6126.904
945.7672, 6139.760
946.2493, 6146.232
946.7314, 6146.193
947.2135, 6138.722
947.6956, 6120.941
948.1777, 6105.857
948.6599, 6106.269
949.1420, 6116.446
949.6241, 6123.359
950.1062, 6126.839
950.5883, 6129.126
951.0704, 6129.514
951.5526, 6130.771
952.0347, 6133.908
952.5168, 6139.005
952.9989, 6147.871
953.4810, 6162.414
953.9631, 6171.204
954.4453, 6169.608
954.9274, 6163.095
955.4095, 6159.097
955.8916, 6157.400
956.3737, 6157.768
956.8558, 6162.412
957.3380, 6164.905
957.8201, 6158.833
958.3022, 6152.640
958.7843, 6155.692
959.2664, 6171.223
959.7485, 6176.285
960.2307, 6168.848
960.7128, 6161.101
961.1949, 6164.306
961.6770, 6173.695
962.1591, 6184.193
962.6412, 6195.144
963.1234, 6202.272
963.6055, 6197.287
964.0876, 6196.088
964.5697, 6207.315
965.0518, 6226.280
965.5339, 6229.910
966.0161, 6218.162
966.4982, 6211.807
966.9803, 6221.273
967.4624, 6235.439
967.9445, 6243.319
968.4266, 6246.787
968.9088, 6248.798
969.3909, 6246.783
969.8730, 6248.898
970.3551, 6259.813
970.8372, 6269.764
971.3193, 6265.325
971.8015, 6248.928
972.2836, 6244.194
972.7657, 6253.287
973.2478, 6264.935
973.7299, 6272.211
974.2120, 6277.027
974.6942, 6281.143
975.1763, 6284.657
975.6584, 6285.208
976.1405, 6280.007
976.6226, 6277.845
977.1047, 6282.813
977.5869, 6292.155
978.0690, 6299.009
978.5511, 6303.541
979.0332, 6306.743
979.5153, 6309.000
979.9974, 6309.942
980.4796, 6307.979
980.9617, 6305.142
981.4438, 6304.329
981.9259, 6306.194
982.4080, 6308.845
982.8901, 6312.893
983.3723, 6315.349
983.8544, 6310.510
984.3365, 6302.989
984.8186, 6301.309
985.3007, 6306.220
985.7828, 6314.560
986.2650, 6333.439
986.7471, 6346.197
987.2292, 6342.437
987.7113, 6326.499
988.1934, 6322.928
988.6755, 6332.282
989.1577, 6339.009
989.6398, 6335.244
990.1219, 6329.041
990.6040, 6330.293
991.0861, 6335.783
991.5682, 6340.103
992.0504, 6340.338
992.5325, 6341.576
993.0146, 6345.689
993.4967, 6348.998
993.9788, 6347.416
994.4609, 6341.599
994.9431, 6337.221
995.4252, 6334.596
995.9073, 6331.503
996.3894, 6325.304
996.8715, 6318.878
997.3536, 6314.734
997.8358, 6312.789
998.3179, 6309.397
998.8000, 6303.868
999.2821, 6298.427
999.7642, 6293.187
1000.246, 6289.130
1000.728, 6289.161
1001.211, 6292.011
1001.693, 6294.922
1002.175, 6299.053
1002.657, 6298.757
1003.139, 6285.698
1003.621, 6271.244
1004.103, 6265.920
1004.585, 6271.274
1005.068, 6277.520
1005.550, 6284.912
1006.032, 6290.644
1006.514, 6290.634
1006.996, 6288.917
1007.478, 6290.530
1007.960, 6295.154
1008.442, 6300.103
1008.924, 6307.361
1009.407, 6311.041
1009.889, 6309.390
1010.371, 6304.004
1010.853, 6297.261
1011.335, 6289.522
1011.817, 6283.627
1012.299, 6280.469
1012.781, 6278.541
1013.263, 6277.404
1013.746, 6276.740
1014.228, 6276.410
1014.710, 6276.729
1015.192, 6276.372
1015.674, 6275.179
1016.156, 6274.152
1016.638, 6272.903
1017.120, 6272.634
1017.603, 6278.414
1018.085, 6287.866
1018.567, 6292.576
1019.049, 6281.528
1019.531, 6273.617
1020.013, 6274.320
1020.495, 6280.835
1020.977, 6292.732
1021.459, 6310.310
1021.942, 6312.211
1022.424, 6293.754
1022.906, 6274.900
1023.388, 6276.242
1023.870, 6285.143
1024.352, 6288.265
1024.834, 6283.649
1025.316, 6285.027
1025.799, 6297.147
1026.281, 6307.297
1026.763, 6308.916
1027.245, 6306.658
1027.727, 6314.763
1028.209, 6329.862
1028.691, 6340.377
1029.173, 6339.006
1029.656, 6336.606
1030.138, 6335.204
1030.620, 6337.156
1031.102, 6345.941
1031.584, 6363.847
1032.066, 6373.409
1032.548, 6373.136
1033.030, 6374.944
1033.512, 6392.839
1033.995, 6415.481
1034.477, 6427.565
1034.959, 6430.502
1035.441, 6438.245
1035.923, 6463.688
1036.405, 6478.237
1036.887, 6471.259
1037.369, 6456.545
1037.851, 6466.210
1038.334, 6492.312
1038.816, 6502.442
1039.298, 6485.431
1039.780, 6470.208
1040.262, 6480.136
1040.744, 6494.879
1041.226, 6497.653
1041.708, 6487.576
1042.191, 6478.979
1042.673, 6471.646
1043.155, 6466.945
1043.637, 6467.065
1044.119, 6468.901
1044.601, 6468.391
1045.083, 6466.165
1045.565, 6463.685
1046.047, 6464.494
1046.530, 6459.519
1047.012, 6443.962
1047.494, 6428.595
1047.976, 6428.678
1048.458, 6440.067
1048.940, 6441.989
1049.422, 6433.060
1049.904, 6422.924
1050.386, 6418.919
1050.869, 6414.214
1051.351, 6401.747
1051.833, 6384.651
1052.315, 6377.635
1052.797, 6382.488
1053.279, 6382.786
1053.761, 6372.672
1054.243, 6359.998
1054.726, 6354.447
1055.208, 6352.775
1055.690, 6350.799
1056.172, 6348.261
1056.654, 6343.154
1057.136, 6334.606
1057.618, 6325.007
1058.100, 6315.162
1058.583, 6305.537
1059.065, 6298.334
1059.547, 6293.137
1060.029, 6287.940
1060.511, 6281.445
1060.993, 6275.257
1061.475, 6268.389
1061.957, 6263.209
1062.439, 6264.182
1062.922, 6272.542
1063.404, 6275.772
1063.886, 6272.575
1064.368, 6267.445
1064.850, 6265.396
1065.332, 6262.681
1065.814, 6252.592
1066.296, 6236.020
1066.778, 6229.202
1067.261, 6238.395
1067.743, 6245.459
1068.225, 6245.357
1068.707, 6241.301
1069.189, 6236.360
1069.671, 6232.526
1070.153, 6236.000
1070.635, 6251.028
1071.118, 6262.735
1071.600, 6265.152
1072.082, 6261.821
1072.564, 6252.539
1073.046, 6238.439
1073.528, 6232.983
1074.010, 6235.822
1074.492, 6240.252
1074.974, 6242.354
1075.457, 6245.316
1075.939, 6253.464
1076.421, 6263.406
1076.903, 6268.900
1077.385, 6266.819
1077.867, 6269.570
1078.349, 6278.747
1078.831, 6287.868
1079.313, 6288.084
1079.796, 6285.866
1080.278, 6292.723
1080.760, 6307.572
1081.242, 6319.102
1081.724, 6318.956
1082.206, 6321.534
1082.688, 6330.071
1083.170, 6342.176
1083.652, 6355.515
1084.135, 6368.880
1084.617, 6376.511
1085.099, 6376.851
1085.581, 6375.681
1086.063, 6373.728
1086.545, 6374.085
1087.027, 6381.344
1087.509, 6393.792
1087.992, 6391.536
1088.474, 6374.387
1088.956, 6359.458
1089.438, 6354.931
1089.920, 6353.239
1090.402, 6348.931
1090.884, 6341.864
1091.366, 6331.283
1091.849, 6314.415
1092.331, 6301.737
1092.813, 6294.032
1093.295, 6287.859
1093.777, 6282.815
1094.259, 6276.527
1094.741, 6261.237
1095.223, 6240.154
1095.705, 6224.616
1096.188, 6223.149
1096.670, 6222.263
1097.152, 6221.286
1097.634, 6217.680
1098.116, 6206.769
1098.598, 6190.018
1099.080, 6173.976
1099.562, 6159.216
1100.044, 6147.139
1100.527, 6142.478
1101.009, 6136.869
1101.491, 6124.275
1101.973, 6107.522
1102.455, 6095.279
1102.937, 6087.570
1103.419, 6083.682
1103.901, 6084.487
1104.384, 6085.251
1104.866, 6079.891
1105.348, 6073.216
1105.830, 6070.595
1106.312, 6073.283
1106.794, 6073.397
1107.276, 6070.665
1107.758, 6065.962
1108.240, 6057.961
1108.723, 6050.208
1109.205, 6049.827
1109.687, 6053.361
1110.169, 6053.962
1110.651, 6045.304
1111.133, 6042.368
1111.615, 6049.351
1112.097, 6056.138
1112.579, 6052.485
1113.062, 6042.496
1113.544, 6042.950
1114.026, 6051.398
1114.508, 6055.475
1114.990, 6042.990
1115.472, 6033.004
1115.954, 6034.259
1116.436, 6038.930
1116.919, 6037.631
1117.401, 6030.601
1117.883, 6017.952
1118.365, 5999.745
1118.847, 5987.106
1119.329, 5993.678
1119.811, 6003.247
1120.293, 6005.174
1120.776, 6001.098
1121.258, 5996.242
1121.740, 5989.870
1122.222, 5991.489
1122.704, 6005.591
1123.186, 6016.644
1123.668, 6002.612
1124.150, 5980.993
1124.632, 5970.471
1125.115, 5974.396
1125.597, 5978.478
1126.079, 5983.136
1126.561, 5985.948
1127.043, 5986.273
1127.525, 5984.001
1128.007, 5977.793
1128.489, 5969.375
1128.971, 5961.545
1129.454, 5954.926
1129.936, 5949.786
1130.418, 5946.963
1130.900, 5944.091
1131.382, 5937.781
1131.864, 5931.114
1132.346, 5936.188
1132.828, 5949.225
1133.311, 5957.792
1133.793, 5950.843
1134.275, 5946.106
1134.757, 5948.581
1135.239, 5953.349
1135.721, 5956.803
1136.203, 5958.591
1136.685, 5955.210
1137.167, 5947.125
1137.650, 5941.145
1138.132, 5941.760
1138.614, 5944.986
1139.096, 5952.061
1139.578, 5959.102
1140.060, 5958.974
1140.542, 5951.569
1141.024, 5946.000
1141.506, 5943.329
1141.989, 5942.348
1142.471, 5943.555
1142.953, 5944.947
1143.435, 5945.655
1143.917, 5945.300
1144.399, 5941.979
1144.881, 5935.023
1145.363, 5928.771
1145.846, 5923.041
1146.328, 5923.319
1146.810, 5946.172
1147.292, 5971.380
1147.774, 5974.038
1148.256, 5948.871
1148.738, 5936.354
1149.220, 5940.528
1149.703, 5944.560
1150.185, 5941.961
1150.667, 5937.512
1151.149, 5937.312
1151.631, 5940.500
1152.113, 5946.587
1152.595, 5957.711
1153.077, 5962.845
1153.559, 5958.609
1154.042, 5955.408
1154.524, 5960.425
1155.006, 5968.739
1155.488, 5968.453
1155.970, 5962.597
1156.452, 5958.802
1156.934, 5964.755
1157.416, 5962.418
1157.898, 5944.203
1158.381, 5927.033
1158.863, 5926.591
1159.345, 5937.641
1159.827, 5938.628
1160.309, 5931.657
1160.791, 5925.260
1161.273, 5923.056
1161.755, 5922.243
1162.238, 5922.323
1162.720, 5922.968
1163.202, 5924.906
1163.684, 5927.361
1164.166, 5923.614
1164.648, 5914.350
1165.130, 5909.013
1165.612, 5920.329
1166.094, 5928.094
1166.577, 5920.144
1167.059, 5906.087
1167.541, 5902.268
1168.023, 5907.518
1168.505, 5904.889
1168.987, 5892.622
1169.469, 5882.694
1169.951, 5884.832
1170.433, 5890.556
1170.916, 5897.043
1171.398, 5902.653
1171.880, 5902.266
1172.362, 5895.968
1172.844, 5892.792
1173.326, 5894.822
1173.808, 5896.722
1174.290, 5891.297
1174.773, 5886.168
1175.255, 5888.976
1175.737, 5897.829
1176.219, 5903.415
1176.701, 5905.812
1177.183, 5903.620
1177.665, 5895.371
1178.147, 5886.493
1178.630, 5880.257
1179.112, 5877.345
1179.594, 5880.333
1180.076, 5889.153
1180.558, 5891.583
1181.040, 5886.821
1181.522, 5884.524
1182.004, 5890.198
1182.486, 5895.948
1182.969, 5890.514
1183.451, 5881.710
1183.933, 5879.744
1184.415, 5886.985
1184.897, 5891.064
1185.379, 5891.620
1185.861, 5890.978
1186.343, 5889.952
1186.825, 5888.774
1187.308, 5887.933
1187.790, 5887.047
1188.272, 5885.399
1188.754, 5882.117
1189.236, 5880.754
1189.718, 5881.737
1190.200, 5882.693
1190.682, 5882.444
1191.165, 5881.112
1191.647, 5878.316
1192.129, 5874.726
1192.611, 5871.519
1193.093, 5868.176
1193.575, 5867.932
1194.057, 5872.091
1194.539, 5874.263
1195.021, 5863.560
1195.504, 5851.927
1195.986, 5860.190
1196.468, 5881.195
1196.950, 5893.252
1197.432, 5889.522
1197.914, 5882.974
1198.396, 5872.771
1198.878, 5865.360
1199.360, 5873.201
1199.843, 5883.723
1200.325, 5873.165
1200.807, 5847.829
1201.289, 5837.196
1201.771, 5855.712
1202.253, 5867.659
1202.735, 5868.554
1203.217, 5864.336
1203.700, 5858.880
1204.182, 5854.092
1204.664, 5852.040
1205.146, 5853.022
1205.628, 5858.679
1206.110, 5874.503
1206.592, 5881.592
1207.074, 5874.763
1207.557, 5864.395
1208.039, 5862.771
1208.521, 5866.234
1209.003, 5870.405
1209.485, 5874.685
1209.967, 5877.612
1210.449, 5879.200
1210.931, 5879.039
1211.413, 5876.555
1211.896, 5873.778
1212.378, 5873.519
1212.860, 5874.737
1213.342, 5877.835
1213.824, 5882.845
1214.306, 5878.426
1214.788, 5858.680
1215.270, 5844.009
1215.752, 5840.368
1216.235, 5842.753
1216.717, 5847.411
1217.199, 5851.764
1217.681, 5850.917
1218.163, 5843.712
1218.645, 5840.643
1219.127, 5843.320
1219.609, 5847.825
1220.092, 5854.518
1220.574, 5858.897
1221.056, 5849.528
1221.538, 5835.835
1222.020, 5833.120
1222.502, 5846.007
1222.984, 5849.436
1223.466, 5837.773
1223.948, 5832.743
1224.431, 5845.000
1224.913, 5861.916
1225.395, 5866.681
1225.877, 5863.549
1226.359, 5857.442
1226.841, 5847.944
1227.323, 5842.522
1227.805, 5842.039
1228.287, 5842.272
1228.770, 5841.448
1229.252, 5840.508
1229.734, 5841.912
1230.216, 5843.459
1230.698, 5841.893
1231.180, 5836.099
1231.662, 5829.748
1232.144, 5822.104
1232.627, 5818.621
1233.109, 5824.864
1233.591, 5831.377
1234.073, 5823.618
1234.555, 5810.876
1235.037, 5807.277
1235.519, 5817.021
1236.001, 5816.026
1236.484, 5802.962
1236.966, 5792.081
1237.448, 5792.081
1237.930, 5795.130
1238.412, 5792.370
1238.894, 5788.195
1239.376, 5788.869
1239.858, 5794.942
1240.340, 5801.914
1240.823, 5809.640
1241.305, 5816.317
1241.787, 5819.526
1242.269, 5822.961
1242.751, 5834.180
1243.233, 5844.435
1243.715, 5841.194
1244.197, 5822.326
1244.679, 5812.667
1245.162, 5812.028
1245.644, 5813.662
1246.126, 5815.342
1246.608, 5816.396
1247.090, 5816.500
1247.572, 5815.851
1248.054, 5815.532
1248.536, 5815.877
1249.019, 5808.827
1249.501, 5795.370
1249.983, 5784.939
1250.465, 5780.847
1250.947, 5783.677
1251.429, 5803.242
1251.911, 5822.277
1252.393, 5822.123
1252.875, 5804.120
1253.358, 5796.153
1253.840, 5797.125
1254.322, 5800.009
1254.804, 5801.623
1255.286, 5803.715
1255.768, 5807.819
1256.250, 5811.564
1256.732, 5812.007
1257.214, 5810.151
1257.697, 5812.712
1258.179, 5818.889
1258.661, 5824.558
1259.143, 5830.410
1259.625, 5831.833
1260.107, 5826.490
1260.589, 5819.729
1261.071, 5814.578
1261.554, 5811.920
1262.036, 5816.213
1262.518, 5825.575
1263.000, 5833.792
1263.482, 5844.000
1263.964, 5842.435
1264.446, 5823.789
1264.928, 5803.477
1265.411, 5795.104
1265.893, 5793.670
1266.375, 5789.286
1266.857, 5783.685
1267.339, 5781.968
1267.821, 5790.874
1268.303, 5793.208
1268.785, 5786.995
1269.267, 5780.803
1269.750, 5782.584
1270.232, 5787.533
1270.714, 5790.209
1271.196, 5790.981
1271.678, 5790.525
1272.160, 5788.090
1272.642, 5787.491
1273.124, 5789.024
1273.606, 5789.878
1274.089, 5785.607
1274.571, 5781.907
1275.053, 5784.991
1275.535, 5791.774
1276.017, 5797.188
1276.499, 5801.420
1276.981, 5800.817
1277.463, 5795.431
1277.946, 5790.820
1278.428, 5794.321
1278.910, 5795.835
1279.392, 5785.853
1279.874, 5772.758
1280.356, 5766.853
1280.838, 5768.057
1281.320, 5765.314
1281.802, 5759.227
1282.285, 5756.008
1282.767, 5761.030
1283.249, 5766.962
1283.731, 5771.852
1284.213, 5775.678
1284.695, 5778.125
1285.177, 5779.355
1285.659, 5779.785
1286.141, 5779.777
1286.624, 5780.943
1287.106, 5788.200
1287.588, 5789.456
1288.070, 5780.715
1288.552, 5771.517
1289.034, 5771.041
1289.516, 5775.307
1289.998, 5775.102
1290.481, 5772.128
1290.963, 5770.865
1291.445, 5775.023
1291.927, 5776.427
1292.409, 5774.442
1292.891, 5772.126
1293.373, 5772.531
1293.855, 5773.194
1294.338, 5770.385
1294.820, 5765.694
1295.302, 5761.843
1295.784, 5757.818
1296.266, 5760.108
1296.748, 5769.111
1297.230, 5777.108
1297.712, 5777.428
1298.194, 5777.108
1298.677, 5784.787
1299.159, 5792.515
1299.641, 5789.408
1300.123, 5774.958
1300.605, 5767.162
1301.087, 5765.397
1301.569, 5764.593
1302.051, 5764.210
1302.533, 5759.755
1303.016, 5749.263
##END=



