##NAMES=Lefontite
##RRUFFID=R140074
##IDEAL CHEMISTRY=Fe^2+^_2_Al_2_Be(PO_4_)_2_(OH)_6_
##LOCALITY=Galiléia, Minas Gerais, Brazil
##OWNER=RRUFF
##SOURCE=Bob Jenkins
##DESCRIPTION=Reddish brown elongated crystals. Associated with ushkovite (R060954), atencioite, rockbridgeite, and albite.
##STATUS=The identification of this mineral is confirmed by single-crystal X-ray diffraction and chemical analysis.
##URL=rruff.info/R140074
##MEASURED CHEMISTRY=(Fe_1.02_Mn_0.81_Ca_0.13_Mg_0.04_)_Σ=2.00_Al_1.99_(Be_1.02_Li_0.08_)(P_0.99_O_4_)_2_(OH)_6_ ; The BeO and Li2O contents were taken from R140428, which were determined by ICP-MS.
112.7731, 957.1954
113.2552, 955.1371
113.7373, 952.6213
114.2194, 949.8550
114.7015, 946.3558
115.1836, 943.4730
115.6658, 941.6218
116.1479, 940.1496
116.6300, 938.5457
117.1121, 936.6440
117.5942, 934.3333
118.0763, 931.1611
118.5584, 926.5410
119.0406, 922.4266
119.5227, 919.4291
120.0048, 917.3765
120.4869, 915.8618
120.9690, 914.9657
121.4511, 914.3220
121.9333, 913.2610
122.4154, 911.8303
122.8975, 909.8915
123.3796, 907.0373
123.8617, 903.1075
124.3438, 899.5186
124.8260, 897.5772
125.3081, 896.1185
125.7902, 893.9579
126.2723, 890.3974
126.7544, 886.2986
127.2365, 883.8028
127.7187, 884.1023
128.2008, 884.0508
128.6829, 882.7343
129.1650, 880.5497
129.6471, 877.9604
130.1292, 875.1677
130.6114, 872.2203
131.0935, 869.8068
131.5756, 869.0084
132.0577, 867.7239
132.5398, 865.0226
133.0219, 861.3278
133.5041, 857.7288
133.9862, 855.1717
134.4683, 853.8159
134.9504, 852.5624
135.4325, 851.7578
135.9146, 850.7675
136.3968, 849.1439
136.8789, 846.8817
137.3610, 844.3411
137.8431, 841.8168
138.3252, 839.1885
138.8073, 837.4600
139.2895, 837.7024
139.7716, 838.4719
140.2537, 837.9332
140.7358, 835.5216
141.2179, 832.4416
141.7000, 830.1316
142.1821, 828.5012
142.6643, 827.2314
143.1464, 826.6513
143.6285, 826.4409
144.1106, 825.2825
144.5927, 822.0779
145.0748, 818.7839
145.5570, 817.2385
146.0391, 817.4548
146.5212, 818.0025
147.0033, 817.7259
147.4854, 816.5627
147.9675, 815.1646
148.4497, 813.2359
148.9318, 811.3490
149.4139, 809.7512
149.8960, 808.5156
150.3781, 807.6591
150.8602, 807.3417
151.3424, 808.0506
151.8245, 808.2059
152.3066, 807.2636
152.7887, 806.0486
153.2708, 805.3444
153.7529, 805.4247
154.2351, 805.7940
154.7172, 805.1825
155.1993, 801.8105
155.6814, 799.5920
156.1635, 799.4352
156.6456, 800.3004
157.1278, 801.0334
157.6099, 801.0740
158.0920, 800.5038
158.5741, 799.6217
159.0562, 797.8232
159.5383, 796.4171
160.0205, 795.8210
160.5026, 795.8637
160.9847, 796.1940
161.4668, 796.6859
161.9489, 797.2684
162.4310, 797.6417
162.9131, 798.0699
163.3953, 798.0811
163.8774, 797.0462
164.3595, 795.0889
164.8416, 793.4433
165.3237, 792.8890
165.8058, 793.2363
166.2880, 793.9346
166.7701, 795.2316
167.2522, 796.6252
167.7343, 797.5808
168.2164, 798.0773
168.6985, 798.2272
169.1807, 797.7973
169.6628, 797.1254
170.1449, 796.6130
170.6270, 796.4279
171.1091, 796.4845
171.5912, 796.5831
172.0734, 796.6778
172.5555, 796.9167
173.0376, 797.5048
173.5197, 798.2247
174.0018, 798.7191
174.4839, 798.6550
174.9661, 798.2092
175.4482, 798.4960
175.9303, 800.4788
176.4124, 802.1505
176.8945, 802.6751
177.3766, 802.5293
177.8588, 802.6085
178.3409, 803.6380
178.8230, 805.6318
179.3051, 806.9969
179.7872, 806.9153
180.2693, 807.0097
180.7515, 807.8503
181.2336, 809.2953
181.7157, 810.8732
182.1978, 812.1893
182.6799, 813.2087
183.1620, 814.2439
183.6441, 815.4047
184.1263, 816.4760
184.6084, 817.2797
185.0905, 817.8521
185.5726, 818.4197
186.0547, 819.2128
186.5368, 820.2794
187.0190, 821.1115
187.5011, 821.5414
187.9832, 821.8653
188.4653, 822.1129
188.9474, 822.3199
189.4296, 822.9408
189.9117, 824.6198
190.3938, 827.3281
190.8759, 829.7604
191.3580, 832.0459
191.8401, 833.8592
192.3223, 834.7148
192.8044, 834.4613
193.2865, 833.7578
193.7686, 832.9846
194.2507, 832.2004
194.7328, 831.6887
195.2150, 831.4608
195.6971, 831.5703
196.1792, 832.2662
196.6613, 833.8765
197.1434, 835.3831
197.6255, 836.0420
198.1077, 836.0339
198.5898, 835.7320
199.0719, 835.1411
199.5540, 834.3635
200.0361, 833.9068
200.5182, 834.1395
201.0004, 834.1783
201.4825, 833.4426
201.9646, 832.1586
202.4467, 830.8881
202.9288, 829.9336
203.4109, 829.2985
203.8930, 829.0755
204.3752, 829.5964
204.8573, 830.2369
205.3394, 831.0390
205.8215, 831.8002
206.3036, 832.1026
206.7857, 831.4952
207.2679, 829.9212
207.7500, 828.5687
208.2321, 827.9138
208.7142, 827.0491
209.1963, 825.3787
209.6784, 823.1873
210.1606, 821.2499
210.6427, 820.2996
211.1248, 820.4667
211.6069, 820.4957
212.0890, 820.4842
212.5711, 820.2623
213.0533, 819.5544
213.5354, 818.5178
214.0175, 817.6352
214.4996, 817.4145
214.9817, 818.0405
215.4638, 817.9808
215.9460, 816.8893
216.4281, 815.5921
216.9102, 814.5159
217.3923, 813.6437
217.8744, 812.6332
218.3565, 811.0903
218.8387, 808.8961
219.3208, 807.5182
219.8029, 807.5041
220.2850, 807.7466
220.7671, 807.7543
221.2492, 807.4381
221.7314, 806.6884
222.2135, 805.3000
222.6956, 803.2228
223.1777, 801.4938
223.6598, 800.3034
224.1419, 799.3112
224.6240, 798.3965
225.1062, 797.5256
225.5883, 796.4757
226.0704, 795.1417
226.5525, 793.4539
227.0346, 791.1972
227.5167, 787.6547
227.9989, 783.9797
228.4810, 781.3747
228.9631, 779.9248
229.4452, 778.6880
229.9273, 777.0252
230.4094, 775.0619
230.8916, 773.1370
231.3737, 771.1592
231.8558, 769.3300
232.3379, 768.1785
232.8200, 767.8832
233.3021, 766.9992
233.7843, 763.8071
234.2664, 759.5443
234.7485, 756.1039
235.2306, 754.2684
235.7127, 753.1967
236.1948, 751.8613
236.6770, 750.2814
237.1591, 748.3108
237.6412, 745.4380
238.1233, 742.2568
238.6054, 739.4482
239.0875, 737.3839
239.5697, 735.5439
240.0518, 732.9812
240.5339, 729.3578
241.0160, 726.0694
241.4981, 723.7569
241.9802, 721.9787
242.4624, 720.4222
242.9445, 719.0298
243.4266, 717.6803
243.9087, 716.2218
244.3908, 714.7509
244.8729, 712.8793
245.3550, 709.8754
245.8372, 706.7753
246.3193, 704.5738
246.8014, 703.6340
247.2835, 703.3113
247.7656, 702.5270
248.2477, 701.2221
248.7299, 699.5474
249.2120, 697.3432
249.6941, 694.9517
250.1762, 692.5574
250.6583, 690.2252
251.1404, 688.0577
251.6226, 686.2359
252.1047, 684.9277
252.5868, 683.6284
253.0689, 682.0477
253.5510, 680.6125
254.0331, 679.9123
254.5153, 679.9877
254.9974, 680.0203
255.4795, 678.6132
255.9616, 674.7886
256.4437, 671.6299
256.9258, 668.9465
257.4080, 666.9754
257.8901, 666.2090
258.3722, 666.5691
258.8543, 667.2020
259.3364, 666.9401
259.8185, 665.4076
260.3007, 663.8707
260.7828, 661.9612
261.2649, 660.3041
261.7470, 659.5812
262.2291, 659.6872
262.7112, 659.7384
263.1934, 658.6350
263.6755, 655.8611
264.1576, 653.8025
264.6397, 652.6187
265.1218, 651.8576
265.6039, 651.3760
266.0861, 651.1100
266.5682, 651.0093
267.0503, 651.0730
267.5324, 651.3893
268.0145, 651.2435
268.4966, 650.5391
268.9788, 649.5707
269.4609, 648.3193
269.9430, 646.8942
270.4251, 645.5523
270.9072, 644.4868
271.3893, 643.7062
271.8715, 643.2216
272.3536, 643.2355
272.8357, 643.2776
273.3178, 643.0506
273.7999, 642.6699
274.2820, 642.4857
274.7642, 642.7523
275.2463, 643.4315
275.7284, 644.0610
276.2105, 645.1629
276.6926, 645.6874
277.1747, 644.7898
277.6568, 643.0345
278.1389, 641.7125
278.6211, 641.5770
279.1032, 642.3268
279.5853, 642.6746
280.0674, 642.4649
280.5495, 642.1347
281.0316, 641.5576
281.5138, 640.9612
281.9959, 640.8313
282.4780, 641.4355
282.9601, 642.4387
283.4422, 642.9498
283.9243, 642.7543
284.4065, 642.5764
284.8886, 642.6290
285.3707, 642.7706
285.8528, 642.7858
286.3349, 642.5984
286.8170, 642.2934
287.2992, 641.9064
287.7813, 641.1909
288.2634, 641.2003
288.7455, 642.9703
289.2276, 645.2070
289.7097, 646.1389
290.1919, 645.3268
290.6740, 644.0343
291.1561, 643.8955
291.6382, 645.1239
292.1203, 645.8108
292.6024, 645.3412
293.0846, 644.4885
293.5667, 644.0201
294.0488, 644.0300
294.5309, 644.1169
295.0130, 643.8734
295.4951, 643.2993
295.9773, 642.9695
296.4594, 643.1174
296.9415, 643.3578
297.4236, 643.4194
297.9057, 643.2885
298.3878, 643.0707
298.8700, 642.9548
299.3521, 642.7831
299.8342, 641.8898
300.3163, 639.2652
300.7984, 636.8534
301.2805, 636.0217
301.7627, 636.4827
302.2448, 636.9098
302.7269, 636.7098
303.2090, 635.9095
303.6911, 634.6609
304.1732, 632.6359
304.6554, 630.7374
305.1375, 629.4009
305.6196, 628.5028
306.1017, 627.7752
306.5838, 627.1945
307.0659, 626.6052
307.5481, 625.7289
308.0302, 624.6193
308.5123, 623.2003
308.9944, 621.0878
309.4765, 618.7245
309.9586, 617.0556
310.4408, 616.4578
310.9229, 616.0117
311.4050, 614.2880
311.8871, 611.2310
312.3692, 608.6422
312.8513, 607.2575
313.3335, 606.3443
313.8156, 604.9243
314.2977, 602.8386
314.7798, 600.8206
315.2619, 599.7147
315.7440, 599.4269
316.2262, 598.5516
316.7083, 596.6285
317.1904, 594.3195
317.6725, 592.0970
318.1546, 589.9773
318.6367, 587.9063
319.1188, 585.7990
319.6010, 583.7327
320.0831, 581.9424
320.5652, 580.5349
321.0473, 579.2773
321.5294, 578.2401
322.0115, 577.3009
322.4937, 575.9440
322.9758, 573.8254
323.4579, 571.2766
323.9400, 569.2234
324.4221, 567.9042
324.9042, 566.4625
325.3864, 564.4503
325.8685, 562.1298
326.3506, 559.9239
326.8327, 557.9302
327.3148, 556.2169
327.7969, 555.0391
328.2791, 554.5350
328.7612, 553.6904
329.2433, 551.9690
329.7254, 549.9773
330.2075, 548.5120
330.6896, 547.7111
331.1718, 546.9620
331.6539, 545.5975
332.1360, 543.5587
332.6181, 541.7632
333.1002, 540.2414
333.5823, 538.9798
334.0645, 537.9498
334.5466, 537.1634
335.0287, 536.6818
335.5108, 536.6064
335.9929, 536.8848
336.4750, 537.0731
336.9572, 537.6364
337.4393, 537.6470
337.9214, 536.2595
338.4035, 534.0009
338.8856, 532.1945
339.3677, 531.5165
339.8499, 531.5082
340.3320, 530.9145
340.8141, 529.3713
341.2962, 527.9980
341.7783, 527.0395
342.2604, 526.3524
342.7426, 525.7730
343.2247, 525.2570
343.7068, 524.8353
344.1889, 524.6017
344.6710, 524.7533
345.1531, 524.4494
345.6353, 523.1256
346.1174, 521.7388
346.5995, 521.1738
347.0816, 521.4155
347.5637, 521.6824
348.0458, 521.2615
348.5280, 520.1072
349.0101, 519.1355
349.4922, 518.4696
349.9743, 517.8317
350.4564, 517.0963
350.9385, 516.3032
351.4207, 515.5737
351.9028, 514.9973
352.3849, 514.5099
352.8670, 513.8199
353.3491, 512.4373
353.8312, 511.4634
354.3134, 511.2467
354.7955, 511.4249
355.2776, 511.7032
355.7597, 511.9591
356.2418, 511.9844
356.7239, 511.3781
357.2061, 509.5807
357.6882, 508.2906
358.1703, 507.7359
358.6524, 507.4600
359.1345, 507.2487
359.6166, 507.0263
360.0987, 506.7167
360.5808, 506.2071
361.0630, 505.4421
361.5451, 505.0079
362.0272, 505.2647
362.5093, 505.4543
362.9914, 505.4108
363.4735, 505.1061
363.9557, 504.4574
364.4378, 503.3702
364.9199, 502.0358
365.4020, 501.2871
365.8841, 501.6707
366.3662, 501.9249
366.8484, 501.7891
367.3305, 501.5201
367.8126, 501.3279
368.2947, 501.2929
368.7768, 501.4353
369.2589, 501.8377
369.7411, 502.6585
370.2232, 503.3044
370.7053, 503.9816
371.1874, 504.3085
371.6695, 503.9273
372.1516, 502.9399
372.6338, 501.7918
373.1159, 500.7898
373.5980, 499.9411
374.0801, 499.5074
374.5622, 499.7464
375.0443, 500.1157
375.5265, 500.5792
376.0086, 501.0142
376.4907, 501.2242
376.9728, 501.0868
377.4549, 500.7399
377.9370, 500.4554
378.4192, 500.1914
378.9013, 500.1172
379.3834, 500.4762
379.8655, 500.9230
380.3476, 501.1763
380.8297, 501.1826
381.3119, 501.1314
381.7940, 501.1037
382.2761, 501.1068
382.7582, 501.5591
383.2403, 502.9285
383.7224, 504.2719
384.2046, 504.7430
384.6867, 504.6015
385.1688, 504.8145
385.6509, 506.4192
386.1330, 508.6438
386.6151, 509.5435
387.0973, 508.7369
387.5794, 507.9588
388.0615, 508.2616
388.5436, 509.1971
389.0257, 510.1512
389.5078, 510.8827
389.9900, 511.8365
390.4721, 513.7291
390.9542, 516.3905
391.4363, 518.3825
391.9184, 519.0223
392.4005, 519.0363
392.8827, 519.4384
393.3648, 520.2486
393.8469, 521.0734
394.3290, 521.7219
394.8111, 522.3049
395.2932, 523.0361
395.7754, 523.9733
396.2575, 524.8434
396.7396, 525.2783
397.2217, 525.3639
397.7038, 525.9708
398.1859, 527.5701
398.6681, 529.3314
399.1501, 530.6088
399.6323, 531.5573
400.1144, 532.8061
400.5965, 534.7124
401.0786, 537.0480
401.5607, 539.1623
402.0428, 541.2567
402.5250, 542.8335
403.0071, 543.1079
403.4892, 543.1350
403.9713, 544.2988
404.4534, 546.8565
404.9355, 549.8204
405.4177, 552.0711
405.8998, 553.4899
406.3819, 554.6003
406.8640, 555.1011
407.3461, 555.6182
407.8282, 556.3203
408.3104, 557.2936
408.7925, 558.6766
409.2746, 560.5916
409.7567, 562.9432
410.2388, 565.3365
410.7209, 568.3533
411.2031, 570.5986
411.6852, 571.3134
412.1673, 571.5761
412.6494, 572.4152
413.1315, 574.0922
413.6136, 576.1631
414.0958, 578.0975
414.5779, 579.9384
415.0600, 581.5012
415.5421, 582.5906
416.0242, 583.5701
416.5063, 584.6232
416.9885, 585.6839
417.4706, 586.4861
417.9527, 586.7103
418.4348, 586.6998
418.9169, 587.8826
419.3990, 591.2217
419.8812, 593.5797
420.3633, 593.2061
420.8454, 591.8933
421.3275, 591.3079
421.8096, 591.8630
422.2917, 592.6149
422.7739, 592.4883
423.2560, 591.5361
423.7381, 590.9803
424.2202, 591.3932
424.7023, 591.6785
425.1844, 590.7589
425.6666, 588.9658
426.1487, 587.5074
426.6308, 587.2331
427.1129, 587.4260
427.5950, 587.0213
428.0771, 585.9873
428.5593, 584.7781
429.0414, 583.5887
429.5235, 582.3984
430.0056, 581.1599
430.4877, 579.8298
430.9698, 578.5576
431.4520, 577.7112
431.9341, 576.9409
432.4162, 575.3807
432.8983, 572.7459
433.3804, 569.8816
433.8625, 567.8421
434.3447, 566.7863
434.8268, 565.2572
435.3089, 562.7326
435.7910, 560.1223
436.2731, 558.2324
436.7552, 556.8337
437.2374, 554.9549
437.7195, 551.9286
438.2016, 548.2089
438.6837, 545.5905
439.1658, 545.5289
439.6479, 544.7054
440.1301, 541.9692
440.6122, 538.9104
441.0943, 537.2817
441.5764, 537.3062
442.0585, 537.6486
442.5406, 536.7494
443.0227, 534.4006
443.5049, 532.3326
443.9870, 530.2988
444.4691, 528.8241
444.9512, 528.7499
445.4333, 529.2302
445.9154, 528.7628
446.3976, 526.4860
446.8797, 523.3483
447.3618, 521.5216
447.8439, 521.4514
448.3260, 521.3693
448.8081, 520.8644
449.2903, 520.3062
449.7724, 519.9574
450.2545, 519.8129
450.7366, 519.6410
451.2187, 519.3369
451.7008, 518.8715
452.1830, 518.0105
452.6651, 516.4880
453.1472, 515.2318
453.6293, 515.2234
454.1114, 515.7234
454.5935, 515.6379
455.0757, 514.5220
455.5578, 513.1976
456.0399, 512.1570
456.5220, 511.4378
457.0041, 511.3213
457.4862, 512.1219
457.9684, 513.0529
458.4505, 512.9658
458.9326, 511.8842
459.4147, 510.9007
459.8968, 510.3773
460.3789, 509.9148
460.8611, 509.1893
461.3432, 508.1987
461.8253, 507.0341
462.3074, 505.6954
462.7895, 504.2750
463.2716, 503.1287
463.7538, 502.7784
464.2359, 502.0045
464.7180, 500.3385
465.2001, 498.3529
465.6822, 496.6282
466.1643, 495.2703
466.6465, 494.0475
467.1286, 492.7235
467.6107, 491.2847
468.0928, 489.7457
468.5749, 487.5742
469.0570, 485.8725
469.5392, 485.3443
470.0213, 485.3691
470.5034, 485.0628
470.9855, 484.0370
471.4676, 482.5259
471.9497, 480.9372
472.4319, 479.3132
472.9140, 477.4422
473.3961, 475.1175
473.8782, 472.6881
474.3603, 470.2509
474.8424, 467.8736
475.3246, 465.6855
475.8067, 463.8361
476.2888, 462.2209
476.7709, 460.5348
477.2530, 458.7330
477.7351, 457.1983
478.2173, 456.2034
478.6994, 455.5504
479.1815, 455.0201
479.6636, 454.7629
480.1457, 454.0469
480.6278, 451.9182
481.1100, 449.2276
481.5920, 447.6327
482.0742, 447.4525
482.5563, 447.6920
483.0384, 447.5825
483.5205, 447.0950
484.0026, 446.2296
484.4847, 444.7949
484.9669, 443.2168
485.4490, 441.4326
485.9311, 439.6634
486.4132, 438.3495
486.8953, 437.6458
487.3774, 437.2003
487.8596, 436.4124
488.3417, 435.0005
488.8238, 434.0150
489.3059, 433.9626
489.7880, 433.7848
490.2701, 432.7987
490.7523, 431.2779
491.2344, 429.9078
491.7165, 429.1087
492.1986, 428.7224
492.6807, 428.3403
493.1628, 427.9860
493.6450, 427.5766
494.1271, 426.6888
494.6092, 426.0423
495.0913, 426.4110
495.5734, 427.6964
496.0555, 428.7539
496.5377, 428.6043
497.0198, 427.6375
497.5019, 426.9652
497.9840, 426.7036
498.4661, 426.2657
498.9482, 425.0835
499.4304, 423.6052
499.9125, 422.7204
500.3946, 422.6762
500.8767, 422.7215
501.3588, 422.4584
501.8409, 422.0399
502.3231, 421.6744
502.8052, 421.4034
503.2873, 421.3673
503.7694, 421.7445
504.2515, 422.5570
504.7336, 423.2642
505.2158, 423.9045
505.6979, 424.4118
506.1800, 424.8918
506.6621, 425.1855
507.1442, 424.9849
507.6263, 424.1948
508.1085, 423.1084
508.5906, 422.1277
509.0727, 421.1660
509.5548, 420.6176
510.0369, 420.9792
510.5190, 421.2564
511.0012, 420.9792
511.4833, 420.3506
511.9654, 419.7674
512.4475, 419.4025
512.9296, 419.2579
513.4117, 419.4601
513.8939, 420.1002
514.3760, 420.3892
514.8581, 420.0377
515.3402, 419.3808
515.8223, 418.7145
516.3044, 418.0262
516.7866, 417.2021
517.2687, 416.0562
517.7508, 414.8255
518.2329, 413.7414
518.7150, 412.8194
519.1971, 412.2535
519.6793, 412.3122
520.1614, 412.5718
520.6435, 411.9473
521.1256, 410.0411
521.6077, 408.5905
522.0898, 408.2784
522.5720, 408.2669
523.0541, 407.7762
523.5362, 406.8278
524.0183, 405.8968
524.5004, 405.2921
524.9825, 405.0394
525.4647, 405.3285
525.9468, 407.2997
526.4289, 408.1323
526.9110, 406.7981
527.3931, 404.8455
527.8752, 403.4839
528.3574, 402.8682
528.8395, 402.4671
529.3216, 401.8242
529.8037, 400.9936
530.2858, 400.2841
530.7679, 399.6934
531.2501, 399.2361
531.7322, 398.9881
532.2143, 398.8462
532.6964, 398.6942
533.1785, 398.5021
533.6606, 398.3924
534.1428, 398.6571
534.6249, 399.0197
535.1070, 398.7522
535.5891, 397.7125
536.0712, 396.7339
536.5533, 396.5825
537.0355, 397.0415
537.5176, 396.7756
537.9997, 394.6512
538.4818, 393.2499
538.9639, 393.8836
539.4460, 395.3700
539.9282, 396.2764
540.4103, 396.2967
540.8924, 395.9520
541.3745, 395.7759
541.8566, 395.7770
542.3387, 395.6457
542.8209, 395.2120
543.3029, 394.8460
543.7850, 394.3545
544.2672, 394.0977
544.7493, 394.5799
545.2314, 395.9050
545.7135, 397.5162
546.1956, 398.9792
546.6777, 400.2652
547.1599, 400.8777
547.6420, 400.5220
548.1241, 400.0656
548.6062, 399.8301
549.0883, 399.8991
549.5704, 400.5033
550.0526, 401.8251
550.5347, 403.3760
551.0168, 405.0599
551.4989, 406.7204
551.9810, 407.9468
552.4631, 408.6434
552.9453, 409.2899
553.4274, 410.3636
553.9095, 411.8700
554.3916, 413.1156
554.8737, 413.9474
555.3558, 414.7410
555.8380, 415.5372
556.3201, 416.3851
556.8022, 417.2762
557.2843, 418.2358
557.7664, 419.3978
558.2485, 420.9886
558.7307, 423.0210
559.2128, 424.8680
559.6949, 426.4503
560.1770, 427.9285
560.6591, 429.3735
561.1412, 430.7557
561.6234, 432.0150
562.1055, 433.1193
562.5876, 434.2543
563.0697, 435.4854
563.5518, 436.8720
564.0339, 438.7562
564.5161, 441.3188
564.9982, 443.6627
565.4803, 444.9091
565.9624, 445.4072
566.4445, 446.7453
566.9266, 449.7035
567.4088, 452.3828
567.8909, 453.8061
568.3730, 454.7477
568.8551, 456.3417
569.3372, 458.6916
569.8193, 460.8941
570.3015, 461.9945
570.7836, 462.0870
571.2657, 462.9351
571.7478, 465.3808
572.2299, 467.4689
572.7120, 468.6779
573.1942, 469.5559
573.6763, 470.7051
574.1584, 472.1751
574.6405, 473.4212
575.1226, 473.7271
575.6047, 473.3835
576.0869, 473.6756
576.5690, 474.7469
577.0511, 475.8495
577.5332, 476.6701
578.0153, 477.2775
578.4974, 477.7737
578.9796, 478.1265
579.4617, 478.5228
579.9438, 479.2726
580.4259, 479.9627
580.9080, 479.9028
581.3901, 479.1975
581.8723, 478.7772
582.3544, 479.2697
582.8365, 480.4053
583.3186, 481.2625
583.8007, 481.5927
584.2828, 482.0254
584.7650, 482.7382
585.2471, 483.4171
585.7292, 483.7724
586.2113, 483.8976
586.6934, 484.1489
587.1755, 484.7983
587.6577, 485.6188
588.1398, 485.9606
588.6219, 485.6893
589.1040, 485.8742
589.5861, 486.8932
590.0682, 488.3399
590.5504, 489.9831
591.0325, 491.7566
591.5146, 493.1944
591.9967, 493.8219
592.4788, 494.3326
592.9609, 495.2132
593.4431, 496.4486
593.9252, 498.1307
594.4073, 500.3377
594.8894, 502.4701
595.3715, 503.6166
595.8536, 503.4398
596.3358, 503.8168
596.8179, 505.4187
597.3000, 506.7470
597.7821, 506.9604
598.2642, 506.6875
598.7463, 506.8412
599.2285, 507.7325
599.7106, 509.0014
600.1927, 510.4301
600.6748, 511.9934
601.1569, 512.8625
601.6390, 512.9178
602.1212, 512.4465
602.6033, 511.3507
603.0854, 509.8975
603.5675, 508.4977
604.0496, 507.2335
604.5317, 505.9030
605.0139, 504.5284
605.4960, 502.9622
605.9781, 500.9824
606.4602, 498.5782
606.9423, 495.8619
607.4244, 492.8994
607.9066, 489.7346
608.3887, 486.5116
608.8708, 482.8872
609.3529, 479.7415
609.8350, 477.6103
610.3171, 475.5479
610.7993, 472.9173
611.2814, 469.7335
611.7635, 466.3344
612.2456, 462.9282
612.7277, 459.4384
613.2098, 455.5786
613.6920, 451.2740
614.1741, 447.2302
614.6562, 443.6955
615.1383, 440.3467
615.6204, 436.7382
616.1025, 432.9424
616.5847, 429.5128
617.0668, 426.9799
617.5489, 424.4347
618.0310, 420.8710
618.5131, 416.9528
618.9952, 414.2289
619.4774, 413.1192
619.9595, 412.3648
620.4416, 410.4334
620.9237, 407.2099
621.4058, 404.4646
621.8879, 402.4193
622.3701, 400.6142
622.8522, 398.9124
623.3343, 397.4332
623.8164, 396.5689
624.2985, 396.3015
624.7806, 395.6612
625.2628, 393.3810
625.7448, 390.1995
626.2269, 388.2967
626.7090, 387.8285
627.1912, 387.2096
627.6733, 385.5626
628.1554, 383.4892
628.6375, 382.1895
629.1196, 381.8262
629.6017, 381.2887
630.0839, 380.1235
630.5660, 378.9879
631.0481, 378.2339
631.5302, 377.8870
632.0123, 378.0552
632.4944, 378.7894
632.9766, 379.5726
633.4587, 379.4266
633.9408, 378.1126
634.4229, 377.0912
634.9050, 376.5290
635.3871, 376.0852
635.8693, 375.6198
636.3514, 375.1628
636.8335, 374.7956
637.3156, 374.5827
637.7977, 374.2617
638.2798, 373.6443
638.7620, 372.7964
639.2441, 371.6937
639.7262, 370.3636
640.2083, 369.2985
640.6904, 368.8307
641.1725, 368.8492
641.6547, 368.9884
642.1368, 369.5831
642.6189, 369.7855
643.1010, 369.2791
643.5831, 368.6623
644.0652, 368.3257
644.5474, 368.1984
645.0295, 368.0041
645.5116, 367.5936
645.9937, 367.0776
646.4758, 366.7137
646.9579, 366.4980
647.4401, 365.9000
647.9222, 364.7295
648.4043, 363.4084
648.8864, 362.1815
649.3685, 361.0616
649.8506, 360.1383
650.3328, 359.6430
650.8149, 359.0032
651.2970, 357.9236
651.7791, 356.6229
652.2612, 355.2596
652.7433, 353.9196
653.2255, 352.8436
653.7076, 352.2592
654.1897, 351.9681
654.6718, 351.2028
655.1539, 349.7904
655.6360, 348.3206
656.1182, 346.5924
656.6003, 345.0663
657.0824, 344.1277
657.5645, 343.6147
658.0466, 343.0471
658.5287, 342.3291
659.0109, 341.3442
659.4930, 339.8122
659.9751, 337.9304
660.4572, 336.3062
660.9393, 335.0840
661.4214, 333.7476
661.9036, 331.7411
662.3857, 329.1758
662.8678, 327.2851
663.3499, 327.0447
663.8320, 326.1956
664.3141, 323.8725
664.7963, 321.3854
665.2784, 319.8172
665.7605, 319.1027
666.2426, 318.5250
666.7247, 317.7036
667.2068, 316.6537
667.6890, 315.3098
668.1711, 313.6834
668.6532, 312.1533
669.1353, 310.8082
669.6174, 309.5849
670.0995, 308.4698
670.5817, 307.4495
671.0638, 306.4215
671.5459, 305.4501
672.0280, 304.3871
672.5101, 303.2005
672.9922, 301.8985
673.4744, 300.3327
673.9565, 298.6004
674.4386, 297.1725
674.9207, 296.4766
675.4028, 296.2209
675.8849, 295.3835
676.3671, 293.7956
676.8492, 292.3772
677.3313, 291.3487
677.8134, 290.4896
678.2955, 289.7479
678.7776, 289.0424
679.2598, 288.0658
679.7419, 286.5430
680.2240, 284.9979
680.7061, 283.7196
681.1882, 282.6273
681.6703, 281.5712
682.1525, 280.5376
682.6346, 279.6576
683.1167, 279.0936
683.5988, 278.7072
684.0809, 277.7260
684.5630, 275.6050
685.0452, 274.0879
685.5273, 273.9302
686.0094, 273.9883
686.4915, 273.7063
686.9736, 273.0963
687.4557, 272.3029
687.9379, 271.3258
688.4200, 270.2774
688.9021, 269.1590
689.3842, 268.0627
689.8663, 267.2404
690.3484, 266.7289
690.8306, 266.3496
691.3127, 265.9780
691.7948, 265.6056
692.2769, 265.1890
692.7590, 264.8780
693.2411, 264.2713
693.7233, 262.9317
694.2054, 261.7030
694.6875, 261.2957
695.1696, 261.4124
695.6517, 261.2335
696.1339, 260.3695
696.6160, 259.1908
697.0981, 257.8293
697.5802, 256.4761
698.0623, 256.0087
698.5444, 256.6339
699.0266, 257.0552
699.5087, 256.2884
699.9908, 254.6604
700.4729, 253.4291
700.9550, 252.8790
701.4371, 252.3047
701.9193, 251.4127
702.4014, 250.7558
702.8835, 250.9905
703.3656, 251.6780
703.8477, 251.8074
704.3298, 250.9032
704.8120, 249.7219
705.2941, 249.2752
705.7762, 249.3913
706.2583, 249.2313
706.7404, 248.7112
707.2225, 247.9280
707.7046, 246.7507
708.1867, 245.4827
708.6688, 244.9832
709.1509, 245.7636
709.6331, 245.9612
710.1152, 245.0721
710.5973, 243.9356
711.0794, 242.8933
711.5615, 242.0024
712.0436, 241.2802
712.5258, 240.7287
713.0079, 240.3467
713.4900, 240.2061
713.9721, 240.2502
714.4542, 240.1601
714.9363, 239.9194
715.4185, 239.5915
715.9006, 239.1689
716.3827, 238.7171
716.8648, 238.3769
717.3469, 238.1955
717.8290, 237.8466
718.3112, 236.9238
718.7933, 236.2347
719.2754, 236.6060
719.7575, 237.2879
720.2396, 237.0973
720.7217, 235.7905
721.2039, 234.1973
721.6860, 233.0147
722.1681, 232.2242
722.6502, 231.8202
723.1323, 231.8386
723.6144, 231.9808
724.0966, 232.3625
724.5787, 232.5163
725.0608, 231.7133
725.5429, 229.9731
726.0250, 228.6367
726.5071, 227.8023
726.9893, 227.3449
727.4714, 227.5012
727.9535, 227.8441
728.4356, 227.9430
728.9177, 227.7245
729.3998, 227.2735
729.8820, 226.5750
730.3641, 225.8240
730.8462, 225.6291
731.3283, 226.0266
731.8104, 225.8281
732.2925, 224.6062
732.7747, 223.1926
733.2568, 222.1525
733.7389, 221.4922
734.2210, 221.1521
734.7031, 221.4758
735.1852, 221.5854
735.6674, 221.0332
736.1495, 220.4141
736.6316, 220.3288
737.1137, 220.6122
737.5958, 220.6868
738.0779, 220.2600
738.5601, 219.5660
739.0422, 218.8480
739.5243, 218.1348
740.0064, 217.7696
740.4885, 217.8824
740.9706, 217.8813
741.4528, 217.4305
741.9349, 216.6644
742.4170, 215.8098
742.8991, 214.7254
743.3812, 214.0357
743.8633, 213.9456
744.3455, 214.1029
744.8276, 214.6135
745.3097, 215.1387
745.7918, 215.1140
746.2739, 214.4219
746.7560, 213.6088
747.2382, 213.2611
747.7203, 213.1963
748.2024, 212.8131
748.6845, 212.1022
749.1666, 211.4619
749.6487, 211.0446
750.1309, 210.7004
750.6130, 210.2487
751.0951, 209.6828
751.5772, 209.1443
752.0593, 208.4540
752.5414, 208.0157
753.0236, 208.2063
753.5057, 208.4718
753.9878, 208.3227
754.4699, 207.7488
754.9520, 206.9568
755.4341, 205.9250
755.9163, 205.0139
756.3984, 204.8680
756.8805, 205.3097
757.3626, 205.6130
757.8447, 205.6685
758.3268, 205.4455
758.8090, 204.8492
759.2911, 204.0298
759.7732, 203.5004
760.2553, 203.6462
760.7374, 203.3797
761.2195, 202.1938
761.7017, 201.1685
762.1838, 200.9077
762.6659, 201.1147
763.1480, 201.3292
763.6301, 201.4316
764.1122, 201.4124
764.5944, 201.2220
765.0765, 200.9275
765.5586, 200.5442
766.0407, 200.1261
766.5228, 199.9687
767.0049, 200.1937
767.4871, 200.6080
767.9692, 201.0282
768.4513, 201.4782
768.9334, 201.2653
769.4155, 199.7895
769.8976, 198.6220
770.3798, 198.3669
770.8619, 198.3242
771.3440, 197.8824
771.8261, 197.1265
772.3082, 196.6573
772.7903, 196.9445
773.2725, 197.2293
773.7546, 196.7855
774.2367, 196.0860
774.7188, 195.9793
775.2009, 196.4765
775.6830, 196.8992
776.1652, 196.8044
776.6473, 196.3354
777.1294, 195.7603
777.6115, 195.0207
778.0936, 194.5777
778.5757, 194.5612
779.0579, 194.6631
779.5400, 194.8446
780.0221, 194.9857
780.5042, 194.8374
780.9863, 194.3052
781.4684, 193.9170
781.9506, 193.9977
782.4327, 194.0630
782.9148, 193.7101
783.3969, 193.1576
783.8790, 192.7910
784.3611, 192.7056
784.8433, 192.7252
785.3254, 192.6922
785.8075, 192.6373
786.2896, 192.7236
786.7717, 192.9563
787.2538, 192.8780
787.7360, 192.2790
788.2181, 191.6210
788.7002, 191.2758
789.1823, 191.2415
789.6644, 191.5152
790.1465, 192.6914
790.6286, 193.3087
791.1107, 192.8671
791.5928, 192.1982
792.0750, 191.7564
792.5571, 191.5288
793.0392, 191.3964
793.5213, 191.3300
794.0034, 191.2427
794.4855, 191.0449
794.9677, 190.7796
795.4498, 190.4921
795.9319, 190.2018
796.4140, 190.0357
796.8961, 190.0553
797.3782, 190.1086
797.8604, 189.9632
798.3425, 189.6018
798.8246, 189.4509
799.3067, 189.7107
799.7888, 189.8147
800.2709, 189.4841
800.7531, 189.0544
801.2352, 188.7630
801.7173, 188.5942
802.1994, 188.4233
802.6815, 188.1044
803.1636, 187.9428
803.6458, 188.2510
804.1279, 188.7097
804.6100, 188.9783
805.0921, 189.0272
805.5742, 188.9150
806.0563, 188.6642
806.5385, 188.3958
807.0206, 188.3479
807.5027, 188.4965
807.9848, 188.4997
808.4669, 188.3360
808.9490, 188.0548
809.4312, 187.6343
809.9133, 187.1688
810.3954, 186.8179
810.8775, 186.6166
811.3596, 186.2935
811.8417, 185.5769
812.3239, 185.0876
812.8060, 185.0907
813.2881, 185.3287
813.7702, 185.6306
814.2523, 185.9379
814.7344, 186.1667
815.2166, 186.2282
815.6987, 186.2949
816.1808, 186.6727
816.6629, 187.1576
817.1450, 187.2500
817.6271, 186.9246
818.1093, 186.5354
818.5914, 186.2859
819.0735, 186.0728
819.5556, 185.6534
820.0377, 184.9470
820.5198, 184.5392
821.0020, 184.5056
821.4841, 184.6274
821.9662, 185.1092
822.4483, 185.5009
822.9304, 185.1870
823.4125, 184.1937
823.8947, 183.4112
824.3768, 183.0169
824.8589, 182.8703
825.3410, 183.0644
825.8231, 183.3751
826.3052, 183.5795
826.7874, 183.6560
827.2695, 183.6793
827.7516, 183.6938
828.2337, 183.6630
828.7158, 183.4766
829.1979, 183.1940
829.6801, 183.1040
830.1622, 183.2331
830.6443, 183.2827
831.1264, 183.0726
831.6085, 182.8016
832.0906, 182.8196
832.5728, 183.1873
833.0549, 183.3865
833.5370, 183.2431
834.0191, 183.1769
834.5012, 183.5125
834.9833, 183.7740
835.4655, 183.4049
835.9476, 182.5563
836.4297, 182.0440
836.9118, 182.2523
837.3939, 182.6246
837.8760, 183.0332
838.3582, 183.3290
838.8403, 183.2687
839.3224, 182.9281
839.8045, 182.6006
840.2866, 182.4255
840.7687, 182.2797
841.2509, 181.8768
841.7330, 181.3258
842.2151, 181.4289
842.6972, 182.2598
843.1793, 182.6275
843.6614, 181.9350
844.1436, 181.1052
844.6257, 181.2875
845.1078, 182.4473
845.5899, 183.1128
846.0720, 183.0323
846.5541, 182.8024
847.0363, 182.2458
847.5184, 181.7741
848.0005, 181.7205
848.4826, 181.9347
848.9647, 182.0208
849.4468, 181.8135
849.9290, 181.7684
850.4111, 182.4000
850.8932, 183.1004
851.3753, 183.2346
851.8574, 182.9313
852.3395, 182.5345
852.8217, 182.1694
853.3038, 181.8263
853.7859, 181.4626
854.2680, 181.1512
854.7501, 181.1957
855.2322, 181.5964
855.7144, 181.8455
856.1965, 181.8116
856.6786, 181.7420
857.1607, 181.8095
857.6428, 181.9883
858.1249, 182.2151
858.6071, 182.6586
859.0892, 182.7744
859.5713, 182.3124
860.0534, 181.8220
860.5355, 181.3317
861.0176, 181.0082
861.4998, 181.1488
861.9819, 181.7502
862.4640, 182.2149
862.9461, 182.1716
863.4282, 182.0587
863.9103, 182.2487
864.3925, 182.5176
864.8746, 182.5254
865.3567, 182.2709
865.8388, 181.9430
866.3209, 181.6318
866.8030, 181.4553
867.2852, 181.7301
867.7673, 182.3317
868.2494, 182.5275
868.7315, 182.2612
869.2136, 182.0822
869.6957, 182.2217
870.1779, 182.5408
870.6600, 182.8872
871.1421, 183.2635
871.6242, 183.4218
872.1063, 183.1452
872.5884, 183.0316
873.0705, 183.4326
873.5526, 183.7859
874.0347, 183.5334
874.5168, 183.0003
874.9990, 183.0983
875.4811, 184.3441
875.9632, 185.0740
876.4453, 184.1345
876.9274, 183.0224
877.4095, 182.9687
877.8917, 183.4819
878.3738, 183.5262
878.8559, 182.9310
879.3380, 182.5054
879.8201, 183.0338
880.3022, 183.9116
880.7844, 184.0901
881.2665, 183.7555
881.7486, 183.5488
882.2307, 183.5791
882.7128, 183.8250
883.1949, 184.3047
883.6771, 184.8559
884.1592, 185.1264
884.6413, 185.0811
885.1234, 184.9992
885.6055, 184.8141
886.0876, 184.7656
886.5698, 185.0580
887.0519, 185.3947
887.5340, 185.3981
888.0161, 185.0950
888.4982, 184.9244
888.9803, 184.9770
889.4625, 185.0508
889.9446, 184.8882
890.4267, 184.9463
890.9088, 185.7775
891.3909, 187.0036
891.8730, 187.8687
892.3552, 188.1667
892.8373, 188.2543
893.3194, 188.3420
893.8015, 188.3504
894.2836, 188.0698
894.7657, 187.6785
895.2479, 187.6055
895.7300, 187.8957
896.2121, 188.1616
896.6942, 188.0820
897.1763, 187.9137
897.6584, 188.2356
898.1406, 188.9902
898.6227, 189.6303
899.1048, 190.1028
899.5869, 190.4820
900.0690, 190.8049
900.5511, 191.0445
901.0333, 191.1388
901.5154, 191.0749
901.9975, 191.1484
902.4796, 191.4241
902.9617, 191.7170
903.4438, 191.8653
903.9260, 192.1519
904.4081, 192.9322
904.8902, 193.9783
905.3723, 194.6521
905.8544, 194.6881
906.3365, 194.9170
906.8187, 195.6930
907.3008, 196.5538
907.7829, 197.4098
908.2650, 198.0726
908.7471, 198.1459
909.2292, 197.6951
909.7114, 197.4793
910.1935, 198.0569
910.6756, 198.8762
911.1577, 199.3793
911.6398, 199.7223
912.1219, 200.2109
912.6041, 200.8402
913.0862, 201.3747
913.5683, 201.7025
914.0504, 202.0942
914.5325, 202.9888
915.0146, 204.2763
915.4968, 205.3250
915.9789, 206.1299
916.4610, 206.9719
916.9431, 207.9664
917.4252, 208.8210
917.9073, 209.2236
918.3895, 209.3656
918.8716, 209.9805
919.3537, 211.3705
919.8358, 212.4703
920.3179, 213.1605
920.8000, 213.7215
921.2822, 214.2148
921.7643, 214.6595
922.2464, 214.9650
922.7285, 215.1541
923.2106, 215.7319
923.6927, 217.1007
924.1749, 218.4119
924.6570, 219.2896
925.1391, 220.1434
925.6212, 221.3831
926.1033, 222.8298
926.5854, 224.0780
927.0676, 225.0098
927.5497, 225.7725
928.0318, 226.2801
928.5139, 226.8244
928.9960, 227.6559
929.4781, 228.7720
929.9603, 230.3113
930.4424, 232.1765
930.9245, 233.7911
931.4066, 234.7560
931.8887, 235.4725
932.3708, 236.6389
932.8530, 238.0984
933.3351, 239.0614
933.8172, 239.5320
934.2993, 240.4815
934.7814, 242.3157
935.2635, 244.1322
935.7457, 244.8397
936.2278, 244.7288
936.7099, 245.6268
937.1920, 247.8495
937.6741, 249.6924
938.1563, 250.8765
938.6384, 251.8578
939.1205, 252.8272
939.6026, 253.8099
940.0847, 254.8772
940.5668, 256.0633
941.0490, 257.1238
941.5311, 257.9589
942.0132, 258.8173
942.4953, 259.5681
942.9774, 260.5206
943.4595, 262.1503
943.9417, 264.1341
944.4238, 265.5596
944.9059, 266.0576
945.3880, 266.7523
945.8701, 268.1278
946.3522, 269.7440
946.8344, 271.5441
947.3165, 273.2613
947.7986, 274.4991
948.2807, 275.2747
948.7628, 275.9549
949.2449, 276.6048
949.7271, 277.5668
950.2092, 279.4396
950.6913, 281.6840
951.1734, 283.4328
951.6555, 284.7797
952.1376, 286.3102
952.6198, 288.2048
953.1019, 290.0843
953.5840, 291.5766
954.0661, 292.8208
954.5482, 294.0894
955.0303, 295.4070
955.5124, 296.9870
955.9945, 298.8666
956.4766, 300.6826
956.9587, 302.2144
957.4409, 303.7690
957.9230, 305.8458
958.4051, 308.4499
958.8872, 311.0947
959.3693, 313.8763
959.8514, 316.2448
960.3336, 317.7963
960.8157, 319.5782
961.2978, 322.5099
961.7799, 326.1438
962.2620, 329.2113
962.7441, 331.5087
963.2263, 333.8568
963.7084, 336.1337
964.1905, 338.6227
964.6726, 341.3959
965.1547, 344.4008
965.6368, 347.6288
966.1190, 351.0678
966.6011, 354.6848
967.0832, 358.7542
967.5653, 362.4557
968.0474, 365.3573
968.5295, 368.1288
969.0117, 371.0152
969.4938, 374.0721
969.9759, 377.4342
970.4580, 381.0436
970.9401, 384.4120
971.4222, 387.1523
971.9044, 389.8607
972.3865, 392.8277
972.8686, 396.0214
973.3507, 399.7230
973.8328, 403.5310
974.3149, 406.4876
974.7971, 408.3701
975.2792, 410.1190
975.7613, 412.5291
976.2434, 415.1347
976.7255, 417.3958
977.2076, 419.3449
977.6898, 421.0113
978.1719, 422.4504
978.6540, 423.7859
979.1361, 425.0855
979.6182, 426.4345
980.1003, 428.0002
980.5825, 429.6852
981.0646, 431.3405
981.5467, 432.8618
982.0288, 433.2545
982.5109, 432.3244
982.9930, 431.0663
983.4752, 430.1074
983.9573, 429.3109
984.4394, 428.4781
984.9215, 427.6138
985.4036, 426.3446
985.8857, 424.6300
986.3679, 422.6790
986.8500, 420.4091
987.3321, 418.3479
987.8142, 417.0023
988.2963, 416.1190
988.7784, 414.8882
989.2606, 413.1891
989.7427, 411.6054
990.2248, 410.3560
990.7069, 408.7722
991.1890, 406.3687
991.6711, 403.8396
992.1533, 401.8693
992.6354, 400.3657
993.1175, 398.8033
993.5996, 397.1585
994.0817, 395.5084
994.5638, 393.9477
995.0460, 392.2595
995.5281, 390.4810
996.0102, 388.4590
996.4923, 385.8611
996.9744, 382.7883
997.4565, 380.0552
997.9387, 377.9344
998.4208, 375.9770
998.9029, 374.1921
999.3850, 372.4201
999.8671, 370.5651
1000.349, 368.6746
1000.831, 366.9173
1001.313, 365.2643
1001.796, 363.3315
1002.278, 360.7648
1002.760, 358.1913
1003.242, 355.7997
1003.724, 353.6957
1004.206, 352.2206
1004.688, 351.0113
1005.170, 349.3553
1005.653, 347.0929
1006.135, 344.5933
1006.617, 341.8034
1007.099, 339.2334
1007.581, 337.5614
1008.063, 336.2919
1008.545, 334.9043
1009.027, 333.2521
1009.509, 331.0246
1009.992, 328.1856
1010.474, 325.5004
1010.956, 323.7084
1011.438, 322.4105
1011.920, 321.2441
1012.402, 320.0366
1012.884, 318.2315
1013.366, 315.9206
1013.849, 313.8175
1014.331, 312.2246
1014.813, 310.8236
1015.295, 309.2570
1015.777, 307.6129
1016.259, 306.1259
1016.741, 304.7610
1017.223, 303.3203
1017.705, 301.8063
1018.188, 300.5973
1018.670, 299.9098
1019.152, 299.2480
1019.634, 297.8917
1020.116, 295.9828
1020.598, 294.1515
1021.080, 292.4034
1021.562, 290.7197
1022.044, 289.0931
1022.527, 287.5621
1023.009, 286.1439
1023.491, 284.8548
1023.973, 283.7501
1024.455, 282.8091
1024.937, 281.6369
1025.419, 280.1695
1025.901, 279.1549
1026.384, 278.8755
1026.866, 278.3494
1027.348, 276.8520
1027.830, 274.9818
1028.312, 273.8843
1028.794, 273.5905
1029.276, 273.1903
1029.758, 272.7831
1030.240, 271.8666
1030.723, 270.1457
1031.205, 268.3618
1031.687, 266.9770
1032.169, 265.8662
1032.651, 264.7868
1033.133, 263.7468
1033.615, 262.6414
1034.097, 261.2216
1034.579, 260.3086
1035.062, 260.4169
1035.544, 260.5114
1036.026, 259.8608
1036.508, 258.7643
1036.990, 257.8559
1037.472, 257.1917
1037.954, 256.3982
1038.436, 255.4586
1038.919, 254.4192
1039.401, 253.1401
1039.883, 251.9330
1040.365, 251.0249
1040.847, 250.3232
1041.329, 249.5763
1041.811, 248.6757
1042.293, 248.3000
1042.776, 249.3243
1043.258, 249.6640
1043.740, 248.4747
1044.222, 246.9516
1044.704, 245.8269
1045.186, 244.9298
1045.668, 243.7873
1046.150, 242.2451
1046.632, 241.3926
1047.115, 241.9443
1047.597, 242.3690
1048.079, 242.4306
1048.561, 242.1097
1049.043, 241.1426
1049.525, 239.8835
1050.007, 239.0431
1050.489, 238.7655
1050.971, 238.1464
1051.454, 236.3724
1051.936, 235.1124
1052.418, 235.3907
1052.900, 235.8417
1053.382, 235.3353
1053.864, 234.3372
1054.346, 233.8556
1054.828, 234.0468
1055.311, 234.0268
1055.793, 233.3558
1056.275, 232.7182
1056.757, 232.2017
1057.239, 231.9456
1057.721, 232.4007
1058.203, 233.0438
1058.685, 232.8717
1059.167, 231.7535
1059.650, 230.8460
1060.132, 230.6549
1060.614, 230.5635
1061.096, 230.5441
1061.578, 230.3328
1062.060, 229.5558
1062.542, 228.5250
1063.024, 227.7851
1063.506, 227.4024
1063.989, 226.9831
1064.471, 226.2464
1064.953, 225.6376
1065.435, 225.3613
1065.917, 225.2587
1066.399, 225.3699
1066.881, 225.4905
1067.363, 225.1705
1067.846, 224.4543
1068.328, 224.2122
1068.810, 225.1873
1069.292, 225.9612
1069.774, 225.7692
1070.256, 225.2738
1070.738, 224.7800
1071.220, 224.4148
1071.703, 224.4490
1072.185, 224.7881
1072.667, 224.7401
1073.149, 223.8642
1073.631, 223.0009
1074.113, 222.6578
1074.595, 222.3438
1075.077, 221.4945
1075.559, 220.5859
1076.042, 220.3716
1076.524, 220.7725
1077.006, 221.0038
1077.488, 220.7529
1077.970, 220.4544
1078.452, 220.2749
1078.934, 220.1549
1079.416, 220.0223
1079.898, 219.9480
1080.380, 220.1472
1080.863, 220.4868
1081.345, 220.4528
1081.827, 219.7861
1082.309, 219.2562
1082.791, 219.4232
1083.273, 219.5784
1083.755, 219.1247
1084.237, 218.5586
1084.720, 218.4777
1085.202, 218.7564
1085.684, 218.8611
1086.166, 218.6115
1086.648, 218.6105
1087.130, 219.5842
1087.612, 220.2829
1088.094, 219.8799
1088.577, 219.0611
1089.059, 218.3501
1089.541, 217.7895
1090.023, 217.3467
1090.505, 217.0121
1090.987, 216.6955
1091.469, 216.2492
1091.951, 215.9666
1092.433, 216.0444
1092.916, 216.2677
1093.398, 216.8274
1093.880, 217.2468
1094.362, 216.5173
1094.844, 214.6256
1095.326, 213.2778
1095.808, 213.0536
1096.290, 213.3952
1096.772, 215.0382
1097.255, 216.2038
1097.737, 215.1631
1098.219, 213.3266
1098.701, 212.6726
1099.183, 213.2218
1099.665, 213.6101
1100.147, 213.4961
1100.629, 213.2588
1101.112, 212.8888
1101.594, 212.5414
1102.076, 212.4659
1102.558, 212.3162
1103.040, 211.6203
1103.522, 210.5175
1104.004, 209.5772
1104.486, 208.8148
1104.969, 208.4224
1105.451, 208.5444
1105.933, 208.9024
1106.415, 209.7865
1106.897, 210.5156
1107.379, 210.3937
1107.861, 209.7283
1108.343, 209.3399
1108.825, 209.3816
1109.307, 209.1558
1109.790, 208.5084
1110.272, 207.7205
1110.754, 206.5522
1111.236, 205.5747
1111.718, 205.3224
1112.200, 205.3869
1112.682, 205.0824
1113.164, 204.3827
1113.647, 203.7487
1114.129, 202.9612
1114.611, 202.6186
1115.093, 203.0802
1115.575, 203.5650
1116.057, 203.8078
1116.539, 203.8523
1117.021, 203.7386
1117.504, 203.4697
1117.986, 203.0776
1118.468, 202.6556
1118.950, 201.8568
1119.432, 200.3659
1119.914, 199.1217
1120.396, 198.4165
1120.878, 198.0570
1121.360, 197.9453
1121.843, 198.0028
1122.325, 198.0256
1122.807, 198.0545
1123.289, 197.7540
1123.771, 196.9598
1124.253, 196.4421
1124.735, 196.4977
1125.217, 196.4180
1125.699, 195.6596
1126.182, 194.7070
1126.664, 194.4231
1127.146, 194.7679
1127.628, 195.0476
1128.110, 195.2789
1128.592, 195.3181
1129.074, 195.1741
1129.556, 194.5174
1130.039, 193.1075
1130.521, 191.6758
1131.003, 191.0915
1131.485, 191.1065
1131.967, 190.8665
1132.449, 190.3862
1132.931, 189.9306
1133.413, 189.5118
1133.896, 189.1035
1134.378, 188.6971
1134.860, 188.2145
1135.342, 187.5640
1135.824, 186.9655
1136.306, 186.9876
1136.788, 187.3844
1137.270, 187.0846
1137.752, 186.2466
1138.234, 185.7264
1138.717, 185.6435
1139.199, 185.5870
1139.681, 185.3453
1140.163, 185.0300
1140.645, 184.8416
1141.127, 184.5863
1141.609, 183.6890
1142.091, 182.5349
1142.574, 182.0630
1143.056, 182.1686
1143.538, 182.1226
1144.020, 181.7223
1144.502, 181.4157
1144.984, 181.6060
1145.466, 181.8089
1145.948, 181.5503
1146.431, 180.9835
1146.913, 180.1279
1147.395, 179.1918
1147.877, 178.5364
1148.359, 178.1696
1148.841, 177.8355
1149.323, 177.4257
1149.805, 177.0285
1150.287, 176.7059
1150.770, 176.4074
1151.252, 175.9597
1151.734, 175.6273
1152.216, 175.9798
1152.698, 176.6056
1153.180, 176.4714
1153.662, 175.3653
1154.144, 174.3083
1154.626, 173.4123
1155.109, 172.9429
1155.591, 173.3083
1156.073, 173.7747
1156.555, 174.0819
1157.037, 174.0953
1157.519, 173.5327
1158.001, 172.4921
1158.483, 171.6915
1158.966, 171.2140
1159.448, 170.9297
1159.930, 170.8569
1160.412, 170.9456
1160.894, 171.4287
1161.376, 171.7907
1161.858, 171.6107
1162.340, 171.0617
1162.822, 170.4844
1163.305, 169.8570
1163.787, 169.4415
1164.269, 169.3528
1164.751, 169.1191
1165.233, 168.5945
1165.715, 168.1989
1166.197, 168.2008
1166.679, 168.2138
1167.161, 167.7169
1167.644, 166.9143
1168.126, 166.7162
1168.608, 167.1504
1169.090, 167.3281
1169.572, 167.2081
1170.054, 166.9234
1170.536, 166.5057
1171.018, 166.1355
1171.500, 165.9345
1171.983, 165.8740
1172.465, 166.0344
1172.947, 166.2511
1173.429, 165.8529
1173.911, 165.0215
1174.393, 164.4414
1174.875, 164.1630
1175.357, 163.9757
1175.840, 163.7745
1176.322, 163.3143
1176.804, 162.1736
1177.286, 161.1689
1177.768, 161.6063
1178.250, 162.6120
1178.732, 162.9859
1179.214, 162.8874
1179.697, 162.8261
1180.179, 162.8288
1180.661, 162.5067
1181.143, 161.6364
1181.625, 160.9447
1182.107, 161.1822
1182.589, 161.3740
1183.071, 160.7227
1183.553, 159.8661
1184.036, 159.4841
1184.518, 159.3464
1185.000, 158.8127
1185.482, 157.8396
1185.964, 157.3372
1186.446, 157.9323
1186.928, 158.3279
1187.410, 158.1190
1187.892, 157.9087
1188.375, 158.1247
1188.857, 158.2945
1189.339, 157.8015
1189.821, 156.9682
1190.303, 156.7662
1190.785, 157.3225
1191.267, 157.7915
1191.749, 158.2828
1192.232, 158.3361
1192.714, 157.7489
1193.196, 157.0886
1193.678, 156.6276
1194.160, 156.2532
1194.642, 155.8229
1195.124, 155.3743
1195.606, 155.0267
1196.089, 154.7847
1196.571, 154.8931
1197.053, 155.3396
1197.535, 155.7042
1198.017, 155.8723
1198.499, 155.7640
1198.981, 155.3145
1199.463, 154.7840
1199.945, 154.5442
1200.427, 154.4501
1200.910, 154.0696
1201.392, 153.6637
1201.874, 154.0401
1202.356, 154.9066
1202.838, 155.1283
1203.320, 154.4830
1203.802, 153.8719
1204.284, 153.9104
1204.767, 153.8575
1205.249, 152.8430
1205.731, 151.8394
1206.213, 151.8062
1206.695, 152.1501
1207.177, 152.1436
1207.659, 151.8454
1208.141, 151.6343
1208.624, 151.5911
1209.106, 151.5205
1209.588, 151.3322
1210.070, 151.1790
1210.552, 151.2531
1211.034, 151.1759
1211.516, 150.4254
1211.998, 149.7284
1212.480, 150.0109
1212.963, 150.9136
1213.445, 150.9879
1213.927, 149.9145
1214.409, 149.7068
1214.891, 150.6853
1215.373, 151.2407
1215.855, 151.0401
1216.337, 150.5076
1216.819, 149.8195
1217.302, 149.1556
1217.784, 148.7090
1218.266, 148.5105
1218.748, 148.8161
1219.230, 149.4669
1219.712, 149.5723
1220.194, 149.2072
1220.676, 149.0614
1221.159, 149.2370
1221.641, 149.2017
1222.123, 148.6561
1222.605, 148.1237
1223.087, 148.1721
1223.569, 148.4675
1224.051, 148.5973
1224.533, 148.7623
1225.016, 149.4035
1225.498, 150.2119
1225.980, 150.6122
1226.462, 150.4953
1226.944, 149.9555
1227.426, 148.8098
1227.908, 147.8819
1228.390, 147.4174
1228.872, 147.2780
1229.354, 147.6076
1229.837, 148.0437
1230.319, 148.4526
1230.801, 148.7007
1231.283, 148.4922
1231.765, 147.8489
1232.247, 147.5306
1232.729, 147.6740
1233.211, 147.7361
1233.694, 147.6971
1234.176, 147.5277
1234.658, 147.1515
1235.140, 146.9970
1235.622, 147.4394
1236.104, 148.0127
1236.586, 147.8929
1237.068, 147.2319
1237.551, 146.4846
1238.033, 145.7750
1238.515, 145.7886
1238.997, 146.4230
1239.479, 146.8439
1239.961, 146.8436
1240.443, 146.9226
1240.925, 147.4350
1241.407, 147.9343
1241.890, 148.1137
1242.372, 147.9471
1242.854, 147.0469
1243.336, 146.0725
1243.818, 145.9123
1244.300, 146.2998
1244.782, 146.5185
1245.264, 146.4617
1245.746, 146.4997
1246.229, 146.9336
1246.711, 147.0876
1247.193, 146.5533
1247.675, 146.1199
1248.157, 146.0299
1248.639, 146.1540
1249.121, 146.4250
1249.603, 146.8443
1250.085, 147.5311
1250.568, 148.4212
1251.050, 148.2814
1251.532, 146.9704
1252.014, 146.1768
1252.496, 146.0375
1252.978, 146.1535
1253.460, 146.4019
1253.942, 146.3674
1254.425, 145.7328
1254.907, 145.0210
1255.389, 144.9160
1255.871, 145.2740
1256.353, 146.0709
1256.835, 146.9941
1257.317, 147.3281
1257.799, 147.2930
1258.281, 147.6783
1258.764, 148.5196
1259.246, 148.9697
1259.728, 148.5941
1260.210, 148.0766
1260.692, 147.6068
1261.174, 147.2395
1261.656, 146.8997
1262.138, 146.7728
1262.620, 147.1350
1263.103, 147.7283
1263.585, 148.2712
1264.067, 148.7019
1264.549, 148.4287
1265.031, 147.0330
1265.513, 146.4086
1265.995, 146.7565
1266.477, 147.0455
1266.960, 147.0632
1267.442, 146.8128
1267.924, 146.2561
1268.406, 145.8066
1268.888, 146.0114
1269.370, 146.5735
1269.852, 146.9198
1270.334, 147.0262
1270.817, 146.6137
1271.299, 145.9662
1271.781, 145.9610
1272.263, 146.5349
1272.745, 146.8128
1273.227, 146.4603
1273.709, 146.0542
1274.191, 145.9762
1274.673, 145.8801
1275.156, 145.3374
1275.638, 145.0047
1276.120, 145.5069
1276.602, 146.3061
1277.084, 146.9424
1277.566, 147.3138
1278.048, 147.1599
1278.530, 146.4030
1279.012, 145.8073
1279.495, 145.2510
1279.977, 145.3546
1280.459, 146.3284
1280.941, 147.2703
1281.423, 147.8769
1281.905, 148.1395
1282.387, 148.0319
1282.869, 147.7115
1283.352, 147.3295
1283.834, 146.9842
1284.316, 146.8774
1284.798, 147.0163
##END=



