##NAMES=Metahewettite
##RRUFFID=R070199
##IDEAL CHEMISTRY=CaV^5+^_6_O_16_&#183;3H_2_O
##LOCALITY=Fish Creek Range, south of Eureka, Eureka County, Nevada, USA
##OWNER=RRUFF
##SOURCE=James Shigley
##DESCRIPTION=Red pulverulent coating
##STATUS=The identification of this mineral is not yet confirmed.
##URL=rruff.info/R070199
149.6995, 1478.345
150.1817, 1490.791
150.6638, 1503.406
151.1459, 1517.452
151.6280, 1533.127
152.1101, 1546.118
152.5922, 1554.283
153.0744, 1560.460
153.5565, 1567.284
154.0386, 1573.851
154.5207, 1582.138
155.0028, 1594.093
155.4849, 1611.571
155.9671, 1624.698
156.4492, 1630.365
156.9313, 1630.885
157.4134, 1629.562
157.8955, 1628.734
158.3777, 1625.050
158.8598, 1615.427
159.3419, 1594.289
159.8240, 1578.905
160.3061, 1579.380
160.7882, 1589.922
161.2704, 1596.881
161.7525, 1590.864
162.2346, 1582.047
162.7167, 1577.126
163.1988, 1578.438
163.6809, 1582.654
164.1631, 1592.216
164.6452, 1604.914
165.1273, 1611.181
165.6094, 1599.213
166.0915, 1581.124
166.5736, 1568.627
167.0558, 1570.201
167.5379, 1574.603
168.0200, 1573.783
168.5021, 1568.164
168.9842, 1563.572
169.4663, 1564.382
169.9485, 1568.488
170.4306, 1572.883
170.9127, 1578.522
171.3948, 1582.672
171.8769, 1581.466
172.3590, 1574.469
172.8412, 1567.354
173.3233, 1565.530
173.8054, 1567.174
174.2875, 1568.422
174.7696, 1565.679
175.2517, 1562.053
175.7339, 1562.453
176.2160, 1568.047
176.6981, 1574.229
177.1802, 1575.442
177.6623, 1572.916
178.1444, 1571.219
178.6266, 1575.237
179.1087, 1581.655
179.5908, 1583.088
180.0729, 1577.109
180.5550, 1569.176
181.0371, 1566.926
181.5193, 1569.836
182.0014, 1573.990
182.4835, 1575.863
182.9656, 1576.738
183.4477, 1581.270
183.9298, 1592.407
184.4120, 1605.232
184.8941, 1609.252
185.3762, 1604.557
185.8583, 1599.327
186.3404, 1601.418
186.8225, 1609.380
187.3047, 1615.488
187.7868, 1617.148
188.2689, 1615.874
188.7510, 1615.663
189.2331, 1616.566
189.7152, 1618.052
190.1974, 1618.254
190.6795, 1617.526
191.1616, 1621.200
191.6437, 1634.070
192.1258, 1653.216
192.6080, 1662.835
193.0901, 1661.686
193.5722, 1656.514
194.0543, 1655.740
194.5364, 1659.468
195.0185, 1662.608
195.5007, 1662.489
195.9828, 1659.429
196.4649, 1658.472
196.9470, 1659.596
197.4291, 1662.811
197.9112, 1668.661
198.3934, 1677.428
198.8755, 1686.596
199.3576, 1696.208
199.8397, 1706.491
200.3218, 1711.387
200.8039, 1708.964
201.2861, 1703.616
201.7682, 1705.352
202.2503, 1716.403
202.7324, 1724.841
203.2145, 1722.277
203.6966, 1706.442
204.1788, 1697.718
204.6609, 1699.497
205.1430, 1707.178
205.6251, 1707.957
206.1072, 1699.102
206.5893, 1691.391
207.0715, 1691.057
207.5536, 1698.741
208.0357, 1711.613
208.5178, 1733.000
208.9999, 1758.406
209.4820, 1770.799
209.9642, 1766.297
210.4463, 1757.373
210.9284, 1752.693
211.4105, 1754.014
211.8926, 1753.073
212.3747, 1747.476
212.8569, 1738.594
213.3390, 1734.548
213.8211, 1736.380
214.3032, 1741.282
214.7853, 1747.917
215.2674, 1757.760
215.7496, 1764.753
216.2317, 1767.227
216.7138, 1765.522
217.1959, 1764.639
217.6780, 1764.654
218.1601, 1765.369
218.6423, 1766.337
219.1244, 1766.751
219.6065, 1769.565
220.0886, 1776.493
220.5707, 1787.708
221.0528, 1795.215
221.5350, 1798.851
222.0171, 1799.157
222.4992, 1795.983
222.9813, 1786.842
223.4634, 1779.520
223.9455, 1775.456
224.4277, 1774.609
224.9098, 1777.658
225.3919, 1786.219
225.8740, 1797.149
226.3561, 1807.799
226.8382, 1821.151
227.3204, 1828.131
227.8025, 1824.006
228.2846, 1806.146
228.7667, 1795.844
229.2488, 1796.554
229.7310, 1802.320
230.2131, 1804.926
230.6952, 1801.832
231.1773, 1799.984
231.6594, 1801.555
232.1415, 1807.331
232.6237, 1812.990
233.1058, 1817.854
233.5879, 1823.033
234.0700, 1831.194
234.5521, 1847.231
235.0342, 1857.924
235.5164, 1856.465
235.9985, 1836.187
236.4806, 1828.875
236.9627, 1842.090
237.4448, 1864.062
237.9269, 1873.744
238.4091, 1863.032
238.8912, 1852.576
239.3733, 1850.844
239.8554, 1863.585
240.3375, 1867.196
240.8196, 1856.089
241.3018, 1838.320
241.7839, 1830.116
242.2660, 1836.140
242.7481, 1844.415
243.2302, 1850.220
243.7123, 1851.524
244.1945, 1856.085
244.6766, 1865.935
245.1587, 1878.215
245.6408, 1887.360
246.1229, 1894.289
246.6050, 1896.609
247.0872, 1891.957
247.5693, 1874.622
248.0514, 1864.855
248.5335, 1864.887
249.0156, 1871.820
249.4977, 1878.972
249.9799, 1887.851
250.4620, 1894.471
250.9441, 1896.178
251.4262, 1888.846
251.9083, 1886.935
252.3904, 1892.400
252.8726, 1902.730
253.3547, 1911.421
253.8368, 1918.545
254.3189, 1924.037
254.8010, 1927.859
255.2831, 1929.782
255.7653, 1930.511
256.2474, 1929.498
256.7295, 1927.469
257.2116, 1926.441
257.6937, 1926.606
258.1758, 1927.414
258.6580, 1928.300
259.1401, 1928.397
259.6222, 1931.882
260.1043, 1941.963
260.5864, 1954.333
261.0685, 1954.425
261.5507, 1934.318
262.0328, 1918.198
262.5149, 1921.806
262.9970, 1956.293
263.4791, 1971.817
263.9612, 1960.041
264.4434, 1931.444
264.9255, 1914.255
265.4076, 1910.153
265.8897, 1913.474
266.3718, 1923.596
266.8539, 1943.448
267.3361, 1957.020
267.8182, 1962.091
268.3003, 1961.306
268.7824, 1961.423
269.2645, 1963.098
269.7466, 1963.868
270.2288, 1961.602
270.7109, 1955.225
271.1930, 1952.094
271.6751, 1953.101
272.1572, 1957.070
272.6393, 1960.486
273.1215, 1962.307
273.6036, 1967.328
274.0857, 1981.616
274.5678, 2007.453
275.0499, 2020.172
275.5320, 2015.414
276.0142, 2000.313
276.4963, 1990.078
276.9784, 1985.053
277.4605, 1983.169
277.9426, 1983.979
278.4247, 1987.557
278.9069, 1991.431
279.3890, 1995.830
279.8711, 1999.942
280.3532, 2000.460
280.8354, 1996.485
281.3175, 1996.322
281.7996, 2007.766
282.2817, 2030.124
282.7638, 2044.484
283.2459, 2048.750
283.7281, 2046.756
284.2102, 2044.005
284.6923, 2040.426
285.1744, 2037.925
285.6565, 2038.072
286.1386, 2040.506
286.6208, 2042.240
287.1029, 2042.846
287.5850, 2043.442
288.0671, 2046.007
288.5492, 2050.467
289.0313, 2055.176
289.5135, 2059.719
289.9956, 2063.908
290.4777, 2067.868
290.9598, 2072.392
291.4419, 2073.968
291.9240, 2064.379
292.4062, 2045.271
292.8883, 2029.747
293.3704, 2027.542
293.8525, 2033.665
294.3346, 2033.313
294.8167, 2024.983
295.2989, 2015.453
295.7810, 2011.700
296.2631, 2013.349
296.7452, 2018.726
297.2273, 2031.630
297.7094, 2046.669
298.1916, 2053.047
298.6737, 2049.805
299.1558, 2043.067
299.6379, 2038.949
300.1200, 2036.282
300.6021, 2031.749
301.0843, 2019.947
301.5664, 2007.050
302.0485, 2003.488
302.5306, 2009.867
303.0127, 2016.032
303.4948, 2011.015
303.9770, 1999.664
304.4591, 1991.191
304.9412, 1988.842
305.4233, 1991.625
305.9054, 2001.232
306.3875, 2017.414
306.8697, 2031.486
307.3518, 2035.102
307.8339, 2032.985
308.3160, 2031.764
308.7981, 2040.344
309.2802, 2046.099
309.7624, 2034.510
310.2445, 2007.409
310.7266, 1985.746
311.2087, 1987.712
311.6908, 1999.155
312.1729, 2004.656
312.6551, 1990.886
313.1372, 1977.532
313.6193, 1978.511
314.1014, 1991.218
314.5835, 1999.692
315.0656, 1988.409
315.5478, 1974.107
316.0299, 1971.123
316.5120, 1997.072
316.9941, 2018.971
317.4762, 2021.149
317.9583, 2007.997
318.4405, 1997.080
318.9226, 1994.743
319.4047, 1996.185
319.8868, 1998.617
320.3689, 2003.091
320.8510, 2006.304
321.3332, 2008.524
321.8153, 2009.075
322.2974, 2005.980
322.7795, 1994.221
323.2616, 1982.242
323.7437, 1973.988
324.2259, 1971.606
324.7080, 1969.965
325.1901, 1968.553
325.6722, 1967.560
326.1543, 1967.390
326.6364, 1968.915
327.1186, 1970.513
327.6007, 1972.755
328.0828, 1980.140
328.5649, 1977.541
329.0470, 1955.595
329.5291, 1926.471
330.0113, 1909.633
330.4934, 1911.825
330.9755, 1917.414
331.4576, 1923.248
331.9397, 1930.177
332.4218, 1932.976
332.9040, 1930.766
333.3861, 1925.062
333.8682, 1916.909
334.3503, 1903.141
334.8324, 1893.624
335.3145, 1891.826
335.7967, 1898.034
336.2788, 1902.462
336.7609, 1905.630
337.2430, 1906.251
337.7251, 1901.774
338.2072, 1890.399
338.6894, 1882.125
339.1715, 1880.765
339.6536, 1884.473
340.1357, 1879.701
340.6178, 1863.810
341.0999, 1848.314
341.5821, 1845.416
342.0642, 1855.536
342.5463, 1860.092
343.0284, 1854.605
343.5105, 1842.459
343.9926, 1831.355
344.4748, 1821.167
344.9569, 1814.796
345.4390, 1818.005
345.9211, 1828.301
346.4032, 1830.918
346.8853, 1821.302
347.3675, 1808.507
347.8496, 1809.443
348.3317, 1822.318
348.8138, 1834.136
349.2959, 1838.057
349.7780, 1835.106
350.2602, 1825.571
350.7423, 1807.879
351.2244, 1790.459
351.7065, 1784.069
352.1887, 1785.679
352.6708, 1786.850
353.1529, 1781.334
353.6350, 1774.058
354.1171, 1771.925
354.5992, 1775.804
355.0814, 1778.364
355.5635, 1771.434
356.0456, 1759.841
356.5277, 1751.208
357.0098, 1752.669
357.4919, 1755.112
357.9741, 1750.229
358.4562, 1738.420
358.9383, 1730.710
359.4204, 1736.796
359.9025, 1748.197
360.3846, 1756.696
360.8668, 1760.224
361.3489, 1760.019
361.8310, 1753.554
362.3131, 1742.423
362.7952, 1735.327
363.2773, 1738.706
363.7595, 1744.535
364.2416, 1748.043
364.7237, 1747.090
365.2058, 1745.706
365.6879, 1743.993
366.1700, 1742.242
366.6522, 1741.291
367.1343, 1742.789
367.6164, 1743.769
368.0985, 1743.085
368.5806, 1740.171
369.0627, 1736.876
369.5449, 1734.060
370.0270, 1730.577
370.5091, 1723.947
370.9912, 1709.045
371.4733, 1698.595
371.9554, 1697.355
372.4376, 1706.720
372.9197, 1713.984
373.4018, 1719.018
373.8839, 1722.009
374.3660, 1722.301
374.8481, 1718.290
375.3303, 1717.293
375.8124, 1722.105
376.2945, 1731.562
376.7766, 1737.900
377.2587, 1741.022
377.7408, 1741.163
378.2230, 1737.514
378.7051, 1730.080
379.1872, 1722.821
379.6693, 1715.387
380.1514, 1709.644
380.6335, 1712.931
381.1157, 1725.294
381.5978, 1734.383
382.0799, 1727.497
382.5620, 1710.273
383.0441, 1702.828
383.5262, 1708.664
384.0084, 1719.032
384.4905, 1724.354
384.9726, 1725.171
385.4547, 1723.662
385.9368, 1715.984
386.4189, 1708.680
386.9011, 1713.313
387.3832, 1731.085
387.8653, 1747.696
388.3474, 1751.463
388.8295, 1746.696
389.3116, 1739.884
389.7938, 1729.383
390.2759, 1721.107
390.7580, 1720.632
391.2401, 1727.087
391.7222, 1732.552
392.2043, 1733.286
392.6865, 1731.319
393.1686, 1728.112
393.6507, 1722.151
394.1328, 1717.550
394.6149, 1716.350
395.0970, 1717.586
395.5792, 1718.465
396.0613, 1714.753
396.5434, 1713.441
397.0255, 1718.739
397.5076, 1737.034
397.9897, 1748.695
398.4719, 1749.217
398.9540, 1743.266
399.4361, 1737.386
399.9182, 1727.545
400.4003, 1722.987
400.8824, 1728.698
401.3646, 1746.794
401.8467, 1754.367
402.3288, 1747.119
402.8109, 1734.527
403.2930, 1724.116
403.7751, 1714.422
404.2573, 1712.201
404.7394, 1721.209
405.2215, 1738.289
405.7036, 1749.162
406.1857, 1753.358
406.6678, 1753.334
407.1500, 1749.946
407.6321, 1743.257
408.1142, 1734.414
408.5963, 1721.894
409.0784, 1710.851
409.5605, 1711.768
410.0427, 1723.792
410.5248, 1737.051
411.0069, 1748.367
411.4890, 1757.226
411.9711, 1761.179
412.4532, 1759.817
412.9354, 1757.770
413.4175, 1759.637
413.8996, 1764.174
414.3817, 1768.914
414.8638, 1772.646
415.3459, 1776.364
415.8281, 1782.254
416.3102, 1789.687
416.7923, 1794.266
417.2744, 1792.862
417.7565, 1787.531
418.2386, 1779.315
418.7208, 1764.180
419.2029, 1753.547
419.6850, 1755.266
420.1671, 1764.935
420.6492, 1772.713
421.1313, 1770.239
421.6135, 1769.755
422.0956, 1778.971
422.5777, 1803.843
423.0598, 1818.630
423.5420, 1813.381
424.0241, 1799.346
424.5062, 1789.046
424.9883, 1784.841
425.4704, 1781.419
425.9525, 1775.610
426.4347, 1768.107
426.9168, 1772.397
427.3989, 1796.183
427.8810, 1821.072
428.3631, 1833.358
428.8452, 1828.683
429.3274, 1828.639
429.8095, 1836.868
430.2916, 1848.917
430.7737, 1854.440
431.2558, 1852.932
431.7379, 1848.780
432.2201, 1842.927
432.7022, 1835.776
433.1843, 1830.312
433.6664, 1826.402
434.1485, 1825.259
434.6306, 1831.176
435.1128, 1841.897
435.5949, 1848.235
436.0770, 1844.352
436.5591, 1836.437
437.0412, 1833.068
437.5233, 1834.031
438.0055, 1837.967
438.4876, 1847.596
438.9697, 1858.298
439.4518, 1864.108
439.9339, 1862.956
440.4160, 1858.898
440.8982, 1850.744
441.3803, 1841.693
441.8624, 1838.125
442.3445, 1847.011
442.8266, 1858.350
443.3087, 1867.428
443.7909, 1873.640
444.2730, 1879.330
444.7551, 1888.260
445.2372, 1895.404
445.7193, 1896.267
446.2014, 1880.952
446.6836, 1870.247
447.1657, 1868.442
447.6478, 1873.883
448.1299, 1876.082
448.6120, 1870.208
449.0941, 1867.311
449.5763, 1874.450
450.0584, 1897.332
450.5405, 1911.973
451.0226, 1916.316
451.5047, 1914.764
451.9868, 1914.716
452.4690, 1916.749
452.9511, 1916.333
453.4332, 1910.947
453.9153, 1901.717
454.3974, 1893.157
454.8795, 1884.790
455.3617, 1881.119
455.8438, 1891.076
456.3259, 1909.799
456.8080, 1920.523
457.2901, 1917.290
457.7722, 1908.700
458.2544, 1901.969
458.7365, 1898.155
459.2186, 1901.205
459.7007, 1921.890
460.1828, 1945.725
460.6649, 1957.693
461.1471, 1955.430
461.6292, 1950.048
462.1113, 1944.330
462.5934, 1940.092
463.0755, 1939.451
463.5576, 1944.700
464.0398, 1951.966
464.5219, 1962.333
465.0040, 1974.774
465.4861, 1982.409
465.9682, 1979.135
466.4503, 1974.657
466.9325, 1973.919
467.4146, 1980.125
467.8967, 1984.116
468.3788, 1985.783
468.8609, 1985.288
469.3430, 1981.993
469.8252, 1972.978
470.3073, 1968.318
470.7894, 1972.871
471.2715, 1985.527
471.7536, 1990.205
472.2357, 1985.002
472.7179, 1978.662
473.2000, 1979.377
473.6821, 1986.565
474.1642, 1992.178
474.6463, 1994.467
475.1284, 1995.760
475.6106, 2001.635
476.0927, 2010.853
476.5748, 2016.370
477.0569, 2009.533
477.5390, 1998.844
478.0211, 1998.939
478.5033, 2010.877
478.9854, 2019.802
479.4675, 2008.678
479.9496, 1990.071
480.4317, 1979.558
480.9138, 1989.980
481.3960, 2000.726
481.8781, 2001.120
482.3602, 1994.088
482.8423, 1989.464
483.3244, 1991.282
483.8065, 1995.070
484.2887, 1998.966
484.7708, 2002.788
485.2529, 2006.738
485.7350, 2010.832
486.2171, 2015.073
486.6992, 2020.196
487.1814, 2030.463
487.6635, 2032.680
488.1456, 2019.973
488.6277, 1996.777
489.1098, 1989.524
489.5919, 2002.484
490.0741, 2017.422
490.5562, 2023.384
491.0383, 2020.511
491.5204, 2014.945
492.0026, 2006.211
492.4847, 1997.298
492.9668, 1992.643
493.4489, 1991.519
493.9310, 1990.575
494.4131, 1988.531
494.8953, 1985.931
495.3774, 1982.568
495.8595, 1978.762
496.3416, 1977.440
496.8237, 1982.301
497.3058, 1989.635
497.7880, 1996.366
498.2701, 2002.838
498.7522, 2005.932
499.2343, 2000.723
499.7164, 1991.797
500.1985, 1986.329
500.6807, 1990.728
501.1628, 1994.606
501.6449, 1992.930
502.1270, 1985.193
502.6091, 1984.291
503.0912, 1996.133
503.5734, 2009.756
504.0555, 2018.859
504.5376, 2022.462
505.0197, 2023.789
505.5018, 2023.017
505.9839, 2019.929
506.4661, 2012.517
506.9482, 1999.292
507.4303, 1990.416
507.9124, 1991.756
508.3945, 2000.527
508.8766, 2002.335
509.3588, 1996.829
509.8409, 1991.673
510.3230, 1994.596
510.8051, 2002.832
511.2872, 2008.777
511.7693, 2009.502
512.2515, 2011.735
512.7336, 2027.832
513.2157, 2050.610
513.6978, 2064.070
514.1799, 2050.645
514.6620, 2033.641
515.1442, 2028.031
515.6263, 2034.274
516.1084, 2041.159
516.5905, 2045.729
517.0726, 2049.081
517.5547, 2051.933
518.0369, 2054.996
518.5190, 2056.781
519.0011, 2059.379
519.4832, 2060.148
519.9653, 2052.888
520.4474, 2030.360
520.9296, 2013.462
521.4117, 2008.426
521.8938, 2014.830
522.3759, 2025.509
522.8580, 2041.973
523.3401, 2057.750
523.8223, 2069.985
524.3044, 2078.042
524.7865, 2073.486
525.2686, 2051.235
525.7507, 2027.172
526.2328, 2026.511
526.7150, 2043.971
527.1971, 2060.974
527.6792, 2070.934
528.1613, 2074.720
528.6434, 2070.360
529.1255, 2058.883
529.6077, 2050.292
530.0898, 2049.234
530.5719, 2054.039
531.0540, 2064.756
531.5361, 2087.483
532.0182, 2103.323
532.5004, 2104.274
532.9825, 2096.156
533.4646, 2088.083
533.9467, 2079.288
534.4288, 2072.259
534.9109, 2067.011
535.3931, 2063.686
535.8752, 2064.072
536.3573, 2069.327
536.8394, 2075.969
537.3215, 2082.842
537.8036, 2090.202
538.2858, 2093.711
538.7679, 2092.779
539.2500, 2089.093
539.7321, 2083.085
540.2142, 2075.620
540.6964, 2071.798
541.1785, 2073.611
541.6606, 2079.779
542.1427, 2093.100
542.6248, 2111.201
543.1069, 2121.202
543.5891, 2105.351
544.0712, 2083.537
544.5533, 2073.703
545.0354, 2079.675
545.5175, 2090.101
545.9996, 2104.600
546.4818, 2119.386
546.9639, 2130.207
547.4460, 2136.859
547.9281, 2138.692
548.4102, 2133.408
548.8923, 2123.036
549.3745, 2114.486
549.8566, 2106.870
550.3387, 2102.664
550.8208, 2104.336
551.3029, 2112.585
551.7850, 2115.449
552.2672, 2112.136
552.7493, 2106.048
553.2314, 2098.333
553.7135, 2089.813
554.1956, 2088.249
554.6777, 2097.441
555.1599, 2109.542
555.6420, 2111.149
556.1241, 2105.452
556.6062, 2102.879
557.0883, 2111.307
557.5704, 2123.535
558.0526, 2134.093
558.5347, 2142.760
559.0168, 2149.874
559.4989, 2156.288
559.9810, 2160.616
560.4631, 2161.558
560.9453, 2156.576
561.4274, 2152.265
561.9095, 2152.646
562.3916, 2153.130
562.8737, 2145.604
563.3558, 2119.610
563.8380, 2106.029
564.3201, 2116.706
564.8022, 2145.791
565.2843, 2157.449
565.7664, 2147.305
566.2485, 2138.994
566.7307, 2153.802
567.2128, 2186.079
567.6949, 2197.918
568.1770, 2185.537
568.6591, 2166.401
569.1412, 2157.559
569.6234, 2155.901
570.1055, 2154.326
570.5876, 2148.123
571.0697, 2144.818
571.5518, 2156.014
572.0339, 2175.264
572.5161, 2185.304
572.9982, 2168.365
573.4803, 2150.173
573.9624, 2143.278
574.4445, 2149.574
574.9266, 2156.167
575.4088, 2163.777
575.8909, 2169.790
576.3730, 2171.956
576.8551, 2167.663
577.3372, 2166.463
577.8193, 2170.072
578.3015, 2175.418
578.7836, 2177.110
579.2657, 2174.894
579.7478, 2172.650
580.2299, 2172.280
580.7120, 2172.317
581.1942, 2168.456
581.6763, 2161.058
582.1584, 2153.740
582.6405, 2149.410
583.1226, 2146.415
583.6047, 2141.219
584.0869, 2132.641
584.5690, 2129.559
585.0511, 2141.146
585.5332, 2159.187
586.0153, 2175.203
586.4974, 2194.848
586.9796, 2203.217
587.4617, 2189.381
587.9438, 2162.730
588.4259, 2146.267
588.9080, 2142.438
589.3901, 2145.912
589.8723, 2159.128
590.3544, 2181.032
590.8365, 2186.284
591.3186, 2171.158
591.8007, 2154.136
592.2828, 2151.152
592.7650, 2159.565
593.2471, 2161.905
593.7292, 2155.788
594.2113, 2147.302
594.6934, 2140.527
595.1755, 2136.646
595.6577, 2138.361
596.1398, 2152.137
596.6219, 2165.509
597.1040, 2168.948
597.5862, 2164.827
598.0683, 2160.306
598.5504, 2153.068
599.0325, 2150.330
599.5146, 2157.945
599.9968, 2178.435
600.4789, 2190.938
600.9610, 2190.946
601.4431, 2187.358
601.9252, 2185.474
602.4073, 2185.014
602.8895, 2188.915
603.3716, 2200.364
603.8537, 2210.722
604.3358, 2202.467
604.8179, 2177.658
605.3000, 2160.585
605.7822, 2160.582
606.2643, 2170.725
606.7464, 2184.879
607.2285, 2200.980
607.7106, 2210.668
608.1927, 2204.434
608.6749, 2192.780
609.1570, 2182.345
609.6391, 2173.386
610.1212, 2170.281
610.6033, 2179.120
611.0854, 2191.406
611.5676, 2201.053
612.0497, 2208.975
612.5318, 2211.705
613.0139, 2206.295
613.4960, 2197.635
613.9781, 2193.215
614.4603, 2193.673
614.9424, 2195.658
615.4245, 2198.866
615.9066, 2202.720
616.3887, 2206.615
616.8708, 2210.404
617.3530, 2211.098
617.8351, 2203.579
618.3172, 2193.160
618.7993, 2187.559
619.2814, 2187.143
619.7635, 2191.267
620.2457, 2205.399
620.7278, 2220.683
621.2099, 2228.151
621.6920, 2221.985
622.1741, 2216.798
622.6563, 2217.314
623.1384, 2220.563
623.6205, 2222.524
624.1026, 2224.111
624.5847, 2222.448
625.0668, 2214.895
625.5490, 2204.296
626.0311, 2201.573
626.5132, 2208.024
626.9953, 2214.675
627.4774, 2217.128
627.9595, 2216.350
628.4417, 2216.788
628.9238, 2218.434
629.4059, 2217.914
629.8880, 2208.765
630.3701, 2197.276
630.8522, 2192.411
631.3344, 2196.603
631.8165, 2203.491
632.2986, 2212.832
632.7807, 2221.694
633.2628, 2226.542
633.7449, 2226.643
634.2271, 2222.495
634.7092, 2207.301
635.1913, 2188.759
635.6734, 2188.085
636.1555, 2215.738
636.6376, 2237.326
637.1198, 2240.229
637.6019, 2227.575
638.0840, 2217.184
638.5661, 2208.980
639.0482, 2204.085
639.5303, 2204.467
640.0125, 2208.614
640.4946, 2214.209
640.9767, 2221.309
641.4588, 2225.986
641.9409, 2221.878
642.4230, 2214.921
642.9052, 2212.287
643.3873, 2219.047
643.8694, 2224.692
644.3515, 2220.365
644.8336, 2214.036
645.3157, 2221.115
645.7979, 2261.562
646.2800, 2284.963
646.7621, 2275.271
647.2442, 2241.779
647.7263, 2227.083
648.2084, 2234.312
648.6906, 2244.415
649.1727, 2246.950
649.6548, 2244.281
650.1369, 2246.614
650.6190, 2253.888
651.1011, 2260.582
651.5833, 2262.775
652.0654, 2261.422
652.5475, 2257.093
653.0296, 2249.126
653.5117, 2241.560
653.9938, 2233.693
654.4760, 2228.431
654.9581, 2229.055
655.4402, 2244.149
655.9223, 2255.112
656.4044, 2259.273
656.8865, 2258.735
657.3687, 2258.064
657.8508, 2257.990
658.3329, 2254.995
658.8150, 2245.987
659.2971, 2234.045
659.7792, 2230.919
660.2614, 2236.439
660.7435, 2244.475
661.2256, 2254.662
661.7077, 2263.500
662.1898, 2262.522
662.6719, 2251.445
663.1541, 2245.143
663.6362, 2261.089
664.1183, 2280.951
664.6004, 2287.735
665.0825, 2270.253
665.5646, 2258.922
666.0468, 2263.503
666.5289, 2273.677
667.0110, 2280.057
667.4931, 2283.435
667.9752, 2279.712
668.4573, 2264.706
668.9395, 2246.438
669.4216, 2244.082
669.9037, 2256.978
670.3858, 2268.688
670.8679, 2272.321
671.3500, 2271.238
671.8322, 2269.081
672.3143, 2266.529
672.7964, 2266.691
673.2785, 2273.971
673.7606, 2282.654
674.2427, 2289.461
674.7249, 2294.235
675.2070, 2295.520
675.6891, 2290.553
676.1712, 2283.788
676.6533, 2277.317
677.1354, 2270.037
677.6176, 2267.112
678.0997, 2270.396
678.5818, 2274.859
679.0639, 2272.943
679.5460, 2265.169
680.0281, 2263.654
680.5103, 2271.971
680.9924, 2283.572
681.4745, 2292.237
681.9566, 2297.240
682.4387, 2296.620
682.9208, 2280.996
683.4030, 2267.458
683.8851, 2267.828
684.3672, 2278.914
684.8493, 2289.969
685.3314, 2302.548
685.8135, 2310.432
686.2957, 2311.127
686.7778, 2304.769
687.2599, 2296.738
687.7420, 2284.985
688.2241, 2276.717
688.7062, 2279.365
689.1884, 2291.351
689.6705, 2293.114
690.1526, 2283.411
690.6347, 2273.820
691.1168, 2278.340
691.5989, 2289.159
692.0811, 2292.801
692.5632, 2284.416
693.0453, 2276.838
693.5274, 2278.889
694.0095, 2285.052
694.4916, 2288.725
694.9738, 2284.587
695.4559, 2283.091
695.9380, 2286.857
696.4201, 2292.995
696.9022, 2295.970
697.3843, 2295.300
697.8665, 2292.837
698.3486, 2287.677
698.8307, 2282.112
699.3128, 2284.942
699.7949, 2294.862
700.2770, 2301.243
700.7592, 2293.569
701.2413, 2281.912
701.7234, 2278.769
702.2055, 2283.496
702.6876, 2286.723
703.1697, 2281.305
703.6519, 2275.096
704.1340, 2272.063
704.6161, 2272.419
705.0982, 2277.370
705.5803, 2288.431
706.0624, 2302.299
706.5446, 2319.445
707.0267, 2341.602
707.5088, 2346.429
707.9909, 2328.994
708.4730, 2307.373
708.9551, 2305.215
709.4373, 2316.751
709.9194, 2326.309
710.4015, 2329.566
710.8836, 2330.498
711.3657, 2331.877
711.8478, 2333.168
712.3300, 2333.469
712.8121, 2334.043
713.2942, 2331.886
713.7763, 2323.736
714.2584, 2312.282
714.7405, 2304.827
715.2227, 2301.224
715.7048, 2302.109
716.1869, 2309.974
716.6690, 2321.946
717.1511, 2324.618
717.6332, 2318.199
718.1154, 2311.419
718.5975, 2312.255
719.0796, 2314.762
719.5617, 2307.282
720.0438, 2290.603
720.5259, 2280.187
721.0081, 2285.470
721.4902, 2299.435
721.9723, 2321.639
722.4544, 2358.602
722.9365, 2374.996
723.4186, 2356.848
723.9008, 2331.724
724.3829, 2320.346
724.8650, 2325.443
725.3471, 2326.004
725.8292, 2319.233
726.3113, 2313.465
726.7935, 2320.583
727.2756, 2336.863
727.7577, 2353.038
728.2398, 2369.294
728.7219, 2378.357
729.2040, 2366.380
729.6862, 2345.233
730.1683, 2333.260
730.6504, 2347.011
731.1325, 2357.684
731.6146, 2357.070
732.0967, 2349.450
732.5789, 2343.149
733.0610, 2338.182
733.5431, 2334.567
734.0252, 2332.645
734.5073, 2331.953
734.9894, 2330.880
735.4716, 2329.541
735.9537, 2329.316
736.4358, 2332.037
736.9179, 2335.640
737.4000, 2337.270
737.8821, 2337.257
738.3643, 2337.789
738.8464, 2339.387
739.3286, 2342.233
739.8107, 2347.736
740.2928, 2356.772
740.7749, 2360.094
741.2570, 2355.135
741.7391, 2348.332
742.2213, 2342.884
742.7034, 2338.755
743.1855, 2337.052
743.6676, 2337.899
744.1497, 2340.102
744.6318, 2342.754
745.1140, 2345.924
745.5961, 2349.904
746.0782, 2354.912
746.5603, 2359.861
747.0424, 2367.823
747.5245, 2373.498
748.0067, 2371.477
748.4888, 2350.030
748.9709, 2336.989
749.4530, 2335.938
749.9351, 2341.102
750.4172, 2345.638
750.8994, 2349.628
751.3815, 2353.491
751.8636, 2358.894
752.3457, 2360.781
752.8278, 2344.113
753.3099, 2316.550
753.7921, 2302.009
754.2742, 2320.040
754.7563, 2340.371
755.2384, 2338.752
755.7205, 2323.850
756.2026, 2315.316
756.6848, 2327.016
757.1669, 2335.640
757.6490, 2336.190
758.1311, 2330.028
758.6132, 2320.238
759.0953, 2304.779
759.5775, 2295.357
760.0596, 2298.826
760.5417, 2310.543
761.0238, 2317.844
761.5059, 2321.240
761.9880, 2323.371
762.4702, 2326.385
762.9523, 2328.453
763.4344, 2329.026
763.9165, 2327.808
764.3986, 2321.757
764.8807, 2300.339
765.3629, 2283.193
765.8450, 2280.618
766.3271, 2293.943
766.8092, 2300.923
767.2913, 2301.341
767.7734, 2296.128
768.2556, 2278.861
768.7377, 2255.699
769.2198, 2256.595
769.7019, 2283.277
770.1840, 2309.196
770.6661, 2315.355
771.1483, 2308.754
771.6304, 2291.860
772.1125, 2259.469
772.5946, 2243.039
773.0767, 2271.515
773.5588, 2304.021
774.0410, 2308.263
774.5231, 2269.267
775.0052, 2250.635
775.4873, 2258.661
775.9694, 2274.347
776.4515, 2277.059
776.9337, 2268.958
777.4158, 2257.904
777.8979, 2244.012
778.3800, 2232.574
778.8621, 2227.533
779.3442, 2227.984
779.8264, 2232.918
780.3085, 2246.228
780.7906, 2257.781
781.2727, 2270.258
781.7548, 2277.681
782.2369, 2269.895
782.7191, 2240.166
783.2012, 2219.293
783.6833, 2212.940
784.1654, 2215.440
784.6475, 2220.740
785.1296, 2227.376
785.6118, 2228.726
786.0939, 2219.842
786.5760, 2209.517
787.0581, 2205.940
787.5402, 2206.403
788.0223, 2206.013
788.5045, 2202.460
788.9866, 2199.034
789.4687, 2198.565
789.9508, 2198.130
790.4329, 2188.683
790.9150, 2166.520
791.3972, 2151.952
791.8793, 2153.358
792.3614, 2162.593
792.8435, 2161.003
793.3256, 2151.187
793.8077, 2144.216
794.2899, 2152.745
794.7720, 2159.627
795.2541, 2147.515
795.7362, 2122.813
796.2183, 2108.305
796.7004, 2114.318
797.1826, 2125.962
797.6647, 2144.987
798.1468, 2167.118
798.6289, 2166.139
799.1110, 2139.236
799.5931, 2112.550
800.0753, 2095.677
800.5574, 2088.176
801.0395, 2092.224
801.5216, 2105.790
802.0037, 2119.230
802.4858, 2131.686
802.9680, 2137.917
803.4501, 2131.461
803.9322, 2113.232
804.4143, 2099.524
804.8964, 2093.970
805.3785, 2089.202
805.8607, 2081.115
806.3428, 2070.943
806.8249, 2072.112
807.3070, 2085.241
807.7891, 2094.732
808.2712, 2086.137
808.7534, 2069.788
809.2355, 2062.826
809.7176, 2064.484
810.1997, 2063.327
810.6818, 2047.921
811.1639, 2033.048
811.6461, 2028.143
812.1282, 2034.257
812.6103, 2037.488
813.0924, 2038.028
813.5745, 2035.269
814.0566, 2026.216
814.5388, 2012.629
815.0209, 2008.663
815.5030, 2014.230
815.9851, 2023.119
816.4672, 2035.748
816.9493, 2046.385
817.4315, 2047.278
817.9136, 2038.029
818.3957, 2028.851
818.8778, 2020.243
819.3599, 2015.243
819.8420, 2016.242
820.3242, 2023.878
820.8063, 2028.835
821.2884, 2031.142
821.7705, 2030.516
822.2526, 2026.560
822.7347, 2019.547
823.2169, 2007.554
823.6990, 1991.052
824.1811, 1979.655
824.6632, 1987.291
825.1453, 1997.400
825.6274, 1994.472
826.1096, 1974.079
826.5917, 1964.932
827.0738, 1978.236
827.5559, 1991.540
828.0380, 1990.606
828.5201, 1974.958
829.0023, 1972.460
829.4844, 1984.286
829.9665, 1993.900
830.4486, 1981.368
830.9307, 1961.176
831.4128, 1957.519
831.8950, 1972.151
832.3771, 1985.892
832.8592, 1991.774
833.3413, 1991.734
833.8234, 1984.431
834.3055, 1968.478
834.7877, 1960.455
835.2698, 1962.897
835.7519, 1966.975
836.2340, 1966.453
836.7161, 1962.408
837.1982, 1959.729
837.6804, 1958.530
838.1625, 1958.402
838.6446, 1964.097
839.1267, 1967.285
839.6088, 1955.491
840.0909, 1925.319
840.5731, 1911.229
841.0552, 1934.944
841.5373, 1960.107
842.0194, 1970.322
842.5015, 1965.270
842.9836, 1956.146
843.4658, 1941.786
843.9479, 1933.757
844.4300, 1951.912
844.9121, 1977.442
845.3942, 1973.613
845.8763, 1940.627
846.3585, 1912.162
846.8406, 1904.890
847.3227, 1907.946
847.8048, 1918.738
848.2869, 1937.520
848.7690, 1947.003
849.2512, 1944.344
849.7333, 1939.205
850.2154, 1937.348
850.6975, 1937.607
851.1796, 1932.848
851.6617, 1923.594
852.1439, 1916.708
852.6260, 1919.714
853.1081, 1924.686
853.5902, 1925.758
854.0723, 1922.569
854.5544, 1916.265
855.0366, 1898.591
855.5187, 1888.153
856.0008, 1894.889
856.4829, 1915.979
856.9650, 1923.506
857.4471, 1916.777
857.9293, 1910.406
858.4114, 1916.165
858.8935, 1925.857
859.3756, 1925.886
859.8577, 1918.167
860.3398, 1912.510
860.8220, 1916.951
861.3041, 1920.828
861.7862, 1918.600
862.2683, 1911.489
862.7504, 1904.664
863.2325, 1896.560
863.7147, 1895.477
864.1968, 1909.903
864.6789, 1930.113
865.1610, 1927.732
865.6431, 1907.781
866.1252, 1892.633
866.6074, 1902.721
867.0895, 1913.482
867.5716, 1907.071
868.0537, 1888.417
868.5358, 1878.318
869.0179, 1885.008
869.5001, 1887.744
869.9822, 1879.675
870.4643, 1866.116
870.9464, 1862.048
871.4285, 1866.793
871.9106, 1874.615
872.3928, 1884.069
872.8749, 1894.724
873.3570, 1910.012
873.8391, 1925.822
874.3212, 1933.347
874.8033, 1923.596
875.2855, 1913.467
875.7676, 1905.592
876.2497, 1899.260
876.7318, 1892.961
877.2139, 1886.557
877.6960, 1882.313
878.1782, 1881.395
878.6603, 1881.143
879.1424, 1876.977
879.6245, 1871.059
880.1067, 1867.407
880.5888, 1867.851
881.0709, 1869.777
881.5530, 1875.213
882.0352, 1880.125
882.5173, 1878.557
882.9994, 1866.409
883.4815, 1863.450
883.9636, 1873.464
884.4457, 1886.862
884.9279, 1890.399
885.4100, 1887.874
885.8921, 1891.140
886.3742, 1905.119
886.8563, 1911.671
887.3384, 1886.816
887.8206, 1857.316
888.3027, 1850.626
888.7848, 1883.072
889.2669, 1897.700
889.7490, 1889.424
890.2311, 1873.763
890.7133, 1862.049
891.1954, 1854.373
891.6775, 1854.128
892.1596, 1861.658
892.6417, 1865.318
893.1238, 1844.253
893.6060, 1824.061
894.0881, 1831.761
894.5702, 1876.161
895.0523, 1897.910
895.5344, 1882.508
896.0165, 1861.370
896.4987, 1848.447
896.9808, 1843.467
897.4629, 1845.161
897.9450, 1853.183
898.4271, 1860.321
898.9092, 1861.166
899.3914, 1859.239
899.8735, 1857.210
900.3556, 1855.278
900.8377, 1853.994
901.3198, 1851.414
901.8019, 1852.246
902.2841, 1859.413
902.7662, 1870.696
903.2483, 1876.670
903.7304, 1877.340
904.2125, 1875.852
904.6946, 1874.047
905.1768, 1870.204
905.6589, 1858.366
906.1410, 1842.975
906.6231, 1834.382
907.1052, 1840.699
907.5873, 1848.999
908.0695, 1859.800
908.5516, 1868.950
909.0337, 1866.876
909.5158, 1852.118
909.9979, 1845.010
910.4800, 1851.942
910.9622, 1861.619
911.4443, 1855.574
911.9264, 1842.837
912.4085, 1839.869
912.8906, 1857.899
913.3727, 1871.651
913.8549, 1870.179
914.3370, 1863.096
914.8191, 1858.552
915.3012, 1856.914
915.7833, 1856.431
916.2654, 1857.396
916.7476, 1857.773
917.2297, 1855.598
917.7118, 1851.420
918.1939, 1845.167
918.6760, 1836.596
919.1581, 1830.432
919.6403, 1832.557
920.1224, 1834.461
920.6045, 1828.328
921.0866, 1813.091
921.5687, 1817.176
922.0508, 1845.440
922.5330, 1867.353
923.0151, 1854.857
923.4972, 1826.270
923.9793, 1818.070
924.4614, 1827.752
924.9435, 1840.835
925.4257, 1857.785
925.9078, 1869.060
926.3899, 1866.365
926.8720, 1854.109
927.3541, 1847.655
927.8362, 1848.623
928.3184, 1847.561
928.8005, 1840.125
929.2826, 1831.366
929.7647, 1831.313
930.2468, 1837.165
930.7289, 1841.835
931.2111, 1843.247
931.6932, 1842.254
932.1753, 1835.539
932.6574, 1828.281
933.1395, 1828.818
933.6216, 1841.344
934.1038, 1845.345
934.5859, 1837.357
935.0680, 1825.385
935.5501, 1816.790
936.0322, 1811.893
936.5143, 1811.988
936.9965, 1817.891
937.4786, 1824.782
937.9607, 1833.224
938.4428, 1839.328
938.9249, 1840.046
939.4070, 1834.615
939.8892, 1829.639
940.3713, 1824.767
940.8534, 1821.818
941.3355, 1823.348
941.8176, 1827.212
942.2997, 1827.508
942.7819, 1825.219
943.2640, 1827.256
943.7461, 1846.385
944.2282, 1860.931
944.7103, 1856.126
945.1924, 1838.417
945.6746, 1832.765
946.1567, 1841.879
946.6388, 1846.412
947.1209, 1838.207
947.6030, 1825.190
948.0851, 1818.709
948.5673, 1817.783
949.0494, 1820.436
949.5315, 1831.599
950.0136, 1838.552
950.4957, 1833.675
950.9778, 1824.802
951.4600, 1820.844
951.9421, 1822.631
952.4242, 1823.865
952.9063, 1823.822
953.3884, 1824.014
953.8705, 1825.875
954.3527, 1829.104
954.8348, 1834.135
955.3169, 1841.479
955.7990, 1846.052
956.2811, 1843.899
956.7632, 1840.576
957.2454, 1839.660
957.7275, 1841.014
958.2096, 1835.449
958.6917, 1822.474
959.1738, 1814.078
959.6559, 1820.305
960.1381, 1833.519
960.6202, 1850.167
961.1023, 1866.428
961.5844, 1869.438
962.0665, 1835.874
962.5486, 1812.866
963.0308, 1815.464
963.5129, 1831.427
963.9950, 1830.132
964.4771, 1812.497
964.9592, 1808.292
965.4413, 1829.681
965.9235, 1853.064
966.4056, 1851.844
966.8877, 1839.430
967.3698, 1834.142
967.8519, 1849.380
968.3340, 1850.265
968.8162, 1825.043
969.2983, 1800.094
969.7804, 1799.105
970.2625, 1819.330
970.7446, 1839.979
971.2267, 1860.262
971.7089, 1871.733
972.1910, 1860.974
972.6731, 1844.850
973.1552, 1834.994
973.6373, 1832.196
974.1194, 1834.868
974.6016, 1848.616
975.0837, 1853.988
975.5658, 1840.008
976.0479, 1817.162
976.5300, 1813.024
977.0121, 1823.346
977.4943, 1831.941
977.9764, 1831.655
978.4585, 1828.665
978.9406, 1820.041
979.4227, 1813.357
979.9048, 1821.666
980.3870, 1854.076
980.8691, 1872.030
981.3512, 1871.296
981.8333, 1860.833
982.3154, 1842.521
982.7975, 1824.046
983.2797, 1826.218
983.7618, 1852.593
984.2439, 1869.384
984.7260, 1846.676
985.2081, 1824.336
985.6902, 1827.243
986.1724, 1853.140
986.6545, 1859.428
987.1366, 1844.505
987.6187, 1832.072
988.1008, 1836.427
988.5829, 1847.835
989.0651, 1856.216
989.5472, 1861.260
990.0293, 1862.197
990.5114, 1855.455
990.9935, 1848.552
991.4756, 1841.044
991.9578, 1835.580
992.4399, 1837.658
992.9220, 1846.555
993.4041, 1852.316
993.8862, 1852.821
994.3683, 1853.912
994.8505, 1864.561
995.3326, 1875.835
995.8147, 1878.888
996.2968, 1871.318
996.7789, 1860.134
997.2610, 1842.489
997.7432, 1828.226
998.2253, 1823.797
998.7074, 1826.665
999.1895, 1829.780
999.6716, 1832.624
1000.154, 1832.603
1000.636, 1824.559
1001.118, 1817.376
1001.600, 1814.263
1002.082, 1815.477
1002.564, 1822.452
1003.046, 1838.417
1003.529, 1844.797
1004.011, 1836.332
1004.493, 1825.548
1004.975, 1831.685
1005.457, 1845.184
1005.939, 1849.855
1006.421, 1841.395
1006.903, 1831.653
1007.385, 1825.817
1007.868, 1817.749
1008.350, 1801.655
1008.832, 1778.398
1009.314, 1769.728
1009.796, 1775.355
1010.278, 1785.115
1010.760, 1794.346
1011.242, 1803.649
1011.725, 1818.893
1012.207, 1834.787
1012.689, 1834.918
1013.171, 1804.521
1013.653, 1782.538
1014.135, 1774.340
1014.617, 1775.493
1015.099, 1784.132
1015.581, 1796.377
1016.064, 1798.230
1016.546, 1785.468
1017.028, 1773.166
1017.510, 1769.222
1017.992, 1769.925
1018.474, 1773.895
1018.956, 1781.387
1019.438, 1782.705
1019.921, 1776.890
1020.403, 1771.682
1020.885, 1771.979
1021.367, 1775.196
1021.849, 1780.685
1022.331, 1786.065
1022.813, 1784.710
1023.295, 1765.152
1023.778, 1750.817
1024.260, 1746.042
1024.742, 1747.641
1025.224, 1752.639
1025.706, 1760.442
1026.188, 1765.125
1026.670, 1765.333
1027.152, 1767.143
1027.634, 1780.680
1028.117, 1794.116
1028.599, 1796.323
1029.081, 1785.201
1029.563, 1777.118
1030.045, 1771.829
1030.527, 1770.842
1031.009, 1776.967
1031.491, 1786.226
1031.974, 1790.007
1032.456, 1789.615
1032.938, 1788.378
1033.420, 1787.834
1033.902, 1786.460
1034.384, 1785.627
1034.866, 1782.478
1035.348, 1769.814
1035.830, 1747.509
1036.313, 1743.519
1036.795, 1761.825
1037.277, 1778.353
1037.759, 1764.837
1038.241, 1744.532
1038.723, 1741.182
1039.205, 1756.792
1039.687, 1765.191
1040.169, 1763.504
1040.652, 1757.964
1041.134, 1748.368
1041.616, 1738.839
1042.098, 1740.805
1042.580, 1750.585
1043.062, 1757.880
1043.544, 1758.473
1044.026, 1757.111
1044.509, 1752.969
1044.991, 1749.552
1045.473, 1749.671
1045.955, 1753.293
1046.437, 1763.446
1046.919, 1780.836
1047.401, 1793.362
1047.883, 1787.829
1048.365, 1775.564
1048.848, 1764.803
1049.330, 1756.610
1049.812, 1755.931
1050.294, 1769.157
1050.776, 1777.136
1051.258, 1775.326
1051.740, 1766.708
1052.222, 1750.759
1052.704, 1732.903
1053.187, 1730.274
1053.669, 1753.183
1054.151, 1769.476
1054.633, 1758.271
1055.115, 1739.753
1055.597, 1726.402
1056.079, 1718.127
1056.561, 1721.520
1057.044, 1736.884
1057.526, 1750.639
1058.008, 1752.675
1058.490, 1750.485
1058.972, 1749.634
1059.454, 1750.318
1059.936, 1753.232
1060.418, 1761.973
1060.901, 1765.323
1061.383, 1760.356
1061.865, 1753.667
1062.347, 1754.306
1062.829, 1759.448
1063.311, 1761.662
1063.793, 1759.871
1064.275, 1760.303
1064.757, 1768.419
1065.240, 1777.065
1065.722, 1785.302
1066.204, 1791.246
1066.686, 1782.600
1067.168, 1759.943
1067.650, 1740.048
1068.132, 1727.958
1068.614, 1722.920
1069.096, 1727.933
1069.579, 1737.690
1070.061, 1744.598
1070.543, 1744.922
1071.025, 1751.384
1071.507, 1767.076
1071.989, 1778.910
1072.471, 1772.998
1072.953, 1757.425
1073.436, 1745.434
1073.918, 1737.691
1074.400, 1734.304
1074.882, 1737.413
1075.364, 1742.947
1075.846, 1751.985
1076.328, 1760.737
1076.810, 1759.994
1077.292, 1751.552
1077.775, 1749.189
1078.257, 1757.109
1078.739, 1761.138
1079.221, 1738.309
1079.703, 1716.792
1080.185, 1727.607
1080.667, 1770.128
1081.149, 1783.422
1081.631, 1762.704
1082.114, 1745.310
1082.596, 1752.413
1083.078, 1767.310
1083.560, 1769.101
1084.042, 1761.008
1084.524, 1748.878
1085.006, 1721.302
1085.488, 1711.311
1085.971, 1726.694
1086.453, 1746.929
1086.935, 1751.700
1087.417, 1745.550
1087.899, 1743.932
1088.381, 1746.856
1088.863, 1747.680
1089.345, 1735.193
1089.828, 1728.938
1090.310, 1742.581
1090.792, 1765.243
1091.274, 1769.833
1091.756, 1756.944
1092.238, 1747.991
1092.720, 1748.064
1093.202, 1749.564
1093.684, 1742.361
1094.167, 1735.478
1094.649, 1740.831
1095.131, 1761.392
1095.613, 1765.701
1096.095, 1749.293
1096.577, 1735.567
1097.059, 1737.241
1097.541, 1746.261
1098.024, 1752.202
1098.506, 1755.037
1098.988, 1754.548
1099.470, 1747.772
1099.952, 1741.602
1100.434, 1734.200
1100.916, 1731.160
1101.398, 1741.682
1101.880, 1761.153
1102.363, 1767.748
1102.845, 1762.282
1103.327, 1757.270
1103.809, 1764.563
1104.291, 1767.838
1104.773, 1754.173
1105.255, 1734.508
1105.737, 1733.687
1106.219, 1751.267
1106.702, 1760.924
1107.184, 1757.541
1107.666, 1750.147
1108.148, 1742.482
1108.630, 1737.374
1109.112, 1739.160
1109.594, 1748.139
1110.076, 1751.725
1110.559, 1749.409
1111.041, 1743.401
1111.523, 1732.131
1112.005, 1721.365
1112.487, 1717.813
1112.969, 1721.284
1113.451, 1732.517
1113.933, 1761.358
1114.416, 1776.542
1114.898, 1772.668
1115.380, 1762.894
1115.862, 1755.360
1116.344, 1749.927
1116.826, 1747.754
1117.308, 1747.907
1117.790, 1746.286
1118.272, 1733.429
1118.755, 1728.727
1119.237, 1744.720
1119.719, 1765.013
1120.201, 1765.172
1120.683, 1747.308
1121.165, 1728.427
1121.647, 1710.061
1122.129, 1701.151
1122.611, 1715.662
1123.094, 1734.734
1123.576, 1746.593
1124.058, 1752.310
1124.540, 1757.735
1125.022, 1762.943
1125.504, 1767.719
1125.986, 1773.076
1126.468, 1774.539
1126.951, 1764.061
1127.433, 1748.907
1127.915, 1737.239
1128.397, 1730.442
1128.879, 1726.214
1129.361, 1725.668
1129.843, 1723.233
1130.325, 1712.254
1130.807, 1701.384
1131.290, 1708.649
1131.772, 1727.025
1132.254, 1741.705
1132.736, 1745.151
1133.218, 1749.437
1133.700, 1755.597
1134.182, 1762.053
1134.664, 1768.845
1135.146, 1774.660
1135.629, 1774.862
1136.111, 1770.052
1136.593, 1764.266
1137.075, 1762.023
1137.557, 1755.154
1138.039, 1736.862
1138.521, 1717.402
1139.003, 1716.058
1139.486, 1729.407
1139.968, 1735.919
1140.450, 1732.614
1140.932, 1727.654
1141.414, 1721.197
1141.896, 1720.004
1142.378, 1731.729
1142.860, 1751.637
1143.343, 1762.999
1143.825, 1765.889
1144.307, 1757.396
1144.789, 1732.022
1145.271, 1711.530
1145.753, 1722.690
1146.235, 1743.692
1146.717, 1752.297
1147.199, 1746.666
1147.682, 1742.696
1148.164, 1740.400
1148.646, 1739.543
1149.128, 1741.019
1149.610, 1742.572
1150.092, 1741.469
1150.574, 1738.579
1151.056, 1735.260
1151.538, 1731.019
1152.021, 1727.914
1152.503, 1725.892
1152.985, 1725.272
1153.467, 1727.612
1153.949, 1730.771
1154.431, 1730.402
1154.913, 1727.698
1155.395, 1726.841
1155.878, 1728.810
1156.360, 1733.982
1156.842, 1744.315
1157.324, 1754.068
1157.806, 1756.010
1158.288, 1752.469
1158.770, 1748.458
1159.252, 1744.382
1159.734, 1739.484
1160.217, 1728.072
1160.699, 1723.564
1161.181, 1732.397
1161.663, 1746.425
1162.145, 1750.352
1162.627, 1745.841
1163.109, 1735.555
1163.591, 1718.029
1164.073, 1710.807
1164.556, 1737.374
1165.038, 1760.736
1165.520, 1761.057
1166.002, 1744.912
1166.484, 1738.984
1166.966, 1741.900
1167.448, 1745.698
1167.930, 1748.916
1168.413, 1749.348
1168.895, 1742.609
1169.377, 1735.127
1169.859, 1731.966
1170.341, 1733.022
1170.823, 1736.252
1171.305, 1741.394
1171.787, 1744.255
1172.270, 1740.255
1172.752, 1736.377
1173.234, 1741.213
1173.716, 1746.493
1174.198, 1725.108
1174.680, 1743.319
1175.162, 1753.333
1175.644, 1755.590
1176.126, 1726.856
1176.609, 1738.139
1177.091, 1733.386
1177.573, 1727.975
1178.055, 1744.891
1178.537, 1720.665
1179.019, 1737.227
1179.501, 1737.507
1179.983, 1745.239
1180.465, 1736.835
1180.948, 1733.414
1181.430, 1746.135
1181.912, 1749.919
1182.394, 1739.657
1182.876, 1747.863
1183.358, 1723.073
1183.840, 1727.237
1184.322, 1743.894
1184.805, 1728.842
1185.287, 1722.573
1185.769, 1714.877
1186.251, 1710.670
1186.733, 1710.576
1187.215, 1713.071
1187.697, 1718.587
1188.179, 1724.769
1188.661, 1731.119
1189.144, 1737.292
1189.626, 1745.537
1190.108, 1751.929
1190.590, 1749.178
1191.072, 1732.955
1191.554, 1723.028
1192.036, 1720.440
1192.518, 1724.122
1193.000, 1737.918
1193.483, 1752.129
1193.965, 1743.959
1194.447, 1725.639
1194.929, 1720.783
1195.411, 1745.909
1195.893, 1759.973
1196.375, 1759.232
1196.857, 1751.916
1197.340, 1740.071
1197.822, 1727.591
1198.304, 1724.583
1198.786, 1727.419
1199.268, 1727.133
1199.750, 1713.544
1200.232, 1709.370
1200.714, 1720.614
1201.197, 1730.545
1201.679, 1717.226
1202.161, 1695.214
1202.643, 1700.057
1203.125, 1726.035
1203.607, 1748.237
1204.089, 1756.987
1204.571, 1762.823
1205.053, 1767.998
1205.536, 1768.918
1206.018, 1755.598
1206.500, 1736.904
1206.982, 1738.254
1207.464, 1757.222
1207.946, 1764.230
1208.428, 1733.105
1208.910, 1711.598
1209.392, 1708.379
1209.875, 1715.882
1210.357, 1726.546
1210.839, 1738.643
1211.321, 1748.483
1211.803, 1755.553
1212.285, 1762.277
1212.767, 1775.031
1213.249, 1778.146
1213.732, 1764.262
1214.214, 1744.378
1214.696, 1737.899
1215.178, 1740.658
1215.660, 1743.652
1216.142, 1745.298
1216.624, 1748.756
1217.106, 1760.008
1217.589, 1764.540
1218.071, 1754.205
1218.553, 1738.541
1219.035, 1739.712
1219.517, 1751.082
1219.999, 1757.333
1220.481, 1754.031
1220.963, 1750.194
1221.445, 1746.856
1221.927, 1745.096
1222.410, 1746.884
1222.892, 1749.155
1223.374, 1739.273
1223.856, 1724.934
1224.338, 1726.337
1224.820, 1761.038
1225.302, 1775.548
1225.784, 1753.518
1226.267, 1729.186
1226.749, 1721.617
1227.231, 1724.796
1227.713, 1725.007
1228.195, 1723.716
1228.677, 1724.595
1229.159, 1731.110
1229.641, 1734.948
1230.124, 1733.883
1230.606, 1733.496
1231.088, 1740.334
1231.570, 1749.315
1232.052, 1746.427
1232.534, 1735.861
1233.016, 1728.646
1233.498, 1727.043
1233.980, 1733.351
1234.463, 1751.895
1234.945, 1767.210
1235.427, 1764.163
1235.909, 1750.075
1236.391, 1734.191
1236.873, 1719.591
1237.355, 1715.676
1237.837, 1737.501
1238.320, 1747.821
1238.802, 1741.585
1239.284, 1732.427
1239.766, 1734.211
1240.248, 1740.768
1240.730, 1742.813
1241.212, 1740.773
1241.694, 1737.039
1242.177, 1725.591
1242.659, 1730.069
1243.141, 1757.508
1243.623, 1783.662
1244.105, 1778.224
1244.587, 1759.402
1245.069, 1748.595
1245.551, 1746.205
1246.033, 1747.658
1246.516, 1755.282
1246.998, 1756.100
1247.480, 1746.769
1247.962, 1737.232
1248.444, 1739.036
1248.926, 1745.568
1249.408, 1752.279
1249.890, 1757.371
1250.372, 1753.124
1250.855, 1736.331
1251.337, 1724.551
1251.819, 1721.032
1252.301, 1722.389
1252.783, 1727.968
1253.265, 1734.707
1253.747, 1739.172
1254.229, 1741.855
1254.712, 1748.328
1255.194, 1759.836
1255.676, 1764.158
1256.158, 1758.341
1256.640, 1747.824
1257.122, 1731.922
1257.604, 1718.157
1258.086, 1713.728
1258.568, 1717.318
1259.051, 1724.904
1259.533, 1736.447
1260.015, 1745.273
1260.497, 1750.258
1260.979, 1749.661
1261.461, 1731.891
1261.943, 1717.942
1262.425, 1727.346
1262.907, 1752.254
1263.390, 1756.612
1263.872, 1743.350
1264.354, 1737.143
1264.836, 1746.620
1265.318, 1752.997
1265.800, 1738.690
1266.282, 1724.341
1266.764, 1721.750
1267.247, 1727.864
1267.729, 1735.220
1268.211, 1741.470
1268.693, 1733.997
1269.175, 1702.930
1269.657, 1683.149
1270.139, 1694.961
1270.621, 1716.243
1271.104, 1742.764
1271.586, 1768.096
1272.068, 1768.399
1272.550, 1752.173
1273.032, 1743.573
1273.514, 1753.716
1273.996, 1753.661
1274.478, 1729.920
1274.960, 1711.155
1275.443, 1712.992
1275.925, 1725.666
1276.407, 1731.865
1276.889, 1732.006
1277.371, 1725.632
1277.853, 1708.072
1278.335, 1701.248
1278.817, 1709.206
1279.299, 1718.007
1279.782, 1719.125
1280.264, 1719.798
1280.746, 1735.233
1281.228, 1755.891
1281.710, 1766.222
1282.192, 1761.333
1282.674, 1757.051
1283.156, 1753.498
1283.639, 1749.346
1284.121, 1742.868
1284.603, 1737.308
1285.085, 1738.437
1285.567, 1741.070
1286.049, 1736.417
1286.531, 1722.908
1287.013, 1725.585
1287.495, 1744.515
1287.978, 1754.581
1288.460, 1736.821
1288.942, 1718.474
1289.424, 1720.278
1289.906, 1729.700
1290.388, 1734.983
1290.870, 1736.233
1291.352, 1733.151
1291.834, 1727.025
1292.317, 1726.642
1292.799, 1740.020
1293.281, 1752.701
1293.763, 1758.839
1294.245, 1761.904
1294.727, 1765.998
##END=



