##NAMES=Nierite
##RRUFFID=R120128
##IDEAL CHEMISTRY=Si_3_N_4_
##LOCALITY=Synthetic
##OWNER=RRUFF
##SOURCE=UBE America Inc.
##DESCRIPTION=White powder
##STATUS=The identification of this mineral is not yet confirmed.
##URL=rruff.info/R120128
8.936163e+001, 0.000000e+000
8.984375e+001, 5.574213e+002
9.032587e+001, 5.585435e+002
9.080798e+001, 5.588174e+002
9.129010e+001, 5.580422e+002
9.177222e+001, 5.566462e+002
9.225433e+001, 5.552245e+002
9.273645e+001, 5.537370e+002
9.321857e+001, 5.517785e+002
9.370068e+001, 5.493369e+002
9.418280e+001, 5.462369e+002
9.466492e+001, 5.417974e+002
9.514703e+001, 5.344835e+002
9.562915e+001, 5.259201e+002
9.611127e+001, 5.209039e+002
9.659338e+001, 5.198799e+002
9.707550e+001, 5.203552e+002
9.755762e+001, 5.193701e+002
9.803973e+001, 5.168895e+002
9.852185e+001, 5.144909e+002
9.900397e+001, 5.129952e+002
9.948608e+001, 5.124277e+002
9.996820e+001, 5.110361e+002
1.004503e+002, 5.082777e+002
1.009324e+002, 5.052948e+002
1.014146e+002, 5.051737e+002
1.018967e+002, 5.093571e+002
1.023788e+002, 5.122817e+002
1.028609e+002, 5.102604e+002
1.033430e+002, 5.010584e+002
1.038251e+002, 4.942401e+002
1.043073e+002, 4.911219e+002
1.047894e+002, 4.910166e+002
1.052715e+002, 4.903990e+002
1.057536e+002, 4.891562e+002
1.062357e+002, 4.875218e+002
1.067178e+002, 4.855913e+002
1.072000e+002, 4.830014e+002
1.076821e+002, 4.806677e+002
1.081642e+002, 4.787312e+002
1.086463e+002, 4.772068e+002
1.091284e+002, 4.758792e+002
1.096105e+002, 4.745713e+002
1.100927e+002, 4.735371e+002
1.105748e+002, 4.730253e+002
1.110569e+002, 4.742184e+002
1.115390e+002, 4.748254e+002
1.120211e+002, 4.740912e+002
1.125032e+002, 4.715087e+002
1.129854e+002, 4.693758e+002
1.134675e+002, 4.684555e+002
1.139496e+002, 4.680872e+002
1.144317e+002, 4.672999e+002
1.149138e+002, 4.649020e+002
1.153959e+002, 4.627617e+002
1.158781e+002, 4.618828e+002
1.163602e+002, 4.631019e+002
1.168423e+002, 4.641219e+002
1.173244e+002, 4.640835e+002
1.178065e+002, 4.632341e+002
1.182886e+002, 4.622032e+002
1.187708e+002, 4.608946e+002
1.192529e+002, 4.596906e+002
1.197350e+002, 4.589421e+002
1.202171e+002, 4.590970e+002
1.206992e+002, 4.592939e+002
1.211813e+002, 4.586967e+002
1.216635e+002, 4.575005e+002
1.221456e+002, 4.568036e+002
1.226277e+002, 4.581223e+002
1.231098e+002, 4.601599e+002
1.235919e+002, 4.611982e+002
1.240740e+002, 4.601509e+002
1.245562e+002, 4.581165e+002
1.250383e+002, 4.555384e+002
1.255204e+002, 4.524107e+002
1.260025e+002, 4.506222e+002
1.264846e+002, 4.531931e+002
1.269667e+002, 4.585531e+002
1.274489e+002, 4.627767e+002
1.279310e+002, 4.632845e+002
1.284131e+002, 4.616534e+002
1.288952e+002, 4.610740e+002
1.293773e+002, 4.618057e+002
1.298594e+002, 4.627326e+002
1.303416e+002, 4.620918e+002
1.308237e+002, 4.601432e+002
1.313058e+002, 4.587392e+002
1.317879e+002, 4.592405e+002
1.322700e+002, 4.612543e+002
1.327521e+002, 4.629105e+002
1.332343e+002, 4.641017e+002
1.337164e+002, 4.648311e+002
1.341985e+002, 4.647976e+002
1.346806e+002, 4.639072e+002
1.351627e+002, 4.634982e+002
1.356448e+002, 4.650034e+002
1.361270e+002, 4.684760e+002
1.366091e+002, 4.705247e+002
1.370912e+002, 4.703656e+002
1.375733e+002, 4.686801e+002
1.380554e+002, 4.677444e+002
1.385375e+002, 4.676996e+002
1.390197e+002, 4.679925e+002
1.395018e+002, 4.681652e+002
1.399839e+002, 4.681214e+002
1.404660e+002, 4.683640e+002
1.409481e+002, 4.689657e+002
1.414302e+002, 4.699249e+002
1.419124e+002, 4.713969e+002
1.423945e+002, 4.738762e+002
1.428766e+002, 4.761813e+002
1.433587e+002, 4.769695e+002
1.438408e+002, 4.753374e+002
1.443229e+002, 4.739952e+002
1.448051e+002, 4.733579e+002
1.452872e+002, 4.733660e+002
1.457693e+002, 4.746518e+002
1.462514e+002, 4.781459e+002
1.467335e+002, 4.823475e+002
1.472156e+002, 4.853144e+002
1.476978e+002, 4.854891e+002
1.481799e+002, 4.863213e+002
1.486620e+002, 4.890097e+002
1.491441e+002, 4.947782e+002
1.496262e+002, 4.990032e+002
1.501083e+002, 5.000822e+002
1.505905e+002, 4.998178e+002
1.510726e+002, 5.013956e+002
1.515547e+002, 5.044596e+002
1.520368e+002, 5.096201e+002
1.525189e+002, 5.173515e+002
1.530010e+002, 5.293710e+002
1.534832e+002, 5.408980e+002
1.539653e+002, 5.499512e+002
1.544474e+002, 5.582089e+002
1.549295e+002, 5.696998e+002
1.554116e+002, 5.856370e+002
1.558937e+002, 6.044064e+002
1.563759e+002, 6.250361e+002
1.568580e+002, 6.452939e+002
1.573401e+002, 6.702515e+002
1.578222e+002, 6.994073e+002
1.583043e+002, 7.335980e+002
1.587864e+002, 7.759033e+002
1.592686e+002, 8.265656e+002
1.597507e+002, 8.859509e+002
1.602328e+002, 9.542641e+002
1.607149e+002, 1.029103e+003
1.611970e+002, 1.115348e+003
1.616791e+002, 1.212931e+003
1.621613e+002, 1.321329e+003
1.626434e+002, 1.446910e+003
1.631255e+002, 1.591798e+003
1.636076e+002, 1.754159e+003
1.640897e+002, 1.932356e+003
1.645718e+002, 2.125085e+003
1.650540e+002, 2.334179e+003
1.655361e+002, 2.561480e+003
1.660182e+002, 2.807903e+003
1.665003e+002, 3.067693e+003
1.669824e+002, 3.343880e+003
1.674645e+002, 3.633507e+003
1.679467e+002, 3.928956e+003
1.684288e+002, 4.229164e+003
1.689109e+002, 4.535916e+003
1.693930e+002, 4.852580e+003
1.698751e+002, 5.180961e+003
1.703572e+002, 5.509717e+003
1.708394e+002, 5.836131e+003
1.713215e+002, 6.161581e+003
1.718036e+002, 6.483263e+003
1.722857e+002, 6.804931e+003
1.727678e+002, 7.123014e+003
1.732499e+002, 7.432178e+003
1.737321e+002, 7.733728e+003
1.742142e+002, 8.031297e+003
1.746963e+002, 8.335645e+003
1.751784e+002, 8.644426e+003
1.756605e+002, 8.953409e+003
1.761426e+002, 9.254671e+003
1.766248e+002, 9.553976e+003
1.771069e+002, 9.856780e+003
1.775890e+002, 1.016463e+004
1.780711e+002, 1.047715e+004
1.785532e+002, 1.079101e+004
1.790353e+002, 1.111078e+004
1.795175e+002, 1.144036e+004
1.799996e+002, 1.178769e+004
1.804817e+002, 1.214713e+004
1.809638e+002, 1.251582e+004
1.814459e+002, 1.289586e+004
1.819280e+002, 1.328081e+004
1.824102e+002, 1.367213e+004
1.828923e+002, 1.406316e+004
1.833744e+002, 1.445886e+004
1.838565e+002, 1.485485e+004
1.843386e+002, 1.525542e+004
1.848207e+002, 1.565989e+004
1.853029e+002, 1.607261e+004
1.857850e+002, 1.648840e+004
1.862671e+002, 1.690794e+004
1.867492e+002, 1.732954e+004
1.872313e+002, 1.775494e+004
1.877134e+002, 1.818684e+004
1.881956e+002, 1.862660e+004
1.886777e+002, 1.905984e+004
1.891598e+002, 1.948930e+004
1.896419e+002, 1.991235e+004
1.901240e+002, 2.032524e+004
1.906061e+002, 2.073315e+004
1.910883e+002, 2.113282e+004
1.915704e+002, 2.152932e+004
1.920525e+002, 2.192467e+004
1.925346e+002, 2.230318e+004
1.930167e+002, 2.265988e+004
1.934988e+002, 2.298353e+004
1.939810e+002, 2.320068e+004
1.944631e+002, 2.328821e+004
1.949452e+002, 2.336785e+004
1.954273e+002, 2.344660e+004
1.959094e+002, 2.352424e+004
1.963915e+002, 2.359042e+004
1.968737e+002, 2.364602e+004
1.973558e+002, 2.368875e+004
1.978379e+002, 2.370649e+004
1.983200e+002, 2.369692e+004
1.988021e+002, 2.367690e+004
1.992842e+002, 2.366281e+004
1.997664e+002, 2.365590e+004
2.002485e+002, 2.364049e+004
2.007306e+002, 2.361149e+004
2.012127e+002, 2.357227e+004
2.016948e+002, 2.353898e+004
2.021769e+002, 2.351298e+004
2.026591e+002, 2.348996e+004
2.031412e+002, 2.346245e+004
2.036233e+002, 2.342755e+004
2.041054e+002, 2.340894e+004
2.045875e+002, 2.341419e+004
2.050696e+002, 2.344083e+004
2.055518e+002, 2.346766e+004
2.060339e+002, 2.349190e+004
2.065160e+002, 2.352143e+004
2.069981e+002, 2.356656e+004
2.074802e+002, 2.362972e+004
2.079623e+002, 2.369293e+004
2.084445e+002, 2.375165e+004
2.089266e+002, 2.380613e+004
2.094087e+002, 2.386072e+004
2.098908e+002, 2.391610e+004
2.103729e+002, 2.397035e+004
2.108550e+002, 2.402244e+004
2.113372e+002, 2.407292e+004
2.118193e+002, 2.411724e+004
2.123014e+002, 2.415264e+004
2.127835e+002, 2.417881e+004
2.132656e+002, 2.420981e+004
2.137477e+002, 2.425046e+004
2.142299e+002, 2.428914e+004
2.147120e+002, 2.431020e+004
2.151941e+002, 2.430809e+004
2.156762e+002, 2.430396e+004
2.161583e+002, 2.430326e+004
2.166404e+002, 2.430618e+004
2.171226e+002, 2.430509e+004
2.176047e+002, 2.429923e+004
2.180868e+002, 2.429000e+004
2.185689e+002, 2.427821e+004
2.190510e+002, 2.426159e+004
2.195331e+002, 2.424776e+004
2.200153e+002, 2.423795e+004
2.204974e+002, 2.423212e+004
2.209795e+002, 2.423394e+004
2.214616e+002, 2.424784e+004
2.219437e+002, 2.426555e+004
2.224258e+002, 2.427661e+004
2.229080e+002, 2.427827e+004
2.233901e+002, 2.427970e+004
2.238722e+002, 2.428202e+004
2.243543e+002, 2.428438e+004
2.248364e+002, 2.429397e+004
2.253185e+002, 2.431124e+004
2.258007e+002, 2.433435e+004
2.262828e+002, 2.436153e+004
2.267649e+002, 2.439255e+004
2.272470e+002, 2.442610e+004
2.277291e+002, 2.446169e+004
2.282112e+002, 2.450017e+004
2.286934e+002, 2.453521e+004
2.291755e+002, 2.456796e+004
2.296576e+002, 2.459597e+004
2.301397e+002, 2.461558e+004
2.306218e+002, 2.462579e+004
2.311039e+002, 2.463034e+004
2.315861e+002, 2.463040e+004
2.320682e+002, 2.462645e+004
2.325503e+002, 2.461788e+004
2.330324e+002, 2.460214e+004
2.335145e+002, 2.458525e+004
2.339966e+002, 2.457425e+004
2.344788e+002, 2.456965e+004
2.349609e+002, 2.457153e+004
2.354430e+002, 2.458279e+004
2.359251e+002, 2.460625e+004
2.364072e+002, 2.461891e+004
2.368893e+002, 2.461243e+004
2.373715e+002, 2.460167e+004
2.378536e+002, 2.460558e+004
2.383357e+002, 2.463112e+004
2.388178e+002, 2.465806e+004
2.392999e+002, 2.468017e+004
2.397820e+002, 2.469539e+004
2.402642e+002, 2.471701e+004
2.407463e+002, 2.474717e+004
2.412284e+002, 2.478091e+004
2.417105e+002, 2.481306e+004
2.421926e+002, 2.484566e+004
2.426747e+002, 2.487156e+004
2.431569e+002, 2.488668e+004
2.436390e+002, 2.488901e+004
2.441211e+002, 2.489640e+004
2.446032e+002, 2.491338e+004
2.450853e+002, 2.493136e+004
2.455674e+002, 2.493948e+004
2.460496e+002, 2.493111e+004
2.465317e+002, 2.492578e+004
2.470138e+002, 2.492834e+004
2.474959e+002, 2.493969e+004
2.479780e+002, 2.495361e+004
2.484601e+002, 2.497219e+004
2.489423e+002, 2.499241e+004
2.494244e+002, 2.501071e+004
2.499065e+002, 2.502546e+004
2.503886e+002, 2.504267e+004
2.508707e+002, 2.506278e+004
2.513528e+002, 2.508550e+004
2.518350e+002, 2.511705e+004
2.523171e+002, 2.515596e+004
2.527992e+002, 2.520465e+004
2.532813e+002, 2.526517e+004
2.537634e+002, 2.533523e+004
2.542455e+002, 2.541988e+004
2.547277e+002, 2.552250e+004
2.552098e+002, 2.564350e+004
2.556919e+002, 2.576324e+004
2.561740e+002, 2.587597e+004
2.566561e+002, 2.599338e+004
2.571382e+002, 2.612595e+004
2.576204e+002, 2.628049e+004
2.581025e+002, 2.644202e+004
2.585846e+002, 2.664546e+004
2.590667e+002, 2.688201e+004
2.595488e+002, 2.691241e+004
2.600309e+002, 2.667106e+004
2.605131e+002, 2.632014e+004
2.609952e+002, 2.598777e+004
2.614773e+002, 2.565156e+004
2.619594e+002, 2.539188e+004
2.624415e+002, 2.523549e+004
2.629236e+002, 2.517371e+004
2.634058e+002, 2.513335e+004
2.638879e+002, 2.511959e+004
2.643700e+002, 2.511831e+004
2.648521e+002, 2.511946e+004
2.653342e+002, 2.512418e+004
2.658163e+002, 2.512724e+004
2.662985e+002, 2.512522e+004
2.667806e+002, 2.512048e+004
2.672627e+002, 2.513049e+004
2.677448e+002, 2.516349e+004
2.682269e+002, 2.519335e+004
2.687090e+002, 2.519636e+004
2.691912e+002, 2.516305e+004
2.696733e+002, 2.514323e+004
2.701554e+002, 2.514630e+004
2.706375e+002, 2.516598e+004
2.711196e+002, 2.517673e+004
2.716017e+002, 2.517524e+004
2.720839e+002, 2.517325e+004
2.725660e+002, 2.517997e+004
2.730481e+002, 2.519734e+004
2.735302e+002, 2.521012e+004
2.740123e+002, 2.521504e+004
2.744944e+002, 2.521607e+004
2.749766e+002, 2.522654e+004
2.754587e+002, 2.524948e+004
2.759408e+002, 2.527097e+004
2.764229e+002, 2.528110e+004
2.769050e+002, 2.527913e+004
2.773871e+002, 2.527824e+004
2.778693e+002, 2.527902e+004
2.783514e+002, 2.528216e+004
2.788335e+002, 2.528839e+004
2.793156e+002, 2.529749e+004
2.797977e+002, 2.531182e+004
2.802798e+002, 2.533883e+004
2.807620e+002, 2.537840e+004
2.812441e+002, 2.539750e+004
2.817262e+002, 2.539012e+004
2.822083e+002, 2.536918e+004
2.826904e+002, 2.535604e+004
2.831725e+002, 2.535072e+004
2.836547e+002, 2.534961e+004
2.841368e+002, 2.535054e+004
2.846189e+002, 2.535368e+004
2.851010e+002, 2.536204e+004
2.855831e+002, 2.537610e+004
2.860652e+002, 2.539403e+004
2.865474e+002, 2.541515e+004
2.870295e+002, 2.543934e+004
2.875116e+002, 2.546074e+004
2.879937e+002, 2.547551e+004
2.884758e+002, 2.548501e+004
2.889579e+002, 2.549660e+004
2.894401e+002, 2.551103e+004
2.899222e+002, 2.552482e+004
2.904043e+002, 2.553216e+004
2.908864e+002, 2.553404e+004
2.913685e+002, 2.553822e+004
2.918506e+002, 2.555014e+004
2.923328e+002, 2.556627e+004
2.928149e+002, 2.557577e+004
2.932970e+002, 2.557845e+004
2.937791e+002, 2.557704e+004
2.942612e+002, 2.557011e+004
2.947433e+002, 2.556016e+004
2.952255e+002, 2.555759e+004
2.957076e+002, 2.556736e+004
2.961897e+002, 2.558578e+004
2.966718e+002, 2.560794e+004
2.971539e+002, 2.563360e+004
2.976360e+002, 2.565725e+004
2.981182e+002, 2.567702e+004
2.986003e+002, 2.569109e+004
2.990824e+002, 2.569392e+004
2.995645e+002, 2.567693e+004
3.000466e+002, 2.565571e+004
3.005287e+002, 2.565350e+004
3.010109e+002, 2.566851e+004
3.014930e+002, 2.568800e+004
3.019751e+002, 2.570611e+004
3.024572e+002, 2.572197e+004
3.029393e+002, 2.573277e+004
3.034214e+002, 2.573567e+004
3.039036e+002, 2.573815e+004
3.043857e+002, 2.575101e+004
3.048678e+002, 2.577139e+004
3.053499e+002, 2.578880e+004
3.058320e+002, 2.579443e+004
3.063141e+002, 2.579451e+004
3.067963e+002, 2.579588e+004
3.072784e+002, 2.579938e+004
3.077605e+002, 2.580515e+004
3.082426e+002, 2.581241e+004
3.087247e+002, 2.582166e+004
3.092068e+002, 2.583435e+004
3.096890e+002, 2.585302e+004
3.101711e+002, 2.587367e+004
3.106532e+002, 2.589199e+004
3.111353e+002, 2.590644e+004
3.116174e+002, 2.592155e+004
3.120995e+002, 2.594372e+004
3.125817e+002, 2.596735e+004
3.130638e+002, 2.598392e+004
3.135459e+002, 2.598156e+004
3.140280e+002, 2.597749e+004
3.145101e+002, 2.598510e+004
3.149922e+002, 2.600640e+004
3.154744e+002, 2.602325e+004
3.159565e+002, 2.602376e+004
3.164386e+002, 2.601689e+004
3.169207e+002, 2.601278e+004
3.174028e+002, 2.602082e+004
3.178849e+002, 2.602760e+004
3.183671e+002, 2.602814e+004
3.188492e+002, 2.602271e+004
3.193313e+002, 2.601426e+004
3.198134e+002, 2.599311e+004
3.202955e+002, 2.597482e+004
3.207776e+002, 2.597187e+004
3.212598e+002, 2.600056e+004
3.217419e+002, 2.602957e+004
3.222240e+002, 2.605132e+004
3.227061e+002, 2.606667e+004
3.231882e+002, 2.608162e+004
3.236703e+002, 2.609518e+004
3.241525e+002, 2.610965e+004
3.246346e+002, 2.612608e+004
3.251167e+002, 2.614419e+004
3.255988e+002, 2.616488e+004
3.260809e+002, 2.619469e+004
3.265630e+002, 2.622798e+004
3.270452e+002, 2.624913e+004
3.275273e+002, 2.624239e+004
3.280094e+002, 2.623644e+004
3.284915e+002, 2.624252e+004
3.289736e+002, 2.626982e+004
3.294557e+002, 2.628902e+004
3.299379e+002, 2.629775e+004
3.304200e+002, 2.629908e+004
3.309021e+002, 2.629698e+004
3.313842e+002, 2.628257e+004
3.318663e+002, 2.627586e+004
3.323484e+002, 2.628374e+004
3.328306e+002, 2.630825e+004
3.333127e+002, 2.633085e+004
3.337948e+002, 2.635032e+004
3.342769e+002, 2.636869e+004
3.347590e+002, 2.638925e+004
3.352411e+002, 2.641737e+004
3.357233e+002, 2.643585e+004
3.362054e+002, 2.643690e+004
3.366875e+002, 2.642256e+004
3.371696e+002, 2.642401e+004
3.376517e+002, 2.644719e+004
3.381339e+002, 2.647569e+004
3.386160e+002, 2.649548e+004
3.390981e+002, 2.650491e+004
3.395802e+002, 2.651577e+004
3.400623e+002, 2.653050e+004
3.405444e+002, 2.654722e+004
3.410266e+002, 2.655675e+004
3.415087e+002, 2.655655e+004
3.419908e+002, 2.655987e+004
3.424729e+002, 2.657943e+004
3.429550e+002, 2.661458e+004
3.434371e+002, 2.663527e+004
3.439193e+002, 2.663491e+004
3.444014e+002, 2.662587e+004
3.448835e+002, 2.663078e+004
3.453656e+002, 2.664957e+004
3.458477e+002, 2.667076e+004
3.463298e+002, 2.668978e+004
3.468120e+002, 2.670713e+004
3.472941e+002, 2.672342e+004
3.477762e+002, 2.673910e+004
3.482583e+002, 2.675437e+004
3.487404e+002, 2.677001e+004
3.492225e+002, 2.678592e+004
3.497047e+002, 2.680086e+004
3.501868e+002, 2.681663e+004
3.506689e+002, 2.683015e+004
3.511510e+002, 2.683142e+004
3.516331e+002, 2.682064e+004
3.521152e+002, 2.681459e+004
3.525974e+002, 2.683356e+004
3.530795e+002, 2.686612e+004
3.535616e+002, 2.689083e+004
3.540437e+002, 2.689869e+004
3.545258e+002, 2.690015e+004
3.550079e+002, 2.690728e+004
3.554901e+002, 2.691814e+004
3.559722e+002, 2.692391e+004
3.564543e+002, 2.690994e+004
3.569364e+002, 2.689281e+004
3.574185e+002, 2.689000e+004
3.579006e+002, 2.690746e+004
3.583828e+002, 2.693247e+004
3.588649e+002, 2.695873e+004
3.593470e+002, 2.698699e+004
3.598291e+002, 2.701883e+004
3.603112e+002, 2.705712e+004
3.607933e+002, 2.709747e+004
3.612755e+002, 2.713567e+004
3.617576e+002, 2.716986e+004
3.622397e+002, 2.721147e+004
3.627218e+002, 2.728391e+004
3.632039e+002, 2.735899e+004
3.636860e+002, 2.740530e+004
3.641682e+002, 2.741437e+004
3.646503e+002, 2.739344e+004
3.651324e+002, 2.732993e+004
3.656145e+002, 2.722611e+004
3.660966e+002, 2.714016e+004
3.665787e+002, 2.708738e+004
3.670609e+002, 2.705200e+004
3.675430e+002, 2.702398e+004
3.680251e+002, 2.700472e+004
3.685072e+002, 2.699035e+004
3.689893e+002, 2.698156e+004
3.694714e+002, 2.697780e+004
3.699536e+002, 2.697773e+004
3.704357e+002, 2.698300e+004
3.709178e+002, 2.699043e+004
3.713999e+002, 2.699897e+004
3.718820e+002, 2.700928e+004
3.723641e+002, 2.701927e+004
3.728463e+002, 2.702902e+004
3.733284e+002, 2.703813e+004
3.738105e+002, 2.704596e+004
3.742926e+002, 2.705188e+004
3.747747e+002, 2.705753e+004
3.752568e+002, 2.706304e+004
3.757390e+002, 2.706823e+004
3.762211e+002, 2.707377e+004
3.767032e+002, 2.707871e+004
3.771853e+002, 2.708535e+004
3.776674e+002, 2.709757e+004
3.781495e+002, 2.711637e+004
3.786317e+002, 2.713156e+004
3.791138e+002, 2.714188e+004
3.795959e+002, 2.714711e+004
3.800780e+002, 2.714528e+004
3.805601e+002, 2.713606e+004
3.810422e+002, 2.712578e+004
3.815244e+002, 2.711945e+004
3.820065e+002, 2.711644e+004
3.824886e+002, 2.711101e+004
3.829707e+002, 2.710121e+004
3.834528e+002, 2.709396e+004
3.839349e+002, 2.710236e+004
3.844171e+002, 2.712386e+004
3.848992e+002, 2.714339e+004
3.853813e+002, 2.715097e+004
3.858634e+002, 2.715291e+004
3.863455e+002, 2.715998e+004
3.868276e+002, 2.717241e+004
3.873098e+002, 2.718726e+004
3.877919e+002, 2.720135e+004
3.882740e+002, 2.721596e+004
3.887561e+002, 2.723365e+004
3.892382e+002, 2.726035e+004
3.897203e+002, 2.728493e+004
3.902025e+002, 2.729432e+004
3.906846e+002, 2.729131e+004
3.911667e+002, 2.729039e+004
3.916488e+002, 2.730618e+004
3.921309e+002, 2.732365e+004
3.926130e+002, 2.732862e+004
3.930952e+002, 2.731171e+004
3.935773e+002, 2.729697e+004
3.940594e+002, 2.729761e+004
3.945415e+002, 2.730746e+004
3.950236e+002, 2.731501e+004
3.955057e+002, 2.731578e+004
3.959879e+002, 2.731507e+004
3.964700e+002, 2.731459e+004
3.969521e+002, 2.731445e+004
3.974342e+002, 2.731643e+004
3.979163e+002, 2.732254e+004
3.983984e+002, 2.733037e+004
3.988806e+002, 2.733764e+004
3.993627e+002, 2.734869e+004
3.998448e+002, 2.735394e+004
4.003269e+002, 2.734792e+004
4.008090e+002, 2.733293e+004
4.012911e+002, 2.732725e+004
4.017733e+002, 2.733616e+004
4.022554e+002, 2.734788e+004
4.027375e+002, 2.735556e+004
4.032196e+002, 2.735448e+004
4.037017e+002, 2.736257e+004
4.041838e+002, 2.738529e+004
4.046660e+002, 2.741329e+004
4.051481e+002, 2.742718e+004
4.056302e+002, 2.742383e+004
4.061123e+002, 2.741844e+004
4.065944e+002, 2.741449e+004
4.070765e+002, 2.741226e+004
4.075587e+002, 2.741946e+004
4.080408e+002, 2.743791e+004
4.085229e+002, 2.745828e+004
4.090050e+002, 2.747068e+004
4.094871e+002, 2.747529e+004
4.099692e+002, 2.747766e+004
4.104514e+002, 2.747620e+004
4.109335e+002, 2.747567e+004
4.114156e+002, 2.748849e+004
4.118977e+002, 2.751346e+004
4.123798e+002, 2.753935e+004
4.128619e+002, 2.756425e+004
4.133441e+002, 2.758367e+004
4.138262e+002, 2.758568e+004
4.143083e+002, 2.756615e+004
4.147904e+002, 2.754429e+004
4.152725e+002, 2.753990e+004
4.157546e+002, 2.754721e+004
4.162368e+002, 2.755388e+004
4.167189e+002, 2.755648e+004
4.172010e+002, 2.755506e+004
4.176831e+002, 2.754776e+004
4.181652e+002, 2.753508e+004
4.186473e+002, 2.752357e+004
4.191295e+002, 2.751397e+004
4.196116e+002, 2.750852e+004
4.200937e+002, 2.750973e+004
4.205758e+002, 2.752256e+004
4.210579e+002, 2.753556e+004
4.215400e+002, 2.754724e+004
4.220222e+002, 2.755660e+004
4.225043e+002, 2.756148e+004
4.229864e+002, 2.756207e+004
4.234685e+002, 2.755797e+004
4.239506e+002, 2.754681e+004
4.244327e+002, 2.752386e+004
4.249149e+002, 2.751100e+004
4.253970e+002, 2.751343e+004
4.258791e+002, 2.752383e+004
4.263612e+002, 2.753490e+004
4.268433e+002, 2.754329e+004
4.273254e+002, 2.755741e+004
4.278076e+002, 2.758092e+004
4.282897e+002, 2.761175e+004
4.287718e+002, 2.763521e+004
4.292539e+002, 2.764978e+004
4.297360e+002, 2.765833e+004
4.302181e+002, 2.766249e+004
4.307003e+002, 2.766239e+004
4.311824e+002, 2.765314e+004
4.316645e+002, 2.763036e+004
4.321466e+002, 2.760551e+004
4.326287e+002, 2.760232e+004
4.331108e+002, 2.762154e+004
4.335930e+002, 2.763670e+004
4.340751e+002, 2.763466e+004
4.345572e+002, 2.762183e+004
4.350393e+002, 2.762028e+004
4.355214e+002, 2.763056e+004
4.360035e+002, 2.764218e+004
4.364857e+002, 2.764195e+004
4.369678e+002, 2.763599e+004
4.374499e+002, 2.764059e+004
4.379320e+002, 2.766400e+004
4.384141e+002, 2.768947e+004
4.388962e+002, 2.769312e+004
4.393784e+002, 2.768242e+004
4.398605e+002, 2.767964e+004
4.403426e+002, 2.770301e+004
4.408247e+002, 2.773493e+004
4.413068e+002, 2.776409e+004
4.417889e+002, 2.778971e+004
4.422711e+002, 2.780430e+004
4.427532e+002, 2.779306e+004
4.432353e+002, 2.777309e+004
4.437174e+002, 2.776220e+004
4.441995e+002, 2.778004e+004
4.446816e+002, 2.779193e+004
4.451638e+002, 2.777942e+004
4.456459e+002, 2.774992e+004
4.461280e+002, 2.773729e+004
4.466101e+002, 2.776419e+004
4.470922e+002, 2.779431e+004
4.475743e+002, 2.781218e+004
4.480565e+002, 2.781382e+004
4.485386e+002, 2.781223e+004
4.490207e+002, 2.780391e+004
4.495028e+002, 2.779467e+004
4.499849e+002, 2.779371e+004
4.504670e+002, 2.780861e+004
4.509492e+002, 2.781476e+004
4.514313e+002, 2.780405e+004
4.519134e+002, 2.777969e+004
4.523955e+002, 2.776428e+004
4.528776e+002, 2.776021e+004
4.533597e+002, 2.775915e+004
4.538419e+002, 2.775481e+004
4.543240e+002, 2.774752e+004
4.548061e+002, 2.774417e+004
4.552882e+002, 2.774510e+004
4.557703e+002, 2.775077e+004
4.562524e+002, 2.776497e+004
4.567346e+002, 2.778620e+004
4.572167e+002, 2.780349e+004
4.576988e+002, 2.780873e+004
4.581809e+002, 2.780849e+004
4.586630e+002, 2.781561e+004
4.591451e+002, 2.782928e+004
4.596273e+002, 2.784130e+004
4.601094e+002, 2.784605e+004
4.605915e+002, 2.784482e+004
4.610736e+002, 2.783828e+004
4.615557e+002, 2.782343e+004
4.620378e+002, 2.781037e+004
4.625200e+002, 2.780796e+004
4.630021e+002, 2.781215e+004
4.634842e+002, 2.781494e+004
4.639663e+002, 2.781522e+004
4.644484e+002, 2.781231e+004
4.649305e+002, 2.780599e+004
4.654127e+002, 2.779645e+004
4.658948e+002, 2.778427e+004
4.663769e+002, 2.776389e+004
4.668590e+002, 2.774470e+004
4.673411e+002, 2.773351e+004
4.678232e+002, 2.773087e+004
4.683054e+002, 2.773613e+004
4.687875e+002, 2.775110e+004
4.692696e+002, 2.777330e+004
4.697517e+002, 2.779809e+004
4.702338e+002, 2.782910e+004
4.707159e+002, 2.785487e+004
4.711981e+002, 2.786932e+004
4.716802e+002, 2.787175e+004
4.721623e+002, 2.788024e+004
4.726444e+002, 2.789680e+004
4.731265e+002, 2.791339e+004
4.736086e+002, 2.791873e+004
4.740908e+002, 2.791304e+004
4.745729e+002, 2.791588e+004
4.750550e+002, 2.793227e+004
4.755371e+002, 2.795604e+004
4.760192e+002, 2.797806e+004
4.765013e+002, 2.799786e+004
4.769835e+002, 2.801282e+004
4.774656e+002, 2.801797e+004
4.779477e+002, 2.801848e+004
4.784298e+002, 2.802493e+004
4.789119e+002, 2.803795e+004
4.793940e+002, 2.804657e+004
4.798762e+002, 2.803753e+004
4.803583e+002, 2.802038e+004
4.808404e+002, 2.800816e+004
4.813225e+002, 2.800953e+004
4.818046e+002, 2.801050e+004
4.822867e+002, 2.800451e+004
4.827689e+002, 2.799326e+004
4.832510e+002, 2.798040e+004
4.837331e+002, 2.795918e+004
4.842152e+002, 2.794448e+004
4.846973e+002, 2.794688e+004
4.851794e+002, 2.797256e+004
4.856616e+002, 2.798831e+004
4.861437e+002, 2.798150e+004
4.866258e+002, 2.796971e+004
4.871079e+002, 2.796620e+004
4.875900e+002, 2.797453e+004
4.880721e+002, 2.798472e+004
4.885543e+002, 2.799841e+004
4.890364e+002, 2.801198e+004
4.895185e+002, 2.801287e+004
4.900006e+002, 2.799529e+004
4.904827e+002, 2.798159e+004
4.909648e+002, 2.798453e+004
4.914470e+002, 2.800268e+004
4.919291e+002, 2.800957e+004
4.924112e+002, 2.800361e+004
4.928933e+002, 2.799372e+004
4.933754e+002, 2.798936e+004
4.938575e+002, 2.798940e+004
4.943397e+002, 2.798779e+004
4.948218e+002, 2.798282e+004
4.953039e+002, 2.797753e+004
4.957860e+002, 2.797519e+004
4.962681e+002, 2.797605e+004
4.967502e+002, 2.798043e+004
4.972324e+002, 2.799176e+004
4.977145e+002, 2.800476e+004
4.981966e+002, 2.801234e+004
4.986787e+002, 2.801407e+004
4.991608e+002, 2.802053e+004
4.996429e+002, 2.804591e+004
5.001251e+002, 2.807347e+004
5.006072e+002, 2.808832e+004
5.010893e+002, 2.807313e+004
5.015714e+002, 2.806307e+004
5.020535e+002, 2.807108e+004
5.025356e+002, 2.808893e+004
5.030178e+002, 2.809825e+004
5.034999e+002, 2.808923e+004
5.039820e+002, 2.808104e+004
5.044641e+002, 2.807943e+004
5.049462e+002, 2.808506e+004
5.054283e+002, 2.808846e+004
5.059105e+002, 2.808933e+004
5.063926e+002, 2.808954e+004
5.068747e+002, 2.808968e+004
5.073568e+002, 2.808932e+004
5.078389e+002, 2.809447e+004
5.083210e+002, 2.810681e+004
5.088032e+002, 2.812301e+004
5.092853e+002, 2.813766e+004
5.097674e+002, 2.815063e+004
5.102495e+002, 2.816261e+004
5.107316e+002, 2.817323e+004
5.112137e+002, 2.818279e+004
5.116959e+002, 2.819463e+004
5.121780e+002, 2.820770e+004
5.126601e+002, 2.821412e+004
5.131422e+002, 2.820337e+004
5.136243e+002, 2.818407e+004
5.141064e+002, 2.816839e+004
5.145886e+002, 2.816052e+004
5.150707e+002, 2.814906e+004
5.155528e+002, 2.812255e+004
5.160349e+002, 2.808968e+004
5.165170e+002, 2.806238e+004
5.169991e+002, 2.804781e+004
5.174813e+002, 2.803701e+004
5.179634e+002, 2.802841e+004
5.184455e+002, 2.802206e+004
5.189276e+002, 2.801661e+004
5.194097e+002, 2.800920e+004
5.198918e+002, 2.800549e+004
5.203740e+002, 2.800846e+004
5.208561e+002, 2.802055e+004
5.213382e+002, 2.803010e+004
5.218203e+002, 2.803404e+004
5.223024e+002, 2.803802e+004
5.227845e+002, 2.805076e+004
5.232667e+002, 2.807477e+004
5.237488e+002, 2.808968e+004
5.242309e+002, 2.808775e+004
5.247130e+002, 2.807704e+004
5.251951e+002, 2.807948e+004
5.256772e+002, 2.809486e+004
5.261594e+002, 2.811072e+004
5.266415e+002, 2.812473e+004
5.271236e+002, 2.813379e+004
5.276057e+002, 2.812819e+004
5.280878e+002, 2.810785e+004
5.285699e+002, 2.808476e+004
5.290521e+002, 2.806452e+004
5.295342e+002, 2.804965e+004
5.300163e+002, 2.804413e+004
5.304984e+002, 2.805221e+004
5.309805e+002, 2.806445e+004
5.314626e+002, 2.807686e+004
5.319448e+002, 2.808954e+004
5.324269e+002, 2.810256e+004
5.329090e+002, 2.811255e+004
5.333911e+002, 2.812569e+004
5.338732e+002, 2.814763e+004
5.343553e+002, 2.817846e+004
5.348375e+002, 2.819732e+004
5.353196e+002, 2.819295e+004
5.358017e+002, 2.818604e+004
5.362838e+002, 2.818874e+004
5.367659e+002, 2.820728e+004
5.372480e+002, 2.821600e+004
5.377302e+002, 2.821187e+004
5.382123e+002, 2.820133e+004
5.386944e+002, 2.819435e+004
5.391765e+002, 2.819141e+004
5.396586e+002, 2.818629e+004
5.401407e+002, 2.817750e+004
5.406229e+002, 2.816614e+004
5.411050e+002, 2.815378e+004
5.415871e+002, 2.814106e+004
5.420692e+002, 2.813069e+004
5.425513e+002, 2.812687e+004
5.430334e+002, 2.812625e+004
5.435156e+002, 2.812443e+004
5.439977e+002, 2.812154e+004
5.444798e+002, 2.811602e+004
5.449619e+002, 2.809721e+004
5.454440e+002, 2.807922e+004
5.459261e+002, 2.807859e+004
5.464083e+002, 2.811603e+004
5.468904e+002, 2.814680e+004
5.473725e+002, 2.814695e+004
5.478546e+002, 2.812942e+004
5.483367e+002, 2.812240e+004
5.488188e+002, 2.813865e+004
5.493010e+002, 2.815571e+004
5.497831e+002, 2.816938e+004
5.502652e+002, 2.817942e+004
5.507473e+002, 2.818225e+004
5.512294e+002, 2.817391e+004
5.517115e+002, 2.816511e+004
5.521937e+002, 2.816429e+004
5.526758e+002, 2.817334e+004
5.531579e+002, 2.817556e+004
5.536400e+002, 2.816954e+004
5.541221e+002, 2.816050e+004
5.546042e+002, 2.815516e+004
5.550864e+002, 2.815319e+004
5.555685e+002, 2.815079e+004
5.560506e+002, 2.814507e+004
5.565327e+002, 2.814048e+004
5.570148e+002, 2.814393e+004
5.574969e+002, 2.815388e+004
5.579791e+002, 2.816533e+004
5.584612e+002, 2.817910e+004
5.589433e+002, 2.818998e+004
5.594254e+002, 2.819092e+004
5.599075e+002, 2.818116e+004
5.603896e+002, 2.817463e+004
5.608718e+002, 2.818412e+004
5.613539e+002, 2.819471e+004
5.618360e+002, 2.819514e+004
5.623181e+002, 2.817584e+004
5.628002e+002, 2.815905e+004
5.632823e+002, 2.814531e+004
5.637645e+002, 2.813582e+004
5.642466e+002, 2.813323e+004
5.647287e+002, 2.814163e+004
5.652108e+002, 2.814873e+004
5.656929e+002, 2.815059e+004
5.661750e+002, 2.814929e+004
5.666572e+002, 2.815641e+004
5.671393e+002, 2.817334e+004
5.676214e+002, 2.818690e+004
5.681035e+002, 2.818627e+004
5.685856e+002, 2.817507e+004
5.690677e+002, 2.816721e+004
5.695499e+002, 2.816293e+004
5.700320e+002, 2.816184e+004
5.705141e+002, 2.816760e+004
5.709962e+002, 2.817518e+004
5.714783e+002, 2.817492e+004
5.719604e+002, 2.815846e+004
5.724426e+002, 2.814608e+004
5.729247e+002, 2.816063e+004
5.734068e+002, 2.818699e+004
5.738889e+002, 2.819835e+004
5.743710e+002, 2.816756e+004
5.748531e+002, 2.813939e+004
5.753353e+002, 2.813096e+004
5.758174e+002, 2.814154e+004
5.762995e+002, 2.815078e+004
5.767816e+002, 2.816226e+004
5.772637e+002, 2.816763e+004
5.777458e+002, 2.816070e+004
5.782280e+002, 2.813710e+004
5.787101e+002, 2.812510e+004
5.791922e+002, 2.812704e+004
5.796743e+002, 2.813520e+004
5.801564e+002, 2.814238e+004
5.806385e+002, 2.814854e+004
5.811207e+002, 2.815415e+004
5.816028e+002, 2.815917e+004
5.820849e+002, 2.816361e+004
5.825670e+002, 2.816928e+004
5.830491e+002, 2.817465e+004
5.835313e+002, 2.817503e+004
5.840134e+002, 2.815454e+004
5.844955e+002, 2.813778e+004
5.849776e+002, 2.815299e+004
5.854597e+002, 2.819501e+004
5.859418e+002, 2.823433e+004
5.864240e+002, 2.826561e+004
5.869061e+002, 2.828322e+004
5.873882e+002, 2.827930e+004
5.878703e+002, 2.824408e+004
5.883524e+002, 2.822213e+004
5.888345e+002, 2.822759e+004
5.893167e+002, 2.824243e+004
5.897988e+002, 2.825364e+004
5.902809e+002, 2.826191e+004
5.907630e+002, 2.826429e+004
5.912451e+002, 2.825832e+004
5.917272e+002, 2.824877e+004
5.922094e+002, 2.824415e+004
5.926915e+002, 2.824469e+004
5.931736e+002, 2.824882e+004
5.936557e+002, 2.825808e+004
5.941378e+002, 2.826940e+004
5.946199e+002, 2.827518e+004
5.951021e+002, 2.827588e+004
5.955842e+002, 2.827498e+004
5.960663e+002, 2.827285e+004
5.965484e+002, 2.827145e+004
5.970305e+002, 2.827268e+004
5.975126e+002, 2.827669e+004
5.979948e+002, 2.828390e+004
5.984769e+002, 2.830034e+004
5.989590e+002, 2.831678e+004
5.994411e+002, 2.832506e+004
5.999232e+002, 2.831794e+004
6.004053e+002, 2.831212e+004
6.008875e+002, 2.831373e+004
6.013696e+002, 2.831685e+004
6.018517e+002, 2.831263e+004
6.023338e+002, 2.829630e+004
6.028159e+002, 2.828238e+004
6.032980e+002, 2.827357e+004
6.037802e+002, 2.826904e+004
6.042623e+002, 2.826584e+004
6.047444e+002, 2.826398e+004
6.052265e+002, 2.826252e+004
6.057086e+002, 2.825770e+004
6.061907e+002, 2.825253e+004
6.066729e+002, 2.826087e+004
6.071550e+002, 2.828216e+004
6.076371e+002, 2.830247e+004
6.081192e+002, 2.830847e+004
6.086013e+002, 2.830732e+004
6.090834e+002, 2.830969e+004
6.095656e+002, 2.831962e+004
6.100477e+002, 2.832372e+004
6.105298e+002, 2.830659e+004
6.110119e+002, 2.828354e+004
6.114940e+002, 2.827160e+004
6.119761e+002, 2.829403e+004
6.124583e+002, 2.830614e+004
6.129404e+002, 2.829253e+004
6.134225e+002, 2.826655e+004
6.139046e+002, 2.825832e+004
6.143867e+002, 2.827914e+004
6.148688e+002, 2.829442e+004
6.153510e+002, 2.828942e+004
6.158331e+002, 2.826975e+004
6.163152e+002, 2.827465e+004
6.167973e+002, 2.830574e+004
6.172794e+002, 2.833974e+004
6.177615e+002, 2.836098e+004
6.182437e+002, 2.837173e+004
6.187258e+002, 2.837898e+004
6.192079e+002, 2.838250e+004
6.196900e+002, 2.838384e+004
6.201721e+002, 2.838044e+004
6.206542e+002, 2.837678e+004
6.211364e+002, 2.838047e+004
6.216185e+002, 2.839996e+004
6.221006e+002, 2.841184e+004
6.225827e+002, 2.840169e+004
6.230648e+002, 2.837984e+004
6.235469e+002, 2.836066e+004
6.240291e+002, 2.835073e+004
6.245112e+002, 2.834030e+004
6.249933e+002, 2.832831e+004
6.254754e+002, 2.831583e+004
6.259575e+002, 2.830600e+004
6.264396e+002, 2.830057e+004
6.269218e+002, 2.829392e+004
6.274039e+002, 2.828196e+004
6.278860e+002, 2.826674e+004
6.283681e+002, 2.826099e+004
6.288502e+002, 2.826476e+004
6.293323e+002, 2.827364e+004
6.298145e+002, 2.829015e+004
6.302966e+002, 2.830771e+004
6.307787e+002, 2.831104e+004
6.312608e+002, 2.829741e+004
6.317429e+002, 2.828445e+004
6.322250e+002, 2.828602e+004
6.327072e+002, 2.829452e+004
6.331893e+002, 2.830190e+004
6.336714e+002, 2.830563e+004
6.341535e+002, 2.830827e+004
6.346356e+002, 2.831208e+004
6.351177e+002, 2.831442e+004
6.355999e+002, 2.831112e+004
6.360820e+002, 2.829872e+004
6.365641e+002, 2.828604e+004
6.370462e+002, 2.827321e+004
6.375283e+002, 2.826149e+004
6.380104e+002, 2.825671e+004
6.384926e+002, 2.826055e+004
6.389747e+002, 2.826138e+004
6.394568e+002, 2.825349e+004
6.399389e+002, 2.823907e+004
6.404210e+002, 2.822177e+004
6.409031e+002, 2.820232e+004
6.413853e+002, 2.819080e+004
6.418674e+002, 2.820421e+004
6.423495e+002, 2.822513e+004
6.428316e+002, 2.822939e+004
6.433137e+002, 2.821243e+004
6.437958e+002, 2.820047e+004
6.442780e+002, 2.820981e+004
6.447601e+002, 2.822797e+004
6.452422e+002, 2.824405e+004
6.457243e+002, 2.825477e+004
6.462064e+002, 2.826485e+004
6.466885e+002, 2.827302e+004
6.471707e+002, 2.828105e+004
6.476528e+002, 2.829230e+004
6.481349e+002, 2.830978e+004
6.486170e+002, 2.831888e+004
6.490991e+002, 2.831367e+004
6.495812e+002, 2.830159e+004
6.500634e+002, 2.830045e+004
6.505455e+002, 2.830971e+004
6.510276e+002, 2.832128e+004
6.515097e+002, 2.833078e+004
6.519918e+002, 2.834113e+004
6.524739e+002, 2.836000e+004
6.529561e+002, 2.838517e+004
6.534382e+002, 2.840584e+004
6.539203e+002, 2.841648e+004
6.544024e+002, 2.841944e+004
6.548845e+002, 2.841359e+004
6.553666e+002, 2.839785e+004
6.558488e+002, 2.838616e+004
6.563309e+002, 2.837846e+004
6.568130e+002, 2.837862e+004
6.572951e+002, 2.839069e+004
6.577772e+002, 2.842436e+004
6.582593e+002, 2.844275e+004
6.587415e+002, 2.844036e+004
6.592236e+002, 2.843171e+004
6.597057e+002, 2.843496e+004
6.601878e+002, 2.844979e+004
6.606699e+002, 2.845881e+004
6.611520e+002, 2.845689e+004
6.616342e+002, 2.845297e+004
6.621163e+002, 2.846003e+004
6.625984e+002, 2.847521e+004
6.630805e+002, 2.849123e+004
6.635626e+002, 2.850739e+004
6.640447e+002, 2.852073e+004
6.645269e+002, 2.852996e+004
6.650090e+002, 2.853461e+004
6.654911e+002, 2.853373e+004
6.659732e+002, 2.851822e+004
6.664553e+002, 2.850602e+004
6.669374e+002, 2.850639e+004
6.674196e+002, 2.851845e+004
6.679017e+002, 2.852615e+004
6.683838e+002, 2.852962e+004
6.688659e+002, 2.852973e+004
6.693480e+002, 2.852753e+004
6.698301e+002, 2.852315e+004
6.703123e+002, 2.851088e+004
6.707944e+002, 2.848923e+004
6.712765e+002, 2.847130e+004
6.717586e+002, 2.846748e+004
6.722407e+002, 2.847582e+004
6.727228e+002, 2.849559e+004
6.732050e+002, 2.852900e+004
6.736871e+002, 2.855718e+004
6.741692e+002, 2.855780e+004
6.746513e+002, 2.854831e+004
6.751334e+002, 2.854976e+004
6.756155e+002, 2.857972e+004
6.760977e+002, 2.860150e+004
6.765798e+002, 2.860118e+004
6.770619e+002, 2.858919e+004
6.775440e+002, 2.858104e+004
6.780261e+002, 2.857871e+004
6.785082e+002, 2.857688e+004
6.789904e+002, 2.857506e+004
6.794725e+002, 2.857365e+004
6.799546e+002, 2.857310e+004
6.804367e+002, 2.857371e+004
6.809188e+002, 2.857588e+004
6.814009e+002, 2.858288e+004
6.818831e+002, 2.859004e+004
6.823652e+002, 2.858653e+004
6.828473e+002, 2.857439e+004
6.833294e+002, 2.856316e+004
6.838115e+002, 2.855904e+004
6.842936e+002, 2.855740e+004
6.847758e+002, 2.855414e+004
6.852579e+002, 2.854904e+004
6.857400e+002, 2.854660e+004
6.862221e+002, 2.854394e+004
6.867042e+002, 2.854763e+004
6.871863e+002, 2.856123e+004
6.876685e+002, 2.858635e+004
6.881506e+002, 2.861513e+004
6.886327e+002, 2.865166e+004
6.891148e+002, 2.868366e+004
6.895969e+002, 2.869647e+004
6.900790e+002, 2.869140e+004
6.905612e+002, 2.869249e+004
6.910433e+002, 2.870280e+004
6.915254e+002, 2.871376e+004
6.920075e+002, 2.871550e+004
6.924896e+002, 2.871043e+004
6.929717e+002, 2.870304e+004
6.934539e+002, 2.869408e+004
6.939360e+002, 2.868380e+004
6.944181e+002, 2.867249e+004
6.949002e+002, 2.866015e+004
6.953823e+002, 2.864678e+004
6.958644e+002, 2.862447e+004
6.963466e+002, 2.861284e+004
6.968287e+002, 2.862239e+004
6.973108e+002, 2.864331e+004
6.977929e+002, 2.864759e+004
6.982750e+002, 2.863107e+004
6.987571e+002, 2.861679e+004
6.992393e+002, 2.861353e+004
6.997214e+002, 2.861768e+004
7.002035e+002, 2.861784e+004
7.006856e+002, 2.861446e+004
7.011677e+002, 2.861090e+004
7.016498e+002, 2.860684e+004
7.021320e+002, 2.860470e+004
7.026141e+002, 2.860753e+004
7.030962e+002, 2.861479e+004
7.035783e+002, 2.862329e+004
7.040604e+002, 2.863110e+004
7.045425e+002, 2.863906e+004
7.050247e+002, 2.864674e+004
7.055068e+002, 2.865315e+004
7.059889e+002, 2.866279e+004
7.064710e+002, 2.867970e+004
7.069531e+002, 2.869378e+004
7.074352e+002, 2.869643e+004
7.079174e+002, 2.868608e+004
7.083995e+002, 2.868429e+004
7.088816e+002, 2.869351e+004
7.093637e+002, 2.870248e+004
7.098458e+002, 2.869624e+004
7.103279e+002, 2.868122e+004
7.108101e+002, 2.867449e+004
7.112922e+002, 2.868149e+004
7.117743e+002, 2.868837e+004
7.122564e+002, 2.868532e+004
7.127385e+002, 2.867644e+004
7.132206e+002, 2.866622e+004
7.137028e+002, 2.865153e+004
7.141849e+002, 2.864236e+004
7.146670e+002, 2.864185e+004
7.151491e+002, 2.864769e+004
7.156312e+002, 2.865756e+004
7.161133e+002, 2.867252e+004
7.165955e+002, 2.868861e+004
7.170776e+002, 2.870645e+004
7.175597e+002, 2.872283e+004
7.180418e+002, 2.872776e+004
7.185239e+002, 2.872242e+004
7.190060e+002, 2.872063e+004
7.194882e+002, 2.872879e+004
7.199703e+002, 2.874120e+004
7.204524e+002, 2.875279e+004
7.209345e+002, 2.876267e+004
7.214166e+002, 2.876924e+004
7.218987e+002, 2.876576e+004
7.223809e+002, 2.876406e+004
7.228630e+002, 2.877342e+004
7.233451e+002, 2.879178e+004
7.238272e+002, 2.880034e+004
7.243093e+002, 2.879264e+004
7.247914e+002, 2.878443e+004
7.252736e+002, 2.878291e+004
7.257557e+002, 2.878733e+004
7.262378e+002, 2.878225e+004
7.267199e+002, 2.876632e+004
7.272020e+002, 2.875544e+004
7.276841e+002, 2.876722e+004
7.281663e+002, 2.879038e+004
7.286484e+002, 2.879897e+004
7.291305e+002, 2.879259e+004
7.296126e+002, 2.878143e+004
7.300947e+002, 2.876254e+004
7.305768e+002, 2.874821e+004
7.310590e+002, 2.875149e+004
7.315411e+002, 2.877838e+004
7.320232e+002, 2.879792e+004
7.325053e+002, 2.879663e+004
7.329874e+002, 2.879191e+004
7.334695e+002, 2.879392e+004
7.339517e+002, 2.880415e+004
7.344338e+002, 2.881617e+004
7.349159e+002, 2.883245e+004
7.353980e+002, 2.884294e+004
7.358801e+002, 2.882884e+004
7.363622e+002, 2.879818e+004
7.368444e+002, 2.878748e+004
7.373265e+002, 2.880567e+004
7.378086e+002, 2.882890e+004
7.382907e+002, 2.883600e+004
7.387728e+002, 2.883469e+004
7.392549e+002, 2.883539e+004
7.397371e+002, 2.884707e+004
7.402192e+002, 2.885133e+004
7.407013e+002, 2.883308e+004
7.411834e+002, 2.880917e+004
7.416655e+002, 2.880241e+004
7.421476e+002, 2.882154e+004
7.426298e+002, 2.883580e+004
7.431119e+002, 2.883835e+004
7.435940e+002, 2.883758e+004
7.440761e+002, 2.885113e+004
7.445582e+002, 2.887687e+004
7.450403e+002, 2.889844e+004
7.455225e+002, 2.891006e+004
7.460046e+002, 2.891569e+004
7.464867e+002, 2.891893e+004
7.469688e+002, 2.891981e+004
7.474509e+002, 2.891872e+004
7.479330e+002, 2.891730e+004
7.484152e+002, 2.891235e+004
7.488973e+002, 2.889909e+004
7.493794e+002, 2.888127e+004
7.498615e+002, 2.887123e+004
7.503436e+002, 2.887216e+004
7.508257e+002, 2.887729e+004
7.513079e+002, 2.888931e+004
7.517900e+002, 2.890346e+004
7.522721e+002, 2.889731e+004
7.527542e+002, 2.887122e+004
7.532363e+002, 2.884884e+004
7.537184e+002, 2.884537e+004
7.542006e+002, 2.885073e+004
7.546827e+002, 2.884960e+004
7.551648e+002, 2.884322e+004
7.556469e+002, 2.883638e+004
7.561290e+002, 2.882459e+004
7.566111e+002, 2.881924e+004
7.570933e+002, 2.883250e+004
7.575754e+002, 2.886258e+004
7.580575e+002, 2.887683e+004
7.585396e+002, 2.886021e+004
7.590217e+002, 2.884735e+004
7.595038e+002, 2.885412e+004
7.599860e+002, 2.887782e+004
7.604681e+002, 2.888633e+004
7.609502e+002, 2.887781e+004
7.614323e+002, 2.887376e+004
7.619144e+002, 2.889356e+004
7.623965e+002, 2.892553e+004
7.628787e+002, 2.895240e+004
7.633608e+002, 2.897275e+004
7.638429e+002, 2.898020e+004
7.643250e+002, 2.895527e+004
7.648071e+002, 2.892786e+004
7.652892e+002, 2.892171e+004
7.657714e+002, 2.894253e+004
7.662535e+002, 2.895257e+004
7.667356e+002, 2.894010e+004
7.672177e+002, 2.892949e+004
7.676998e+002, 2.893691e+004
7.681819e+002, 2.896425e+004
7.686641e+002, 2.898035e+004
7.691462e+002, 2.898467e+004
7.696283e+002, 2.898167e+004
7.701104e+002, 2.896762e+004
7.705925e+002, 2.895087e+004
7.710746e+002, 2.894915e+004
7.715568e+002, 2.896446e+004
7.720389e+002, 2.898296e+004
7.725210e+002, 2.900051e+004
7.730031e+002, 2.901436e+004
7.734852e+002, 2.902208e+004
7.739673e+002, 2.902177e+004
7.744495e+002, 2.901821e+004
7.749316e+002, 2.900798e+004
7.754137e+002, 2.899832e+004
7.758958e+002, 2.899546e+004
7.763779e+002, 2.900002e+004
7.768600e+002, 2.900326e+004
7.773422e+002, 2.900533e+004
7.778243e+002, 2.900428e+004
7.783064e+002, 2.899616e+004
7.787885e+002, 2.898441e+004
7.792706e+002, 2.897548e+004
7.797527e+002, 2.897104e+004
7.802349e+002, 2.896774e+004
7.807170e+002, 2.896347e+004
7.811991e+002, 2.896015e+004
7.816812e+002, 2.895996e+004
7.821633e+002, 2.896755e+004
7.826454e+002, 2.897029e+004
7.831276e+002, 2.896654e+004
7.836097e+002, 2.896020e+004
7.840918e+002, 2.895197e+004
7.845739e+002, 2.894151e+004
7.850560e+002, 2.894976e+004
7.855381e+002, 2.898296e+004
7.860203e+002, 2.901136e+004
7.865024e+002, 2.898733e+004
7.869845e+002, 2.893947e+004
7.874666e+002, 2.891894e+004
7.879487e+002, 2.894372e+004
7.884308e+002, 2.897412e+004
7.889130e+002, 2.899446e+004
7.893951e+002, 2.900846e+004
7.898772e+002, 2.901997e+004
7.903593e+002, 2.902834e+004
7.908414e+002, 2.903433e+004
7.913235e+002, 2.903419e+004
7.918057e+002, 2.903618e+004
7.922878e+002, 2.905369e+004
7.927699e+002, 2.908527e+004
7.932520e+002, 2.910753e+004
7.937341e+002, 2.911684e+004
7.942162e+002, 2.911746e+004
7.946984e+002, 2.910852e+004
7.951805e+002, 2.909574e+004
7.956626e+002, 2.908913e+004
7.961447e+002, 2.909507e+004
7.966268e+002, 2.909833e+004
7.971089e+002, 2.909064e+004
7.975911e+002, 2.907939e+004
7.980732e+002, 2.907355e+004
7.985553e+002, 2.907901e+004
7.990374e+002, 2.907611e+004
7.995195e+002, 2.906077e+004
8.000016e+002, 2.904360e+004
8.004838e+002, 2.903988e+004
8.009659e+002, 2.904733e+004
8.014480e+002, 2.905236e+004
8.019301e+002, 2.905329e+004
8.024122e+002, 2.904883e+004
8.028943e+002, 2.902825e+004
8.033765e+002, 2.900531e+004
8.038586e+002, 2.899840e+004
8.043407e+002, 2.902060e+004
8.048228e+002, 2.904320e+004
8.053049e+002, 2.906262e+004
8.057870e+002, 2.907790e+004
8.062692e+002, 2.908583e+004
8.067513e+002, 2.908136e+004
8.072334e+002, 2.909028e+004
8.077155e+002, 2.911822e+004
8.081976e+002, 2.914852e+004
8.086797e+002, 2.915988e+004
8.091619e+002, 2.915565e+004
8.096440e+002, 2.914379e+004
8.101261e+002, 2.912278e+004
8.106082e+002, 2.910631e+004
8.110903e+002, 2.910991e+004
8.115724e+002, 2.912131e+004
8.120546e+002, 2.912709e+004
8.125367e+002, 2.911824e+004
8.130188e+002, 2.911563e+004
8.135009e+002, 2.912537e+004
8.139830e+002, 2.913751e+004
8.144651e+002, 2.914091e+004
8.149473e+002, 2.913545e+004
8.154294e+002, 2.912932e+004
8.159115e+002, 2.912313e+004
8.163936e+002, 2.911899e+004
8.168757e+002, 2.911789e+004
8.173578e+002, 2.912091e+004
8.178400e+002, 2.912997e+004
8.183221e+002, 2.914601e+004
8.188042e+002, 2.916551e+004
8.192863e+002, 2.918902e+004
8.197684e+002, 2.921299e+004
8.202505e+002, 2.923397e+004
8.207327e+002, 2.925084e+004
8.212148e+002, 2.926457e+004
8.216969e+002, 2.927450e+004
8.221790e+002, 2.928088e+004
8.226611e+002, 2.928278e+004
8.231432e+002, 2.928052e+004
8.236254e+002, 2.927895e+004
8.241075e+002, 2.927886e+004
8.245896e+002, 2.927484e+004
8.250717e+002, 2.925553e+004
8.255538e+002, 2.923298e+004
8.260359e+002, 2.922438e+004
8.265181e+002, 2.924083e+004
8.270002e+002, 2.924422e+004
8.274823e+002, 2.921444e+004
8.279644e+002, 2.917926e+004
8.284465e+002, 2.915588e+004
8.289286e+002, 2.914646e+004
8.294108e+002, 2.914554e+004
8.298929e+002, 2.915604e+004
8.303750e+002, 2.916533e+004
8.308571e+002, 2.915851e+004
8.313392e+002, 2.914287e+004
8.318214e+002, 2.913515e+004
8.323035e+002, 2.913749e+004
8.327856e+002, 2.913665e+004
8.332677e+002, 2.910748e+004
8.337498e+002, 2.908332e+004
8.342319e+002, 2.909503e+004
8.347141e+002, 2.916029e+004
8.351962e+002, 2.919556e+004
8.356783e+002, 2.918588e+004
8.361604e+002, 2.916982e+004
8.366425e+002, 2.917351e+004
8.371246e+002, 2.919510e+004
8.376068e+002, 2.920803e+004
8.380889e+002, 2.921199e+004
8.385710e+002, 2.921952e+004
8.390531e+002, 2.924627e+004
8.395352e+002, 2.927821e+004
8.400173e+002, 2.929939e+004
8.404995e+002, 2.930918e+004
8.409816e+002, 2.931903e+004
8.414637e+002, 2.933689e+004
8.419458e+002, 2.935167e+004
8.424279e+002, 2.935783e+004
8.429100e+002, 2.935544e+004
8.433922e+002, 2.935353e+004
8.438743e+002, 2.935179e+004
8.443564e+002, 2.935072e+004
8.448385e+002, 2.935045e+004
8.453206e+002, 2.935074e+004
8.458027e+002, 2.935406e+004
8.462849e+002, 2.935878e+004
8.467670e+002, 2.935621e+004
8.472491e+002, 2.933072e+004
8.477312e+002, 2.930675e+004
8.482133e+002, 2.930387e+004
8.486954e+002, 2.931934e+004
8.491776e+002, 2.931840e+004
8.496597e+002, 2.928845e+004
8.501418e+002, 2.926789e+004
8.506239e+002, 2.927252e+004
8.511060e+002, 2.929511e+004
8.515881e+002, 2.931220e+004
8.520703e+002, 2.932431e+004
8.525524e+002, 2.933419e+004
8.530345e+002, 2.934021e+004
8.535166e+002, 2.934698e+004
8.539987e+002, 2.935971e+004
8.544808e+002, 2.937610e+004
8.549630e+002, 2.939083e+004
8.554451e+002, 2.939671e+004
8.559272e+002, 2.940646e+004
8.564093e+002, 2.942483e+004
8.568914e+002, 2.944652e+004
8.573735e+002, 2.945958e+004
8.578557e+002, 2.946298e+004
8.583378e+002, 2.946769e+004
8.588199e+002, 2.947672e+004
8.593020e+002, 2.948841e+004
8.597841e+002, 2.950358e+004
8.602662e+002, 2.951925e+004
8.607484e+002, 2.952863e+004
8.612305e+002, 2.952604e+004
8.617126e+002, 2.952254e+004
8.621947e+002, 2.952247e+004
8.626768e+002, 2.952424e+004
8.631589e+002, 2.952524e+004
8.636411e+002, 2.952492e+004
8.641232e+002, 2.952603e+004
8.646053e+002, 2.952918e+004
8.650874e+002, 2.953289e+004
8.655695e+002, 2.953918e+004
8.660516e+002, 2.954447e+004
8.665338e+002, 2.953546e+004
8.670159e+002, 2.950671e+004
8.674980e+002, 2.947796e+004
8.679801e+002, 2.946094e+004
8.684622e+002, 2.945180e+004
8.689443e+002, 2.944743e+004
8.694265e+002, 2.945196e+004
8.699086e+002, 2.945058e+004
8.703907e+002, 2.944383e+004
8.708728e+002, 2.943062e+004
8.713549e+002, 2.940373e+004
8.718370e+002, 2.936584e+004
8.723192e+002, 2.935463e+004
8.728013e+002, 2.937188e+004
8.732834e+002, 2.938682e+004
8.737655e+002, 2.936544e+004
8.742476e+002, 2.933448e+004
8.747297e+002, 2.932309e+004
8.752119e+002, 2.933422e+004
8.756940e+002, 2.933987e+004
8.761761e+002, 2.932666e+004
8.766582e+002, 2.931287e+004
8.771403e+002, 2.930430e+004
8.776224e+002, 2.930100e+004
8.781046e+002, 2.930749e+004
8.785867e+002, 2.932457e+004
8.790688e+002, 2.933640e+004
8.795509e+002, 2.932869e+004
8.800330e+002, 2.931320e+004
8.805151e+002, 2.931124e+004
8.809973e+002, 2.931774e+004
8.814794e+002, 2.931205e+004
8.819615e+002, 2.926092e+004
8.824436e+002, 2.922346e+004
8.829257e+002, 2.923235e+004
8.834078e+002, 2.927049e+004
8.838900e+002, 2.929031e+004
8.843721e+002, 2.928896e+004
8.848542e+002, 2.928313e+004
8.853363e+002, 2.927520e+004
8.858184e+002, 2.926882e+004
8.863005e+002, 2.927147e+004
8.867827e+002, 2.928069e+004
8.872648e+002, 2.929035e+004
8.877469e+002, 2.929557e+004
8.882290e+002, 2.930406e+004
8.887111e+002, 2.932752e+004
8.891932e+002, 2.935259e+004
8.896754e+002, 2.935843e+004
8.901575e+002, 2.933238e+004
8.906396e+002, 2.932166e+004
8.911217e+002, 2.933448e+004
8.916038e+002, 2.935287e+004
8.920859e+002, 2.935136e+004
8.925681e+002, 2.933715e+004
8.930502e+002, 2.933153e+004
8.935323e+002, 2.933805e+004
8.940144e+002, 2.935326e+004
8.944965e+002, 2.939010e+004
8.949786e+002, 2.942434e+004
8.954608e+002, 2.943138e+004
8.959429e+002, 2.939637e+004
8.964250e+002, 2.938097e+004
8.969071e+002, 2.939145e+004
8.973892e+002, 2.940868e+004
8.978713e+002, 2.942102e+004
8.983535e+002, 2.942894e+004
8.988356e+002, 2.943294e+004
8.993177e+002, 2.943350e+004
8.997998e+002, 2.943770e+004
9.002819e+002, 2.946007e+004
9.007640e+002, 2.948005e+004
9.012462e+002, 2.947714e+004
9.017283e+002, 2.945387e+004
9.022104e+002, 2.944224e+004
9.026925e+002, 2.945555e+004
9.031746e+002, 2.946409e+004
9.036567e+002, 2.945623e+004
9.041389e+002, 2.943942e+004
9.046210e+002, 2.944080e+004
9.051031e+002, 2.945785e+004
9.055852e+002, 2.946695e+004
9.060673e+002, 2.945029e+004
9.065494e+002, 2.943283e+004
9.070316e+002, 2.943957e+004
9.075137e+002, 2.946068e+004
9.079958e+002, 2.947912e+004
9.084779e+002, 2.949106e+004
9.089600e+002, 2.949843e+004
9.094421e+002, 2.949975e+004
9.099243e+002, 2.949825e+004
9.104064e+002, 2.949836e+004
9.108885e+002, 2.949999e+004
9.113706e+002, 2.950138e+004
9.118527e+002, 2.950254e+004
9.123348e+002, 2.950270e+004
9.128170e+002, 2.950391e+004
9.132991e+002, 2.950248e+004
9.137812e+002, 2.949149e+004
9.142633e+002, 2.946495e+004
9.147454e+002, 2.945153e+004
9.152275e+002, 2.946832e+004
9.157097e+002, 2.948407e+004
9.161918e+002, 2.947696e+004
9.166739e+002, 2.944761e+004
9.171560e+002, 2.943896e+004
9.176381e+002, 2.945121e+004
9.181202e+002, 2.946443e+004
9.186024e+002, 2.946187e+004
9.190845e+002, 2.945496e+004
9.195666e+002, 2.945766e+004
9.200487e+002, 2.946802e+004
9.205308e+002, 2.947351e+004
9.210129e+002, 2.946638e+004
9.214951e+002, 2.945786e+004
9.219772e+002, 2.944872e+004
9.224593e+002, 2.944060e+004
9.229414e+002, 2.944016e+004
9.234235e+002, 2.944703e+004
9.239056e+002, 2.945259e+004
9.243878e+002, 2.945341e+004
9.248699e+002, 2.945246e+004
9.253520e+002, 2.945575e+004
9.258341e+002, 2.945885e+004
9.263162e+002, 2.945463e+004
9.267983e+002, 2.943337e+004
9.272805e+002, 2.941705e+004
9.277626e+002, 2.941007e+004
9.282447e+002, 2.940760e+004
9.287268e+002, 2.940839e+004
9.292089e+002, 2.941307e+004
9.296910e+002, 2.939934e+004
9.301732e+002, 2.936416e+004
9.306553e+002, 2.933437e+004
9.311374e+002, 2.934265e+004
9.316195e+002, 2.936519e+004
9.321016e+002, 2.937138e+004
9.325837e+002, 2.935659e+004
9.330659e+002, 2.935718e+004
9.335480e+002, 2.940475e+004
9.340301e+002, 2.943981e+004
9.345122e+002, 2.943165e+004
9.349943e+002, 2.938867e+004
9.354764e+002, 2.937212e+004
9.359586e+002, 2.938082e+004
9.364407e+002, 2.939735e+004
9.369228e+002, 2.941972e+004
9.374049e+002, 2.943862e+004
9.378870e+002, 2.944224e+004
9.383691e+002, 2.943525e+004
9.388513e+002, 2.942845e+004
9.393334e+002, 2.942589e+004
9.398155e+002, 2.942319e+004
9.402976e+002, 2.942019e+004
9.407797e+002, 2.941784e+004
9.412618e+002, 2.941952e+004
9.417440e+002, 2.942499e+004
9.422261e+002, 2.942315e+004
9.427082e+002, 2.941115e+004
9.431903e+002, 2.939907e+004
9.436724e+002, 2.938949e+004
9.441545e+002, 2.938875e+004
9.446367e+002, 2.940664e+004
9.451188e+002, 2.945085e+004
9.456009e+002, 2.948507e+004
9.460830e+002, 2.950471e+004
9.465651e+002, 2.951463e+004
9.470472e+002, 2.951609e+004
9.475294e+002, 2.950910e+004
9.480115e+002, 2.949566e+004
9.484936e+002, 2.947619e+004
9.489757e+002, 2.945885e+004
9.494578e+002, 2.945729e+004
9.499399e+002, 2.945290e+004
9.504221e+002, 2.942653e+004
9.509042e+002, 2.938491e+004
9.513863e+002, 2.935522e+004
9.518684e+002, 2.935100e+004
9.523505e+002, 2.934046e+004
9.528326e+002, 2.931685e+004
9.533148e+002, 2.928805e+004
9.537969e+002, 2.927038e+004
9.542790e+002, 2.926096e+004
9.547611e+002, 2.924293e+004
9.552432e+002, 2.920774e+004
9.557253e+002, 2.918036e+004
9.562075e+002, 2.918329e+004
9.566896e+002, 2.919968e+004
9.571717e+002, 2.921329e+004
9.576538e+002, 2.922190e+004
9.581359e+002, 2.922397e+004
9.586180e+002, 2.921178e+004
9.591002e+002, 2.921022e+004
9.595823e+002, 2.925169e+004
9.600644e+002, 2.931589e+004
9.605465e+002, 2.933222e+004
9.610286e+002, 2.930601e+004
9.615107e+002, 2.928889e+004
9.619929e+002, 2.932574e+004
9.624750e+002, 2.936384e+004
9.629571e+002, 2.936663e+004
9.634392e+002, 2.934727e+004
9.639213e+002, 2.936033e+004
9.644034e+002, 2.941908e+004
9.648856e+002, 2.945601e+004
9.653677e+002, 2.945056e+004
9.658498e+002, 2.942489e+004
9.663319e+002, 2.939952e+004
9.668140e+002, 2.938356e+004
9.672961e+002, 2.940235e+004
9.677783e+002, 2.948243e+004
9.682604e+002, 2.954378e+004
9.687425e+002, 2.954479e+004
9.692246e+002, 2.952342e+004
9.697067e+002, 2.950722e+004
9.701888e+002, 2.949583e+004
9.706710e+002, 2.949411e+004
9.711531e+002, 2.950222e+004
9.716352e+002, 2.951690e+004
9.721173e+002, 2.953978e+004
9.725994e+002, 2.956463e+004
9.730815e+002, 2.958543e+004
9.735637e+002, 2.960107e+004
9.740458e+002, 2.960905e+004
9.745279e+002, 2.960438e+004
9.750100e+002, 2.959627e+004
9.754921e+002, 2.958720e+004
9.759742e+002, 2.957646e+004
9.764564e+002, 2.956169e+004
9.769385e+002, 2.954329e+004
9.774206e+002, 2.952431e+004
9.779027e+002, 2.950566e+004
9.783848e+002, 2.948919e+004
9.788669e+002, 2.948196e+004
9.793491e+002, 2.947600e+004
9.798312e+002, 2.946005e+004
9.803133e+002, 2.942386e+004
9.807954e+002, 2.940095e+004
9.812775e+002, 2.939529e+004
9.817596e+002, 2.939725e+004
9.822418e+002, 2.940132e+004
9.827239e+002, 2.940671e+004
9.832060e+002, 2.941004e+004
9.836881e+002, 2.941121e+004
9.841702e+002, 2.941307e+004
9.846523e+002, 2.941736e+004
9.851345e+002, 2.942192e+004
9.856166e+002, 2.942426e+004
9.860987e+002, 2.942533e+004
9.865808e+002, 2.943015e+004
9.870629e+002, 2.944174e+004
9.875450e+002, 2.944702e+004
9.880272e+002, 2.944300e+004
9.885093e+002, 2.943340e+004
9.889914e+002, 2.942140e+004
9.894735e+002, 2.940900e+004
9.899556e+002, 2.940100e+004
9.904377e+002, 2.940009e+004
9.909199e+002, 2.939782e+004
9.914020e+002, 2.939012e+004
9.918841e+002, 2.938080e+004
9.923662e+002, 2.937199e+004
9.928483e+002, 2.936385e+004
9.933304e+002, 2.935861e+004
9.938126e+002, 2.935646e+004
9.942947e+002, 2.935359e+004
9.947768e+002, 2.934240e+004
9.952589e+002, 2.933262e+004
9.957410e+002, 2.934074e+004
9.962231e+002, 2.935984e+004
9.967053e+002, 2.937039e+004
9.971874e+002, 2.935344e+004
9.976695e+002, 2.934512e+004
9.981516e+002, 2.935299e+004
9.986337e+002, 2.936784e+004
9.991158e+002, 2.937534e+004
9.995980e+002, 2.937675e+004
1.000080e+003, 2.938364e+004
1.000562e+003, 2.939924e+004
1.001044e+003, 2.940750e+004
1.001526e+003, 2.939081e+004
1.002009e+003, 2.936589e+004
1.002491e+003, 2.934441e+004
1.002973e+003, 2.932728e+004
1.003455e+003, 2.932356e+004
1.003937e+003, 2.933846e+004
1.004419e+003, 2.935126e+004
1.004901e+003, 2.935033e+004
1.005383e+003, 2.934338e+004
1.005865e+003, 2.934835e+004
1.006348e+003, 2.936147e+004
1.006830e+003, 2.937200e+004
1.007312e+003, 2.936951e+004
1.007794e+003, 2.937036e+004
1.008276e+003, 2.938347e+004
1.008758e+003, 2.939931e+004
1.009240e+003, 2.940628e+004
1.009722e+003, 2.940242e+004
1.010205e+003, 2.940874e+004
1.010687e+003, 2.942774e+004
1.011169e+003, 2.944483e+004
1.011651e+003, 2.944601e+004
1.012133e+003, 2.943938e+004
1.012615e+003, 2.943179e+004
1.013097e+003, 2.942417e+004
1.013579e+003, 2.941981e+004
1.014061e+003, 2.941921e+004
1.014544e+003, 2.942250e+004
1.015026e+003, 2.943159e+004
1.015508e+003, 2.944312e+004
1.015990e+003, 2.945091e+004
1.016472e+003, 2.945424e+004
1.016954e+003, 2.944772e+004
1.017436e+003, 2.942236e+004
1.017918e+003, 2.940543e+004
1.018401e+003, 2.942521e+004
1.018883e+003, 2.945466e+004
1.019365e+003, 2.946514e+004
1.019847e+003, 2.945013e+004
1.020329e+003, 2.944824e+004
1.020811e+003, 2.946251e+004
1.021293e+003, 2.947431e+004
1.021775e+003, 2.946504e+004
1.022257e+003, 2.944790e+004
1.022740e+003, 2.944387e+004
1.023222e+003, 2.945050e+004
1.023704e+003, 2.945712e+004
1.024186e+003, 2.945626e+004
1.024668e+003, 2.945949e+004
1.025150e+003, 2.946906e+004
1.025632e+003, 2.948316e+004
1.026114e+003, 2.950041e+004
1.026596e+003, 2.951982e+004
1.027079e+003, 2.953635e+004
1.027561e+003, 2.954879e+004
1.028043e+003, 2.956059e+004
1.028525e+003, 2.958333e+004
1.029007e+003, 2.960044e+004
1.029489e+003, 2.959133e+004
1.029971e+003, 2.955273e+004
1.030453e+003, 2.953714e+004
1.030936e+003, 2.955271e+004
1.031418e+003, 2.956528e+004
1.031900e+003, 2.956164e+004
1.032382e+003, 2.954483e+004
1.032864e+003, 2.951034e+004
1.033346e+003, 2.946831e+004
1.033828e+003, 2.944422e+004
1.034310e+003, 2.946515e+004
1.034792e+003, 2.947721e+004
1.035275e+003, 2.946320e+004
1.035757e+003, 2.943897e+004
1.036239e+003, 2.941598e+004
1.036721e+003, 2.939458e+004
1.037203e+003, 2.937781e+004
1.037685e+003, 2.936624e+004
1.038167e+003, 2.935609e+004
1.038649e+003, 2.934418e+004
1.039132e+003, 2.933353e+004
1.039614e+003, 2.932427e+004
1.040096e+003, 2.931815e+004
1.040578e+003, 2.932263e+004
1.041060e+003, 2.934400e+004
1.041542e+003, 2.935711e+004
1.042024e+003, 2.935284e+004
1.042506e+003, 2.934723e+004
1.042989e+003, 2.937193e+004
1.043471e+003, 2.941138e+004
1.043953e+003, 2.943098e+004
1.044435e+003, 2.942021e+004
1.044917e+003, 2.941222e+004
1.045399e+003, 2.943243e+004
1.045881e+003, 2.944449e+004
1.046363e+003, 2.942321e+004
1.046845e+003, 2.937602e+004
1.047328e+003, 2.936809e+004
1.047810e+003, 2.939709e+004
1.048292e+003, 2.942043e+004
1.048774e+003, 2.941943e+004
1.049256e+003, 2.940502e+004
1.049738e+003, 2.937613e+004
1.050220e+003, 2.934330e+004
1.050702e+003, 2.932342e+004
1.051184e+003, 2.931894e+004
1.051667e+003, 2.932571e+004
1.052149e+003, 2.934716e+004
1.052631e+003, 2.936776e+004
1.053113e+003, 2.937558e+004
1.053595e+003, 2.937212e+004
1.054077e+003, 2.935424e+004
1.054559e+003, 2.932529e+004
1.055041e+003, 2.930713e+004
1.055523e+003, 2.931941e+004
1.056006e+003, 2.933150e+004
1.056488e+003, 2.933872e+004
1.056970e+003, 2.933829e+004
1.057452e+003, 2.931899e+004
1.057934e+003, 2.928397e+004
1.058416e+003, 2.926165e+004
1.058898e+003, 2.925912e+004
1.059380e+003, 2.926056e+004
1.059863e+003, 2.925001e+004
1.060345e+003, 2.924056e+004
1.060827e+003, 2.924678e+004
1.061309e+003, 2.926977e+004
1.061791e+003, 2.927839e+004
1.062273e+003, 2.926854e+004
1.062755e+003, 2.926305e+004
1.063237e+003, 2.927637e+004
1.063719e+003, 2.929291e+004
1.064202e+003, 2.928438e+004
1.064684e+003, 2.926193e+004
1.065166e+003, 2.924717e+004
1.065648e+003, 2.925201e+004
1.066130e+003, 2.925600e+004
1.066612e+003, 2.925924e+004
1.067094e+003, 2.925798e+004
1.067576e+003, 2.924274e+004
1.068059e+003, 2.921888e+004
1.068541e+003, 2.922242e+004
1.069023e+003, 2.925071e+004
1.069505e+003, 2.927847e+004
1.069987e+003, 2.929449e+004
1.070469e+003, 2.930194e+004
1.070951e+003, 2.929985e+004
1.071433e+003, 2.929059e+004
1.071916e+003, 2.927529e+004
1.072398e+003, 2.925203e+004
1.072880e+003, 2.924265e+004
1.073362e+003, 2.925199e+004
1.073844e+003, 2.926371e+004
1.074326e+003, 2.926009e+004
1.074808e+003, 2.925123e+004
1.075290e+003, 2.924659e+004
1.075772e+003, 2.924745e+004
1.076255e+003, 2.925530e+004
1.076737e+003, 2.927628e+004
1.077219e+003, 2.928953e+004
1.077701e+003, 2.928625e+004
1.078183e+003, 2.927447e+004
1.078665e+003, 2.926615e+004
1.079147e+003, 2.926224e+004
1.079629e+003, 2.926661e+004
1.080111e+003, 2.928459e+004
1.080594e+003, 2.929706e+004
1.081076e+003, 2.928597e+004
1.081558e+003, 2.927805e+004
1.082040e+003, 2.929166e+004
1.082522e+003, 2.932356e+004
1.083004e+003, 2.934131e+004
1.083486e+003, 2.934596e+004
1.083968e+003, 2.934788e+004
1.084450e+003, 2.935426e+004
1.084933e+003, 2.935791e+004
1.085415e+003, 2.935470e+004
1.085897e+003, 2.934551e+004
1.086379e+003, 2.932936e+004
1.086861e+003, 2.929886e+004
1.087343e+003, 2.929882e+004
1.087825e+003, 2.933677e+004
1.088307e+003, 2.937005e+004
1.088790e+003, 2.935386e+004
1.089272e+003, 2.931731e+004
1.089754e+003, 2.929134e+004
1.090236e+003, 2.927712e+004
1.090718e+003, 2.927098e+004
1.091200e+003, 2.927734e+004
1.091682e+003, 2.928176e+004
1.092164e+003, 2.928016e+004
1.092646e+003, 2.927850e+004
1.093129e+003, 2.929064e+004
1.093611e+003, 2.930895e+004
1.094093e+003, 2.931249e+004
1.094575e+003, 2.929681e+004
1.095057e+003, 2.928400e+004
1.095539e+003, 2.928674e+004
1.096021e+003, 2.929130e+004
1.096503e+003, 2.929224e+004
1.096986e+003, 2.929006e+004
1.097468e+003, 2.928572e+004
1.097950e+003, 2.927976e+004
1.098432e+003, 2.927622e+004
1.098914e+003, 2.927542e+004
1.099396e+003, 2.928027e+004
1.099878e+003, 2.930222e+004
1.100360e+003, 2.932470e+004
1.100843e+003, 2.933100e+004
1.101325e+003, 2.931999e+004
1.101807e+003, 2.930347e+004
1.102289e+003, 2.928066e+004
1.102771e+003, 2.925999e+004
1.103253e+003, 2.924495e+004
1.103735e+003, 2.923609e+004
1.104217e+003, 2.923623e+004
1.104699e+003, 2.924278e+004
1.105182e+003, 2.925145e+004
1.105664e+003, 2.927620e+004
1.106146e+003, 2.927072e+004
1.106628e+003, 2.922239e+004
1.107110e+003, 2.917438e+004
1.107592e+003, 2.917103e+004
1.108074e+003, 2.919325e+004
1.108556e+003, 2.920097e+004
1.109038e+003, 2.919560e+004
1.109521e+003, 2.919369e+004
1.110003e+003, 2.920139e+004
1.110485e+003, 2.921397e+004
1.110967e+003, 2.923324e+004
1.111449e+003, 2.925293e+004
1.111931e+003, 2.926563e+004
1.112413e+003, 2.927080e+004
1.112895e+003, 2.926168e+004
1.113377e+003, 2.923718e+004
1.113860e+003, 2.922012e+004
1.114342e+003, 2.923234e+004
1.114824e+003, 2.924824e+004
1.115306e+003, 2.925461e+004
1.115788e+003, 2.925357e+004
1.116270e+003, 2.924955e+004
1.116752e+003, 2.924279e+004
1.117234e+003, 2.924484e+004
1.117717e+003, 2.926161e+004
1.118199e+003, 2.927550e+004
1.118681e+003, 2.925959e+004
1.119163e+003, 2.924100e+004
1.119645e+003, 2.925307e+004
1.120127e+003, 2.929886e+004
1.120609e+003, 2.930700e+004
1.121091e+003, 2.927018e+004
1.121573e+003, 2.924092e+004
1.122056e+003, 2.924863e+004
1.122538e+003, 2.926281e+004
1.123020e+003, 2.923458e+004
1.123502e+003, 2.918940e+004
1.123984e+003, 2.916873e+004
1.124466e+003, 2.920043e+004
1.124948e+003, 2.921066e+004
1.125430e+003, 2.919012e+004
1.125913e+003, 2.917118e+004
1.126395e+003, 2.918295e+004
1.126877e+003, 2.920853e+004
1.127359e+003, 2.920582e+004
1.127841e+003, 2.918446e+004
1.128323e+003, 2.917062e+004
1.128805e+003, 2.917900e+004
1.129287e+003, 2.918944e+004
1.129770e+003, 2.920053e+004
1.130252e+003, 2.921027e+004
1.130734e+003, 2.921572e+004
1.131216e+003, 2.921784e+004
1.131698e+003, 2.922103e+004
1.132180e+003, 2.922508e+004
1.132662e+003, 2.922967e+004
1.133144e+003, 2.923099e+004
1.133626e+003, 2.923649e+004
1.134109e+003, 2.925568e+004
1.134591e+003, 2.927443e+004
1.135073e+003, 2.926705e+004
1.135555e+003, 2.923606e+004
1.136037e+003, 2.921182e+004
1.136519e+003, 2.919782e+004
1.137001e+003, 2.919104e+004
1.137483e+003, 2.920040e+004
1.137965e+003, 2.920648e+004
1.138448e+003, 2.919379e+004
1.138930e+003, 2.916863e+004
1.139412e+003, 2.914809e+004
1.139894e+003, 2.913243e+004
1.140376e+003, 2.912384e+004
1.140858e+003, 2.912421e+004
1.141340e+003, 2.912623e+004
1.141822e+003, 2.912550e+004
1.142304e+003, 2.912160e+004
1.142787e+003, 2.911038e+004
1.143269e+003, 2.909216e+004
1.143751e+003, 2.908853e+004
1.144233e+003, 2.910160e+004
1.144715e+003, 2.911549e+004
1.145197e+003, 2.912490e+004
1.145679e+003, 2.913047e+004
1.146161e+003, 2.912855e+004
1.146644e+003, 2.912485e+004
1.147126e+003, 2.912721e+004
1.147608e+003, 2.913807e+004
1.148090e+003, 2.915109e+004
1.148572e+003, 2.916840e+004
1.149054e+003, 2.918068e+004
1.149536e+003, 2.918550e+004
1.150018e+003, 2.918050e+004
1.150500e+003, 2.915227e+004
1.150983e+003, 2.911328e+004
1.151465e+003, 2.908835e+004
1.151947e+003, 2.909136e+004
1.152429e+003, 2.909659e+004
1.152911e+003, 2.910557e+004
1.153393e+003, 2.910978e+004
1.153875e+003, 2.910037e+004
1.154357e+003, 2.908293e+004
1.154840e+003, 2.907251e+004
1.155322e+003, 2.906713e+004
1.155804e+003, 2.906088e+004
1.156286e+003, 2.904713e+004
1.156768e+003, 2.903885e+004
1.157250e+003, 2.904062e+004
1.157732e+003, 2.904353e+004
1.158214e+003, 2.903775e+004
1.158697e+003, 2.902587e+004
1.159179e+003, 2.901992e+004
1.159661e+003, 2.901922e+004
1.160143e+003, 2.901827e+004
1.160625e+003, 2.900529e+004
1.161107e+003, 2.900397e+004
1.161589e+003, 2.903289e+004
1.162071e+003, 2.906466e+004
1.162553e+003, 2.905584e+004
1.163036e+003, 2.901469e+004
1.163518e+003, 2.900575e+004
1.164000e+003, 2.903161e+004
1.164482e+003, 2.905448e+004
1.164964e+003, 2.904935e+004
1.165446e+003, 2.903832e+004
1.165928e+003, 2.903077e+004
1.166410e+003, 2.902559e+004
1.166892e+003, 2.902032e+004
1.167375e+003, 2.901522e+004
1.167857e+003, 2.901392e+004
1.168339e+003, 2.901740e+004
1.168821e+003, 2.901388e+004
1.169303e+003, 2.897255e+004
1.169785e+003, 2.894252e+004
1.170267e+003, 2.896949e+004
1.170749e+003, 2.903024e+004
1.171231e+003, 2.906004e+004
1.171714e+003, 2.905896e+004
1.172196e+003, 2.905510e+004
1.172678e+003, 2.905277e+004
1.173160e+003, 2.905641e+004
1.173642e+003, 2.908100e+004
1.174124e+003, 2.910388e+004
1.174606e+003, 2.909881e+004
1.175088e+003, 2.907303e+004
1.175571e+003, 2.907591e+004
1.176053e+003, 2.911014e+004
1.176535e+003, 2.912061e+004
1.177017e+003, 2.908472e+004
1.177499e+003, 2.904581e+004
1.177981e+003, 2.904985e+004
1.178463e+003, 2.906843e+004
1.178945e+003, 2.907217e+004
1.179427e+003, 2.905948e+004
1.179910e+003, 2.906073e+004
1.180392e+003, 2.907824e+004
1.180874e+003, 2.908341e+004
1.181356e+003, 2.906062e+004
1.181838e+003, 2.903237e+004
1.182320e+003, 2.902108e+004
1.182802e+003, 2.901886e+004
1.183284e+003, 2.901717e+004
1.183767e+003, 2.901526e+004
1.184249e+003, 2.901396e+004
1.184731e+003, 2.901408e+004
1.185213e+003, 2.900976e+004
1.185695e+003, 2.899563e+004
1.186177e+003, 2.898043e+004
1.186659e+003, 2.897769e+004
1.187141e+003, 2.897937e+004
1.187624e+003, 2.897411e+004
1.188106e+003, 2.896073e+004
1.188588e+003, 2.893763e+004
1.189070e+003, 2.890149e+004
1.189552e+003, 2.887797e+004
1.190034e+003, 2.888808e+004
1.190516e+003, 2.891245e+004
1.190998e+003, 2.893224e+004
1.191480e+003, 2.894719e+004
1.191963e+003, 2.895667e+004
1.192445e+003, 2.895932e+004
1.192927e+003, 2.895748e+004
1.193409e+003, 2.894901e+004
1.193891e+003, 2.894393e+004
1.194373e+003, 2.894869e+004
1.194855e+003, 2.896019e+004
1.195337e+003, 2.897712e+004
1.195819e+003, 2.899677e+004
1.196302e+003, 2.901351e+004
1.196784e+003, 2.902710e+004
1.197266e+003, 2.903516e+004
1.197748e+003, 2.903668e+004
1.198230e+003, 2.903631e+004
1.198712e+003, 2.903790e+004
1.199194e+003, 2.903994e+004
1.199676e+003, 2.904300e+004
1.200158e+003, 2.904501e+004
1.200641e+003, 2.903974e+004
1.201123e+003, 2.902582e+004
1.201605e+003, 2.900565e+004
1.202087e+003, 2.897675e+004
1.202569e+003, 2.895371e+004
1.203051e+003, 2.895048e+004
1.203533e+003, 2.896079e+004
1.204015e+003, 2.898490e+004
1.204498e+003, 2.901570e+004
1.204980e+003, 2.902915e+004
1.205462e+003, 2.901457e+004
1.205944e+003, 2.899983e+004
1.206426e+003, 2.898547e+004
1.206908e+003, 2.897721e+004
1.207390e+003, 2.898401e+004
1.207872e+003, 2.899766e+004
1.208354e+003, 2.901000e+004
1.208837e+003, 2.901968e+004
1.209319e+003, 2.902252e+004
1.209801e+003, 2.901276e+004
1.210283e+003, 2.901163e+004
1.210765e+003, 2.902409e+004
1.211247e+003, 2.903514e+004
1.211729e+003, 2.901986e+004
1.212211e+003, 2.900016e+004
1.212694e+003, 2.901523e+004
1.213176e+003, 2.905666e+004
1.213658e+003, 2.906079e+004
1.214140e+003, 2.900724e+004
1.214622e+003, 2.896674e+004
1.215104e+003, 2.895079e+004
1.215586e+003, 2.894639e+004
1.216068e+003, 2.895326e+004
1.216551e+003, 2.895472e+004
1.217033e+003, 2.891884e+004
1.217515e+003, 2.885257e+004
1.217997e+003, 2.882173e+004
1.218479e+003, 2.884059e+004
1.218961e+003, 2.885603e+004
1.219443e+003, 2.885890e+004
1.219925e+003, 2.885677e+004
1.220407e+003, 2.885633e+004
1.220890e+003, 2.885636e+004
1.221372e+003, 2.885431e+004
1.221854e+003, 2.885037e+004
1.222336e+003, 2.884952e+004
1.222818e+003, 2.885080e+004
1.223300e+003, 2.885922e+004
1.223782e+003, 2.887735e+004
1.224264e+003, 2.889490e+004
1.224746e+003, 2.890385e+004
1.225229e+003, 2.890399e+004
1.225711e+003, 2.889018e+004
1.226193e+003, 2.886480e+004
1.226675e+003, 2.885443e+004
1.227157e+003, 2.886311e+004
1.227639e+003, 2.886660e+004
1.228121e+003, 2.885930e+004
1.228603e+003, 2.884804e+004
1.229085e+003, 2.883489e+004
1.229568e+003, 2.882525e+004
1.230050e+003, 2.882617e+004
1.230532e+003, 2.883679e+004
1.231014e+003, 2.884593e+004
1.231496e+003, 2.885389e+004
1.231978e+003, 2.885709e+004
1.232460e+003, 2.885480e+004
1.232942e+003, 2.884696e+004
1.233425e+003, 2.882775e+004
1.233907e+003, 2.880761e+004
1.234389e+003, 2.879897e+004
1.234871e+003, 2.879903e+004
1.235353e+003, 2.878311e+004
1.235835e+003, 2.874986e+004
1.236317e+003, 2.874260e+004
1.236799e+003, 2.877758e+004
1.237281e+003, 2.880922e+004
1.237764e+003, 2.879056e+004
1.238246e+003, 2.876029e+004
1.238728e+003, 2.875031e+004
1.239210e+003, 2.875613e+004
1.239692e+003, 2.875655e+004
1.240174e+003, 2.875188e+004
1.240656e+003, 2.875152e+004
1.241138e+003, 2.875873e+004
1.241621e+003, 2.876363e+004
1.242103e+003, 2.875047e+004
1.242585e+003, 2.874060e+004
1.243067e+003, 2.875109e+004
1.243549e+003, 2.877508e+004
1.244031e+003, 2.878830e+004
1.244513e+003, 2.879164e+004
1.244995e+003, 2.879178e+004
1.245478e+003, 2.878916e+004
1.245960e+003, 2.878949e+004
1.246442e+003, 2.880147e+004
1.246924e+003, 2.881131e+004
1.247406e+003, 2.880967e+004
1.247888e+003, 2.880183e+004
1.248370e+003, 2.880665e+004
1.248852e+003, 2.882031e+004
1.249334e+003, 2.882504e+004
1.249817e+003, 2.881560e+004
1.250299e+003, 2.880708e+004
1.250781e+003, 2.881567e+004
1.251263e+003, 2.881584e+004
1.251745e+003, 2.879458e+004
1.252227e+003, 2.876196e+004
1.252709e+003, 2.873875e+004
1.253191e+003, 2.872483e+004
1.253673e+003, 2.872240e+004
1.254156e+003, 2.873448e+004
1.254638e+003, 2.873665e+004
1.255120e+003, 2.870557e+004
1.255602e+003, 2.868705e+004
1.256084e+003, 2.869811e+004
1.256566e+003, 2.872749e+004
1.257048e+003, 2.876238e+004
1.257530e+003, 2.879545e+004
1.258012e+003, 2.880778e+004
1.258495e+003, 2.879338e+004
1.258977e+003, 2.878765e+004
1.259459e+003, 2.879796e+004
1.259941e+003, 2.881169e+004
1.260423e+003, 2.882646e+004
1.260905e+003, 2.883878e+004
1.261387e+003, 2.884459e+004
1.261869e+003, 2.884367e+004
1.262352e+003, 2.883319e+004
1.262834e+003, 2.881206e+004
1.263316e+003, 2.879956e+004
1.263798e+003, 2.879973e+004
1.264280e+003, 2.879812e+004
1.264762e+003, 2.879073e+004
1.265244e+003, 2.878008e+004
1.265726e+003, 2.876500e+004
1.266208e+003, 2.875118e+004
1.266691e+003, 2.874329e+004
1.267173e+003, 2.874271e+004
1.267655e+003, 2.875988e+004
1.268137e+003, 2.879974e+004
1.268619e+003, 2.881224e+004
1.269101e+003, 2.877702e+004
1.269583e+003, 2.874266e+004
1.270065e+003, 2.877371e+004
1.270548e+003, 2.881102e+004
1.271030e+003, 2.878987e+004
1.271512e+003, 2.872644e+004
1.271994e+003, 2.869542e+004
1.272476e+003, 2.869641e+004
1.272958e+003, 2.869750e+004
1.273440e+003, 2.869119e+004
1.273922e+003, 2.868943e+004
1.274405e+003, 2.871085e+004
1.274887e+003, 2.872986e+004
1.275369e+003, 2.873285e+004
1.275851e+003, 2.872230e+004
1.276333e+003, 2.869420e+004
1.276815e+003, 2.865621e+004
1.277297e+003, 2.865399e+004
1.277779e+003, 2.869858e+004
1.278261e+003, 2.873576e+004
1.278744e+003, 2.872979e+004
1.279226e+003, 2.871834e+004
1.279708e+003, 2.871336e+004
1.280190e+003, 2.871241e+004
1.280672e+003, 2.871166e+004
1.281154e+003, 2.871075e+004
1.281636e+003, 2.870801e+004
1.282118e+003, 2.870298e+004
1.282600e+003, 2.870343e+004
1.283083e+003, 2.871854e+004
1.283565e+003, 2.872748e+004
1.284047e+003, 2.872609e+004
1.284529e+003, 2.871600e+004
1.285011e+003, 2.869159e+004
1.285493e+003, 2.866455e+004
1.285975e+003, 2.865702e+004
1.286457e+003, 2.866942e+004
1.286939e+003, 2.867184e+004
1.287422e+003, 2.865999e+004
1.287904e+003, 2.864594e+004
1.288386e+003, 2.863046e+004
1.288868e+003, 2.862223e+004
1.289350e+003, 2.864176e+004
1.289832e+003, 2.866437e+004
1.290314e+003, 2.866347e+004
1.290796e+003, 2.864114e+004
1.291279e+003, 2.861686e+004
1.291761e+003, 2.858859e+004
1.292243e+003, 2.857250e+004
1.292725e+003, 2.857029e+004
1.293207e+003, 2.858334e+004
1.293689e+003, 2.863315e+004
1.294171e+003, 2.867734e+004
1.294653e+003, 2.868519e+004
1.295135e+003, 2.866772e+004
1.295618e+003, 2.863277e+004
1.296100e+003, 2.858404e+004
1.296582e+003, 2.856103e+004
1.297064e+003, 2.856923e+004
1.297546e+003, 2.858640e+004
1.298028e+003, 2.860670e+004
1.298510e+003, 2.861062e+004
1.298992e+003, 2.858730e+004
1.299475e+003, 2.856039e+004
1.299957e+003, 2.856215e+004
1.300439e+003, 2.858581e+004
1.300921e+003, 2.860469e+004
1.301403e+003, 2.862192e+004
1.301885e+003, 2.865768e+004
##END=



