##NAMES=Opal
##RRUFFID=X080018
##IDEAL CHEMISTRY=SiO_2_&#183;<i>n</i>H_2_O
##LOCALITY=Synthetic
##OWNER=GIA
##SOURCE=Gemological Institute of America
##DESCRIPTION=Polished tear drop-shaped cabachon, 1.37 ct, Raman spectra matches polystyrene (plastic)
##STATUS=The identification of this mineral is not yet confirmed.
##URL=rruff.info/X080018
93.30109, 0.0000000E+00
93.78320, 4480.711
94.26532, 4454.310
94.74744, 4472.371
95.22955, 4524.001
95.71167, 4594.588
96.19379, 4637.355
96.67590, 4661.397
97.15802, 4668.356
97.64014, 4654.540
98.12225, 4625.224
98.60437, 4589.480
99.08649, 4551.796
99.56860, 4510.155
100.0507, 4461.751
100.5328, 4399.000
101.0150, 4331.169
101.4971, 4265.529
101.9792, 4201.955
102.4613, 4139.005
102.9434, 4073.399
103.4255, 4007.969
103.9077, 3944.484
104.3898, 3883.069
104.8719, 3823.891
105.3540, 3767.669
105.8361, 3715.718
106.3182, 3663.249
106.8004, 3607.935
107.2825, 3551.397
107.7646, 3494.923
108.2467, 3439.040
108.7288, 3383.709
109.2109, 3330.303
109.6931, 3279.434
110.1752, 3229.140
110.6573, 3178.150
111.1394, 3127.006
111.6215, 3077.298
112.1036, 3030.999
112.5858, 2988.396
113.0679, 2944.549
113.5500, 2897.729
114.0321, 2851.096
114.5142, 2807.781
114.9964, 2768.247
115.4785, 2728.837
115.9606, 2684.161
116.4427, 2634.564
116.9248, 2588.060
117.4069, 2547.612
117.8891, 2511.518
118.3712, 2475.983
118.8533, 2440.651
119.3354, 2405.428
119.8175, 2370.363
120.2996, 2335.297
120.7818, 2299.961
121.2639, 2263.594
121.7460, 2226.104
122.2281, 2189.964
122.7102, 2156.610
123.1923, 2124.142
123.6745, 2091.594
124.1566, 2058.782
124.6387, 2026.742
125.1208, 1996.943
125.6029, 1970.683
126.0850, 1944.037
126.5672, 1915.955
127.0493, 1887.759
127.5314, 1860.602
128.0135, 1834.804
128.4956, 1810.309
128.9777, 1786.364
129.4599, 1763.301
129.9420, 1740.750
130.4241, 1718.915
130.9062, 1697.498
131.3883, 1675.946
131.8704, 1653.767
132.3526, 1631.286
132.8347, 1610.050
133.3168, 1590.308
133.7989, 1571.178
134.2810, 1552.170
134.7632, 1533.338
135.2453, 1515.022
135.7274, 1497.298
136.2095, 1480.296
136.6916, 1464.130
137.1737, 1449.394
137.6559, 1435.080
138.1380, 1419.826
138.6201, 1403.336
139.1022, 1387.181
139.5843, 1372.682
140.0664, 1359.002
140.5486, 1345.152
141.0307, 1330.152
141.5128, 1314.724
141.9949, 1301.444
142.4770, 1291.776
142.9591, 1282.102
143.4413, 1270.737
143.9234, 1258.310
144.4055, 1245.931
144.8876, 1234.548
145.3697, 1224.192
145.8518, 1213.307
146.3340, 1200.375
146.8161, 1188.289
147.2982, 1178.264
147.7803, 1169.994
148.2624, 1162.379
148.7445, 1154.277
149.2267, 1145.550
149.7088, 1137.151
150.1909, 1128.936
150.6730, 1121.063
151.1551, 1113.822
151.6372, 1107.142
152.1194, 1100.548
152.6015, 1093.370
153.0836, 1085.309
153.5657, 1077.502
154.0478, 1069.587
154.5299, 1062.075
155.0121, 1055.812
155.4942, 1051.095
155.9763, 1046.781
156.4584, 1040.952
156.9405, 1033.504
157.4226, 1026.308
157.9048, 1019.898
158.3869, 1014.085
158.8690, 1008.507
159.3511, 1003.083
159.8332, 997.8083
160.3153, 992.7354
160.7975, 987.8844
161.2796, 982.8484
161.7617, 977.2717
162.2438, 971.1679
162.7259, 965.1486
163.2081, 959.1136
163.6902, 953.4163
164.1723, 948.5107
164.6544, 944.3903
165.1365, 940.4252
165.6186, 935.7853
166.1008, 930.2639
166.5829, 925.1102
167.0650, 920.9244
167.5471, 916.9243
168.0292, 912.7017
168.5113, 908.1453
168.9935, 903.4020
169.4756, 898.7217
169.9577, 894.1555
170.4398, 889.5204
170.9219, 884.0928
171.4040, 878.9772
171.8862, 875.4914
172.3683, 874.0456
172.8504, 873.5005
173.3325, 871.1087
173.8146, 864.7057
174.2967, 858.8940
174.7789, 854.3082
175.2610, 850.2009
175.7431, 845.5682
176.2252, 839.8741
176.7073, 833.6648
177.1894, 828.8171
177.6716, 825.5309
178.1537, 823.1166
178.6358, 822.5905
179.1179, 822.8088
179.6000, 821.3741
180.0821, 816.8334
180.5643, 810.2149
181.0464, 804.7863
181.5285, 800.8927
182.0106, 797.3492
182.4927, 793.5911
182.9748, 789.6980
183.4570, 785.9871
183.9391, 782.4727
184.4212, 779.3943
184.9033, 777.1539
185.3854, 776.2386
185.8675, 775.3697
186.3497, 773.3835
186.8318, 770.2488
187.3139, 767.1077
187.7960, 764.3414
188.2781, 761.9103
188.7602, 759.7920
189.2424, 757.9617
189.7245, 756.4714
190.2066, 755.5394
190.6887, 755.3832
191.1708, 754.9755
191.6530, 753.5770
192.1351, 751.9389
192.6172, 750.7057
193.0993, 750.1256
193.5814, 749.9799
194.0635, 749.8766
194.5457, 749.8755
195.0278, 749.7880
195.5099, 749.5067
195.9920, 749.1647
196.4741, 748.9091
196.9562, 748.8102
197.4384, 748.7926
197.9205, 748.6436
198.4026, 748.3866
198.8847, 747.9319
199.3668, 746.4492
199.8489, 745.0481
200.3311, 745.2474
200.8132, 747.8635
201.2953, 752.0958
201.7774, 754.7415
202.2595, 754.1134
202.7416, 753.6644
203.2238, 753.4530
203.7059, 753.6818
204.1880, 754.6431
204.6701, 756.5185
205.1522, 759.1393
205.6343, 761.7731
206.1165, 765.2402
206.5986, 767.8392
207.0807, 768.5481
207.5628, 768.1688
208.0449, 768.2581
208.5270, 769.7122
209.0092, 772.1025
209.4913, 773.6169
209.9734, 773.2479
210.4555, 773.3857
210.9376, 775.3717
211.4197, 778.6004
211.9019, 781.3996
212.3840, 782.8448
212.8661, 783.3329
213.3482, 784.1593
213.8303, 785.9161
214.3124, 787.0826
214.7946, 786.2397
215.2767, 783.7899
215.7588, 781.9754
216.2409, 782.0107
216.7230, 783.1565
217.2052, 784.0018
217.6873, 784.6984
218.1694, 784.7191
218.6515, 783.2920
219.1336, 780.4743
219.6157, 777.9232
220.0979, 776.3506
220.5800, 775.3190
221.0621, 774.5038
221.5442, 774.0172
222.0263, 773.1507
222.5084, 770.9769
222.9906, 767.3494
223.4727, 763.9205
223.9548, 761.8979
224.4369, 759.8394
224.9190, 756.6138
225.4011, 751.9611
225.8833, 746.6404
226.3654, 741.4413
226.8475, 736.4220
227.3296, 731.3350
227.8117, 726.2981
228.2938, 721.0711
228.7760, 715.6586
229.2581, 710.0070
229.7402, 703.8788
230.2223, 696.8742
230.7044, 688.7395
231.1865, 680.4415
231.6687, 671.5431
232.1508, 662.9155
232.6329, 655.3135
233.1150, 648.7653
233.5971, 642.5787
234.0792, 635.7382
234.5614, 627.9034
235.0435, 620.2518
235.5256, 612.8566
236.0077, 605.5792
236.4898, 598.4866
236.9719, 591.5517
237.4541, 584.4959
237.9362, 576.8964
238.4183, 568.4683
238.9004, 560.2777
239.3825, 552.1094
239.8646, 544.3227
240.3468, 537.2576
240.8289, 530.8932
241.3110, 525.0204
241.7931, 519.3524
242.2752, 514.1620
242.7573, 508.4052
243.2395, 501.5771
243.7216, 494.6580
244.2037, 488.0322
244.6858, 481.8729
245.1679, 476.4340
245.6501, 472.1022
246.1322, 469.2910
246.6143, 465.9786
247.0964, 461.6951
247.5785, 457.3075
248.0606, 453.4600
248.5428, 450.1767
249.0249, 446.8944
249.5070, 442.9680
249.9891, 438.1963
250.4712, 434.4750
250.9533, 432.5611
251.4355, 431.0323
251.9176, 428.8364
252.3997, 425.9752
252.8818, 423.2635
253.3639, 421.5429
253.8460, 420.8045
254.3282, 419.1966
254.8103, 415.6520
255.2924, 412.0991
255.7745, 410.0588
256.2566, 409.4603
256.7387, 409.0417
257.2209, 407.8974
257.7030, 406.1483
258.1851, 404.7520
258.6672, 404.0183
259.1493, 403.3880
259.6314, 402.5513
260.1136, 401.5010
260.5957, 400.1922
261.0778, 398.3904
261.5599, 396.3714
262.0420, 394.9183
262.5241, 394.3936
263.0063, 394.0112
263.4884, 393.2057
263.9705, 392.0203
264.4526, 390.8001
264.9347, 389.5573
265.4168, 388.5062
265.8990, 388.0426
266.3811, 388.4650
266.8632, 388.8291
267.3453, 388.3341
267.8274, 387.0928
268.3095, 385.9819
268.7917, 385.3940
269.2738, 385.0276
269.7559, 384.4550
270.2380, 383.6348
270.7201, 382.8120
271.2022, 382.1579
271.6844, 381.6565
272.1665, 381.1801
272.6486, 380.6911
273.1307, 380.2344
273.6128, 379.8713
274.0949, 379.5982
274.5771, 379.2926
275.0592, 378.7425
275.5413, 378.0326
276.0234, 377.6720
276.5055, 377.8122
276.9876, 378.2498
277.4698, 379.1004
277.9519, 380.1984
278.4340, 380.7219
278.9161, 379.6446
279.3982, 377.4377
279.8803, 376.2995
280.3625, 376.9090
280.8446, 377.7659
281.3267, 377.9467
281.8088, 377.6478
282.2909, 377.3188
282.7730, 377.1216
283.2552, 377.0814
283.7373, 377.4051
284.2194, 378.5240
284.7015, 379.1588
285.1836, 378.3798
285.6658, 376.8636
286.1479, 375.5959
286.6300, 375.0376
287.1121, 374.9886
287.5942, 375.0410
288.0764, 375.2387
288.5585, 375.4370
289.0406, 375.5833
289.5227, 375.7041
290.0048, 375.8694
290.4869, 376.1437
290.9691, 376.3392
291.4512, 376.1197
291.9333, 375.4124
292.4154, 374.5241
292.8975, 372.9724
293.3796, 371.6052
293.8618, 371.2480
294.3439, 372.1082
294.8260, 373.4058
295.3081, 374.1122
295.7902, 374.0796
296.2723, 374.1559
296.7545, 375.0889
297.2366, 375.7210
297.7187, 375.1962
298.2008, 373.5183
298.6829, 371.5026
299.1650, 369.9189
299.6472, 368.7778
300.1293, 367.9116
300.6114, 367.8306
301.0935, 367.5625
301.5756, 366.7331
302.0577, 365.3442
302.5399, 363.5064
303.0220, 361.1093
303.5041, 358.2050
303.9862, 355.9009
304.4683, 354.6947
304.9504, 353.5577
305.4326, 352.2358
305.9147, 350.7051
306.3968, 348.9302
306.8789, 346.8309
307.3610, 344.5073
307.8431, 342.4004
308.3253, 340.4256
308.8074, 338.8579
309.2895, 338.1811
309.7716, 337.7457
310.2537, 336.6693
310.7358, 334.4848
311.2180, 331.8242
311.7001, 330.1670
312.1822, 329.9848
312.6643, 329.7536
313.1464, 329.3040
313.6285, 328.6157
314.1107, 327.6369
314.5928, 326.3574
315.0749, 324.8573
315.5570, 323.0696
316.0391, 320.6755
316.5212, 319.1813
317.0034, 319.5250
317.4855, 320.1961
317.9676, 320.5323
318.4497, 320.4131
318.9318, 319.9381
319.4139, 318.9944
319.8961, 317.4699
320.3782, 316.6208
320.8603, 317.3258
321.3424, 317.9174
321.8245, 317.6214
322.3066, 316.6776
322.7888, 315.7511
323.2709, 315.3025
323.7530, 315.2900
324.2351, 315.4323
324.7172, 315.8397
325.1993, 316.2571
325.6815, 316.6078
326.1636, 316.9178
326.6457, 317.3193
327.1278, 317.9589
327.6099, 318.5042
328.0920, 317.9742
328.5742, 315.5914
329.0563, 313.8191
329.5384, 313.4113
330.0205, 313.6757
330.5026, 314.0519
330.9847, 314.3795
331.4669, 314.8511
331.9490, 316.0147
332.4311, 318.2830
332.9132, 319.4240
333.3953, 317.3770
333.8774, 315.3795
334.3596, 315.5768
334.8417, 317.8837
335.3238, 320.3364
335.8059, 320.9249
336.2880, 319.6191
336.7701, 318.8532
337.2523, 319.1602
337.7344, 319.4902
338.2165, 319.1486
338.6986, 318.4443
339.1807, 318.1288
339.6628, 318.7662
340.1450, 320.1175
340.6271, 321.3302
341.1092, 322.4644
341.5913, 323.3144
342.0735, 323.7114
342.5556, 323.8513
343.0377, 323.8844
343.5198, 323.7844
344.0019, 323.8495
344.4840, 324.6725
344.9662, 326.4550
345.4483, 328.1299
345.9304, 329.5705
346.4125, 330.6580
346.8946, 331.0680
347.3767, 330.7650
347.8589, 330.4957
348.3410, 331.0780
348.8231, 332.4891
349.3052, 333.7281
349.7873, 334.6126
350.2694, 335.3355
350.7516, 335.9660
351.2337, 336.5413
351.7158, 337.1888
352.1979, 337.9875
352.6800, 338.9203
353.1621, 339.9396
353.6443, 341.0744
354.1264, 342.2289
354.6085, 343.5659
355.0906, 344.8557
355.5727, 345.6020
356.0548, 345.2326
356.5370, 344.7477
357.0191, 345.7868
357.5012, 348.5221
357.9833, 350.8084
358.4654, 351.4893
358.9475, 351.3913
359.4297, 351.4897
359.9118, 351.9029
360.3939, 352.3482
360.8760, 352.5863
361.3581, 352.6630
361.8402, 352.8680
362.3224, 353.4113
362.8045, 353.8602
363.2866, 353.6850
363.7687, 352.9511
364.2508, 352.2298
364.7329, 351.9598
365.2151, 351.7739
365.6972, 350.9193
366.1793, 349.2160
366.6614, 347.5417
367.1435, 346.7138
367.6256, 346.4481
368.1078, 345.8580
368.5899, 344.4702
369.0720, 343.0160
369.5541, 342.2014
370.0362, 341.9254
370.5183, 341.5266
371.0005, 340.7000
371.4826, 339.5509
371.9647, 338.2801
372.4468, 336.7321
372.9289, 335.4650
373.4110, 335.1325
373.8932, 335.1495
374.3753, 334.2568
374.8574, 332.0132
375.3395, 329.5419
375.8216, 328.4843
376.3037, 329.0845
376.7859, 328.8310
377.2680, 326.3995
377.7501, 323.7589
378.2322, 322.7741
378.7143, 323.4222
379.1964, 324.2993
379.6786, 324.3924
380.1607, 323.7636
380.6428, 323.2593
381.1249, 323.0557
381.6070, 322.7689
382.0891, 322.2608
382.5713, 321.5732
383.0534, 320.7555
383.5355, 319.8127
384.0176, 318.8429
384.4997, 318.0434
384.9818, 317.3853
385.4640, 316.9821
385.9461, 316.9232
386.4282, 317.0700
386.9103, 317.3265
387.3924, 317.6671
387.8745, 318.1273
388.3567, 318.8065
388.8388, 319.8241
389.3209, 320.1574
389.8030, 319.3583
390.2851, 318.4545
390.7672, 317.6606
391.2494, 317.0736
391.7315, 316.8310
392.2136, 317.0313
392.6957, 317.5608
393.1778, 317.9909
393.6599, 318.3784
394.1421, 318.5584
394.6242, 318.5343
395.1063, 318.3040
395.5884, 317.7103
396.0706, 316.7769
396.5527, 315.9208
397.0348, 315.8267
397.5169, 316.8380
397.9990, 317.2342
398.4811, 316.3306
398.9633, 315.4139
399.4454, 315.1399
399.9275, 315.2916
400.4096, 315.1986
400.8917, 314.3146
401.3738, 312.8767
401.8560, 311.8598
402.3381, 311.1826
402.8202, 311.1374
403.3023, 312.3199
403.7844, 313.8563
404.2665, 314.8614
404.7487, 315.0676
405.2308, 314.8257
405.7129, 314.5936
406.1950, 314.3938
406.6771, 313.7565
407.1592, 312.2444
407.6414, 310.6290
408.1235, 309.5210
408.6056, 308.8452
409.0877, 308.1260
409.5698, 307.1592
410.0519, 305.9510
410.5341, 304.4355
411.0162, 302.5320
411.4983, 300.6522
411.9804, 299.3471
412.4625, 298.1537
412.9446, 296.1928
413.4268, 292.8146
413.9089, 289.5067
414.3910, 287.6739
414.8731, 287.0320
415.3552, 286.2224
415.8373, 284.8136
416.3195, 283.0557
416.8016, 281.1492
417.2837, 279.0356
417.7658, 277.3858
418.2479, 276.7992
418.7300, 276.5479
419.2122, 275.8164
419.6943, 274.5189
420.1764, 272.8971
420.6585, 271.0124
421.1406, 268.9362
421.6227, 267.4324
422.1049, 266.9331
422.5870, 266.4525
423.0691, 265.5238
423.5512, 264.3570
424.0333, 263.3990
424.5154, 262.8457
424.9976, 262.3937
425.4797, 261.4582
425.9618, 259.5902
426.4439, 258.1459
426.9260, 257.3693
427.4081, 256.8071
427.8903, 256.1078
428.3724, 255.2894
428.8545, 254.6613
429.3366, 254.5387
429.8187, 254.8758
430.3008, 254.6564
430.7830, 253.2044
431.2651, 251.9151
431.7472, 250.9208
432.2293, 250.2418
432.7114, 250.0600
433.1935, 250.4161
433.6757, 250.8140
434.1578, 250.3339
434.6399, 248.6398
435.1220, 247.2567
435.6041, 246.3470
436.0862, 245.7400
436.5684, 245.4814
437.0505, 245.4846
437.5326, 245.5257
438.0147, 245.4596
438.4968, 245.3117
438.9789, 245.2224
439.4611, 245.3198
439.9432, 245.1476
440.4253, 244.2163
440.9074, 243.0540
441.3895, 242.2276
441.8716, 241.8871
442.3538, 241.6871
442.8359, 241.3554
443.3180, 240.9061
443.8001, 240.3985
444.2822, 239.7537
444.7643, 239.2207
445.2465, 239.2061
445.7286, 239.5728
446.2107, 239.6805
446.6928, 239.3763
447.1749, 238.7206
447.6570, 237.5208
448.1392, 235.8760
448.6213, 234.6291
449.1034, 234.3268
449.5855, 234.6364
450.0677, 234.6579
450.5498, 234.4502
451.0319, 233.9171
451.5140, 232.6348
451.9961, 231.1935
452.4782, 230.3038
452.9604, 230.0985
453.4425, 230.3548
453.9246, 230.9418
454.4067, 231.9430
454.8888, 232.3446
455.3709, 231.6423
455.8531, 231.0002
456.3352, 230.9675
456.8173, 231.2563
457.2994, 231.2848
457.7815, 230.7807
458.2636, 230.0892
458.7458, 229.9761
459.2279, 230.8376
459.7100, 231.4597
460.1921, 231.6138
460.6742, 231.7151
461.1563, 231.9465
461.6385, 232.3427
462.1206, 232.8950
462.6027, 233.6049
463.0848, 234.4626
463.5669, 235.4805
464.0490, 236.8766
464.5312, 237.9612
465.0133, 238.3372
465.4954, 238.3866
465.9775, 238.4262
466.4596, 238.5171
466.9417, 238.7368
467.4239, 239.1852
467.9060, 239.8400
468.3881, 240.6059
468.8702, 241.6045
469.3523, 242.4533
469.8344, 242.5272
470.3166, 242.1474
470.7987, 242.2900
471.2808, 243.4800
471.7629, 245.0753
472.2450, 246.5855
472.7271, 248.0193
473.2093, 249.3927
473.6914, 250.6695
474.1735, 251.9695
474.6556, 253.6732
475.1377, 256.1247
475.6198, 257.7909
476.1020, 257.6199
476.5841, 257.1322
477.0662, 257.7218
477.5483, 259.4170
478.0304, 261.4752
478.5125, 263.4186
478.9947, 265.1871
479.4768, 266.1842
479.9589, 265.4508
480.4410, 265.1180
480.9231, 265.8060
481.4052, 266.8419
481.8874, 267.6057
482.3695, 267.9147
482.8516, 267.8424
483.3337, 267.3979
483.8158, 266.5145
484.2979, 265.8392
484.7801, 265.7156
485.2622, 265.4081
485.7443, 264.5743
486.2264, 263.4185
486.7085, 262.3202
487.1906, 261.4858
487.6728, 260.5878
488.1549, 259.0545
488.6370, 256.8451
489.1191, 254.6569
489.6012, 252.5897
490.0833, 250.6481
490.5655, 248.7635
491.0476, 246.9571
491.5297, 245.3993
492.0118, 244.3722
492.4939, 243.5095
492.9760, 242.3500
493.4582, 240.8898
493.9403, 239.3420
494.4224, 237.7656
494.9045, 236.2142
495.3866, 234.8108
495.8687, 233.4211
496.3509, 232.4315
496.8330, 232.4086
497.3151, 232.5541
497.7972, 231.8274
498.2793, 230.2229
498.7614, 228.7325
499.2436, 228.2801
499.7257, 228.7809
500.2078, 228.6567
500.6899, 227.1003
501.1720, 225.8922
501.6541, 225.5204
502.1363, 225.5367
502.6184, 225.4863
503.1005, 225.2339
503.5826, 224.8701
504.0647, 224.5420
504.5468, 224.2807
505.0290, 223.7309
505.5111, 222.5453
505.9932, 221.5024
506.4753, 220.9210
506.9575, 220.6692
507.4396, 220.5901
507.9217, 220.7000
508.4038, 220.7195
508.8859, 220.2608
509.3680, 219.3440
509.8502, 218.3117
510.3323, 217.0518
510.8144, 215.9906
511.2965, 215.7012
511.7786, 216.0407
512.2607, 216.2546
512.7429, 216.1831
513.2250, 215.8912
513.7071, 215.3202
514.1892, 214.5466
514.6713, 213.8754
515.1534, 213.4511
515.6356, 213.1642
516.1177, 212.7847
516.5998, 212.1621
517.0819, 211.7975
517.5640, 211.9480
518.0461, 212.1626
518.5283, 212.1819
519.0104, 211.9874
519.4925, 211.6349
519.9746, 211.1538
520.4567, 210.5627
520.9388, 209.8588
521.4210, 208.5541
521.9031, 208.0908
522.3852, 209.4718
522.8673, 211.0034
523.3494, 211.2940
523.8315, 210.4203
524.3137, 209.5948
524.7958, 209.8103
525.2779, 210.7973
525.7600, 211.6297
526.2421, 212.2753
526.7242, 212.8782
527.2064, 213.4847
527.6885, 214.0898
528.1706, 214.7161
528.6527, 215.3862
529.1348, 215.9518
529.6169, 216.2560
530.0991, 216.4392
530.5812, 216.7351
531.0633, 217.1722
531.5454, 217.6557
532.0275, 218.1269
532.5096, 218.5858
532.9918, 219.0192
533.4739, 219.1832
533.9560, 219.6299
534.4381, 220.8592
534.9202, 222.2212
535.4023, 222.8559
535.8845, 222.6941
536.3666, 222.5244
536.8487, 223.2100
537.3308, 224.7480
537.8129, 225.7278
538.2950, 225.6211
538.7772, 225.6298
539.2593, 226.1190
539.7414, 226.8079
540.2235, 227.3507
540.7056, 227.6647
541.1877, 228.0453
541.6699, 229.0712
542.1520, 230.5532
542.6341, 231.0113
543.1162, 229.9299
543.5983, 228.8286
544.0804, 228.5937
544.5626, 229.0424
545.0447, 230.0046
545.5268, 231.9609
546.0089, 233.4653
546.4910, 233.2357
546.9731, 232.0710
547.4553, 231.4384
547.9374, 231.6507
548.4195, 232.5020
548.9016, 233.9691
549.3837, 236.0889
549.8658, 237.2473
550.3480, 236.8283
550.8301, 236.3721
551.3122, 236.1890
551.7943, 236.2523
552.2764, 236.5308
552.7585, 237.0022
553.2407, 237.6060
553.7228, 238.2883
554.2049, 239.0544
554.6870, 239.8209
555.1691, 240.8461
555.6512, 241.4781
556.1334, 241.2404
556.6155, 240.6190
557.0976, 240.2399
557.5797, 240.2832
558.0618, 240.4594
558.5439, 240.6035
559.0261, 240.6760
559.5082, 240.5364
559.9903, 240.1676
560.4724, 239.5737
560.9545, 238.6726
561.4366, 237.5292
561.9188, 236.4886
562.4009, 235.2992
562.8830, 234.5395
563.3651, 234.8243
563.8472, 235.5022
564.3293, 235.6003
564.8115, 234.9493
565.2936, 234.1618
565.7757, 233.8829
566.2578, 234.1147
566.7399, 233.9700
567.2220, 232.7514
567.7042, 232.0043
568.1863, 232.2300
568.6684, 232.9123
569.1505, 233.6953
569.6326, 234.4305
570.1147, 234.8278
570.5969, 234.1356
571.0790, 232.6823
571.5611, 232.8299
572.0432, 235.2586
572.5253, 237.3995
573.0074, 237.6852
573.4896, 236.9804
573.9717, 236.5285
574.4538, 236.4258
574.9359, 236.5574
575.4180, 236.8582
575.9001, 237.3669
576.3823, 238.1788
576.8644, 239.2908
577.3465, 240.5621
577.8286, 241.9355
578.3107, 243.3564
578.7928, 244.5520
579.2750, 245.1172
579.7571, 245.9955
580.2392, 247.3615
580.7213, 248.9545
581.2034, 250.5627
581.6855, 252.1840
582.1677, 254.0072
582.6498, 256.2199
583.1319, 258.6773
583.6140, 260.7618
584.0961, 262.2719
584.5782, 264.1302
585.0604, 266.8432
585.5425, 269.8301
586.0246, 272.4666
586.5067, 274.8090
586.9889, 277.6002
587.4710, 281.5931
587.9531, 285.9250
588.4352, 289.5827
588.9174, 292.6268
589.3995, 295.5483
589.8816, 298.5114
590.3637, 301.5665
590.8458, 304.8143
591.3279, 308.2422
591.8101, 311.9499
592.2922, 316.2163
592.7743, 320.4843
593.2564, 324.3317
593.7385, 327.9661
594.2206, 331.9153
594.7028, 336.4075
595.1849, 340.9355
595.6670, 344.5327
596.1491, 347.0617
596.6312, 349.6958
597.1133, 352.8587
597.5955, 355.6958
598.0776, 357.7601
598.5597, 359.2242
599.0418, 360.3963
599.5239, 361.3404
600.0060, 362.0696
600.4882, 362.9377
600.9703, 363.5673
601.4524, 362.9829
601.9345, 360.9872
602.4166, 358.0724
602.8987, 354.6055
603.3809, 350.5912
603.8630, 346.3018
604.3451, 341.4620
604.8272, 336.7125
605.3093, 332.0168
605.7914, 327.5610
606.2736, 323.6237
606.7557, 320.1549
607.2378, 316.7109
607.7199, 312.9241
608.2020, 308.8193
608.6841, 304.3623
609.1663, 299.0566
609.6484, 294.8588
610.1305, 293.2942
610.6126, 292.4140
611.0947, 290.0565
611.5768, 286.2982
612.0590, 284.0676
612.5411, 285.3897
613.0232, 288.3177
613.5053, 290.4757
613.9874, 292.1540
614.4695, 295.0687
614.9517, 299.9913
615.4338, 306.2907
615.9159, 312.9020
616.3980, 319.3041
616.8801, 327.9244
617.3622, 338.8324
617.8444, 351.7008
618.3265, 367.2059
618.8086, 384.3483
619.2907, 402.3048
619.7728, 420.7743
620.2549, 437.5191
620.7371, 451.1207
621.2192, 461.3761
621.7013, 462.9536
622.1834, 454.9131
622.6655, 439.7066
623.1476, 414.8202
623.6298, 384.7411
624.1119, 356.4654
624.5940, 330.2522
625.0761, 306.7389
625.5582, 285.9777
626.0403, 268.4150
626.5225, 255.4480
627.0046, 246.7039
627.4867, 239.9199
627.9688, 233.6228
628.4509, 228.0230
628.9330, 223.7250
629.4152, 221.3983
629.8973, 219.2369
630.3794, 217.3213
630.8615, 215.3992
631.3436, 213.1378
631.8257, 210.7522
632.3079, 208.7964
632.7900, 207.6037
633.2721, 206.7433
633.7542, 205.6681
634.2363, 204.3889
634.7184, 202.9277
635.2006, 201.1413
635.6827, 199.6398
636.1648, 199.3121
636.6469, 199.8838
637.1290, 199.2921
637.6111, 195.9437
638.0933, 193.3513
638.5754, 193.1665
639.0575, 194.0596
639.5396, 194.7857
640.0217, 195.0055
640.5038, 194.5784
640.9860, 193.2615
641.4681, 191.3184
641.9502, 190.0347
642.4323, 189.5497
642.9144, 189.3777
643.3965, 190.0218
643.8787, 190.4607
644.3608, 189.9033
644.8429, 188.4660
645.3250, 186.8777
645.8071, 185.1445
646.2892, 183.6534
646.7714, 182.8868
647.2535, 182.7007
647.7356, 182.7300
648.2177, 182.8953
648.6998, 182.9100
649.1819, 182.3676
649.6641, 181.2135
650.1462, 180.6467
650.6283, 181.4592
651.1104, 181.8410
651.5925, 181.2249
652.0746, 180.1328
652.5568, 178.8291
653.0389, 177.5088
653.5210, 176.7398
654.0031, 177.2706
654.4852, 178.5588
654.9673, 179.0674
655.4495, 178.7456
655.9316, 178.1669
656.4137, 177.3601
656.8958, 176.5824
657.3779, 176.3120
657.8600, 176.5359
658.3422, 176.4020
658.8243, 175.3257
659.3064, 174.3522
659.7885, 174.1925
660.2706, 174.4803
660.7527, 174.6604
661.2349, 174.5443
661.7170, 174.1117
662.1991, 173.1919
662.6812, 171.8376
663.1633, 171.4397
663.6454, 172.7570
664.1276, 173.5246
664.6097, 172.5008
665.0918, 170.9388
665.5739, 169.8360
666.0560, 169.2633
666.5381, 168.9402
667.0203, 168.9505
667.5024, 168.9900
667.9845, 168.6296
668.4666, 168.0023
668.9487, 167.5499
669.4308, 167.4296
669.9130, 167.6415
670.3951, 168.2763
670.8772, 169.4618
671.3593, 170.0321
671.8414, 169.5239
672.3235, 168.9281
672.8057, 168.2633
673.2878, 167.7236
673.7699, 167.6063
674.2520, 167.9092
674.7341, 168.1577
675.2162, 167.7227
675.6984, 167.0838
676.1805, 167.4597
676.6626, 168.8026
677.1447, 169.6889
677.6268, 169.5350
678.1089, 168.8188
678.5911, 168.1152
679.0732, 167.3753
679.5553, 166.9822
680.0374, 167.2391
680.5195, 167.4816
681.0016, 167.4461
681.4838, 167.2606
681.9659, 167.0304
682.4480, 166.8157
682.9301, 166.7609
683.4122, 167.0633
683.8943, 167.6242
684.3765, 168.0540
684.8586, 168.3323
685.3407, 168.5998
685.8228, 168.9783
686.3049, 169.2824
686.7870, 169.1236
687.2692, 168.5180
687.7513, 168.3315
688.2334, 169.1859
688.7155, 169.9674
689.1976, 169.9788
689.6797, 169.5616
690.1619, 169.2386
690.6440, 169.1490
691.1261, 169.1364
691.6082, 168.9883
692.0903, 168.7839
692.5724, 169.1722
693.0546, 170.4204
693.5367, 171.4724
694.0188, 171.8825
694.5009, 172.1159
694.9830, 172.4726
695.4651, 172.9854
695.9473, 173.8542
696.4294, 175.5103
696.9116, 177.1730
697.3937, 178.2189
697.8758, 178.9183
698.3579, 179.7965
698.8400, 180.9599
699.3221, 182.1265
699.8043, 183.0028
700.2864, 183.6436
700.7685, 184.4916
701.2506, 185.6994
701.7327, 186.7849
702.2148, 187.9852
702.6970, 188.7405
703.1791, 188.2954
703.6612, 186.9939
704.1433, 186.2019
704.6254, 186.6861
705.1075, 187.4981
705.5897, 188.2934
706.0718, 188.7530
706.5539, 187.9472
707.0360, 185.7818
707.5181, 183.4403
708.0002, 181.8325
708.4824, 180.8926
708.9645, 180.3041
709.4466, 180.3524
709.9287, 180.2052
710.4108, 179.8885
710.8929, 179.2775
711.3751, 178.0732
711.8572, 176.5246
712.3393, 175.2079
712.8214, 174.2421
713.3035, 173.7750
713.7856, 174.4404
714.2678, 175.5754
714.7499, 175.5662
715.2320, 174.2672
715.7141, 173.0043
716.1962, 172.6623
716.6783, 172.9678
717.1605, 173.0930
717.6426, 172.7065
718.1247, 172.7961
718.6068, 173.8019
719.0889, 174.7985
719.5710, 175.1753
720.0532, 175.3176
720.5353, 176.0320
721.0174, 177.6408
721.4995, 179.1195
721.9816, 179.4802
722.4637, 179.1927
722.9459, 179.1321
723.4280, 179.3583
723.9101, 179.6883
724.3922, 180.0096
724.8743, 180.4733
725.3564, 181.3994
725.8386, 182.9886
726.3207, 184.3251
726.8028, 185.0249
727.2849, 185.9380
727.7670, 187.4475
728.2491, 189.2555
728.7313, 191.0343
729.2134, 192.7241
729.6955, 194.3306
730.1776, 195.9742
730.6597, 197.4790
731.1418, 198.3717
731.6240, 198.7914
732.1061, 199.6104
732.5882, 201.1616
733.0703, 202.9533
733.5524, 204.3592
734.0345, 205.3485
734.5167, 206.7104
734.9988, 208.9300
735.4809, 210.8958
735.9630, 212.1720
736.4451, 213.3239
736.9272, 215.0464
737.4094, 217.1693
737.8915, 218.7182
738.3736, 218.8850
738.8557, 218.6597
739.3378, 219.2529
739.8199, 220.3660
740.3021, 220.9935
740.7842, 220.9379
741.2663, 220.9387
741.7484, 221.6265
742.2305, 222.8328
742.7126, 223.7422
743.1948, 224.3542
743.6769, 224.6545
744.1590, 224.2838
744.6411, 223.9707
745.1232, 223.8209
745.6053, 224.0651
746.0875, 225.2668
746.5696, 227.8272
747.0517, 230.3511
747.5338, 231.7615
748.0159, 232.4139
748.4980, 232.5842
748.9802, 232.4589
749.4623, 232.9184
749.9444, 234.4541
750.4265, 236.6219
750.9086, 238.6602
751.3907, 240.6096
751.8729, 242.2112
752.3550, 242.9457
752.8371, 244.0498
753.3192, 246.1980
753.8013, 248.7230
754.2834, 250.9304
754.7656, 252.7458
755.2477, 254.3752
755.7298, 256.0501
756.2119, 257.4810
756.6940, 257.9710
757.1761, 258.0491
757.6583, 259.3141
758.1404, 262.1013
758.6225, 264.6617
759.1046, 265.2170
759.5867, 264.0454
760.0688, 262.9560
760.5510, 261.7411
761.0331, 261.2179
761.5152, 262.1964
761.9973, 263.2550
762.4794, 263.3663
762.9615, 262.7277
763.4437, 261.9872
763.9258, 261.2642
764.4079, 260.4799
764.8900, 259.3258
765.3721, 258.2662
765.8542, 258.0604
766.3364, 258.5109
766.8185, 258.7093
767.3006, 258.1593
767.7827, 257.1251
768.2648, 255.8317
768.7469, 254.2383
769.2291, 253.7652
769.7112, 255.0020
770.1933, 255.9282
770.6754, 255.3944
771.1575, 254.0897
771.6396, 253.1486
772.1218, 252.5889
772.6039, 252.1617
773.0860, 251.8635
773.5681, 251.6509
774.0502, 251.3517
774.5323, 251.1945
775.0145, 251.5963
775.4966, 252.5762
775.9787, 253.6402
776.4608, 254.3252
776.9429, 254.8609
777.4250, 255.7975
777.9072, 257.1331
778.3893, 258.6544
778.8714, 260.3098
779.3535, 262.1656
779.8356, 264.2437
780.3177, 266.5735
780.7999, 269.3190
781.2820, 272.6458
781.7641, 276.1606
782.2462, 279.9843
782.7283, 283.8756
783.2104, 287.5842
783.6926, 291.2494
784.1747, 295.1459
784.6568, 299.4010
785.1389, 303.9152
785.6210, 308.8463
786.1031, 313.8909
786.5853, 318.3639
787.0674, 322.2997
787.5495, 326.2958
788.0316, 330.5690
788.5137, 335.0523
788.9958, 339.6407
789.4780, 344.3298
789.9601, 349.2420
790.4422, 354.9943
790.9243, 359.9679
791.4064, 362.9077
791.8885, 365.6500
792.3707, 370.0639
792.8528, 375.8194
793.3349, 380.7279
793.8170, 383.6008
794.2991, 386.1202
794.7813, 389.6583
795.2634, 393.3292
795.7455, 395.7071
796.2276, 396.8616
796.7097, 397.9742
797.1918, 399.7631
797.6740, 401.9542
798.1561, 404.0566
798.6382, 406.0667
799.1203, 408.1498
799.6024, 410.5995
800.0845, 412.2276
800.5667, 411.7470
801.0488, 410.5855
801.5309, 411.6500
802.0130, 415.3912
802.4951, 418.1043
802.9772, 417.7673
803.4594, 418.3008
803.9415, 421.5963
804.4236, 426.5693
804.9057, 431.5502
805.3878, 436.5287
805.8699, 443.1535
806.3521, 452.7929
806.8342, 464.2948
807.3163, 475.6612
807.7985, 487.2603
808.2806, 500.8946
808.7627, 516.9152
809.2448, 533.7729
809.7269, 550.7101
810.2090, 567.3338
810.6912, 582.6348
811.1733, 598.0466
811.6554, 608.8781
812.1375, 615.2899
812.6196, 616.6803
813.1017, 613.2617
813.5839, 604.5413
814.0660, 589.5953
814.5481, 568.2343
815.0302, 542.4307
815.5123, 510.3761
815.9944, 476.7836
816.4766, 444.0340
816.9587, 412.8536
817.4408, 384.6015
817.9229, 359.6367
818.4050, 338.0210
818.8871, 319.9327
819.3693, 305.0003
819.8514, 292.0761
820.3335, 281.2101
820.8156, 271.8837
821.2977, 264.1053
821.7798, 257.6032
822.2620, 252.2747
822.7441, 247.9809
823.2262, 244.3856
823.7083, 241.8152
824.1904, 239.1475
824.6725, 235.7636
825.1547, 232.9100
825.6368, 231.3384
826.1189, 230.5540
826.6010, 230.0855
827.0831, 229.7571
827.5652, 229.0779
828.0474, 227.3289
828.5295, 225.3755
829.0116, 224.3048
829.4937, 223.8651
829.9758, 223.3762
830.4579, 222.7084
830.9401, 222.1984
831.4222, 222.1122
831.9043, 222.3516
832.3864, 222.5683
832.8685, 222.6533
833.3506, 223.2775
833.8328, 224.5973
834.3149, 226.2353
834.7970, 227.5711
835.2791, 229.3100
835.7612, 233.1839
836.2433, 239.9740
836.7255, 244.4091
837.2076, 243.7478
837.6897, 242.6594
838.1718, 243.2988
838.6539, 244.8446
839.1360, 246.3699
839.6182, 247.6213
840.1003, 248.5552
840.5824, 249.1638
841.0645, 249.4072
841.5466, 249.1025
842.0287, 248.3897
842.5109, 247.6749
842.9930, 247.0243
843.4751, 246.5358
843.9572, 246.3169
844.4393, 246.1196
844.9214, 245.3510
845.4036, 243.8115
845.8857, 242.7483
846.3678, 242.5981
846.8499, 242.1376
847.3320, 240.6188
847.8141, 238.7913
848.2963, 237.4736
848.7784, 236.6516
849.2605, 235.7088
849.7426, 234.3251
850.2247, 233.0627
850.7068, 232.1875
851.1890, 231.5089
851.6711, 230.8380
852.1532, 230.1788
852.6353, 229.6815
853.1174, 229.4534
853.5995, 229.1496
854.0817, 228.2624
854.5638, 227.0122
855.0459, 225.8680
855.5280, 224.8937
856.0101, 224.5274
856.4922, 225.0030
856.9744, 225.5794
857.4565, 225.2267
857.9386, 223.9966
858.4207, 223.4837
858.9028, 224.1606
859.3849, 224.3844
859.8671, 223.3358
860.3492, 222.2982
860.8313, 222.4421
861.3134, 223.3171
861.7955, 223.6367
862.2776, 222.8544
862.7598, 222.5193
863.2419, 223.9103
863.7240, 225.0148
864.2061, 224.0326
864.6882, 221.9689
865.1703, 220.5340
865.6525, 220.1805
866.1346, 220.3582
866.6167, 221.0096
867.0988, 221.6319
867.5809, 221.1806
868.0630, 220.0069
868.5452, 219.2556
869.0273, 219.1636
869.5094, 219.6916
869.9915, 220.9237
870.4736, 222.3908
870.9557, 222.7015
871.4379, 221.5168
871.9200, 221.1920
872.4021, 222.2828
872.8842, 223.1689
873.3663, 223.0869
873.8484, 222.4610
874.3306, 221.7906
874.8127, 221.0584
875.2948, 220.6073
875.7769, 220.4665
876.2590, 220.6022
876.7411, 221.2946
877.2233, 222.0306
877.7054, 222.4785
878.1875, 222.5650
878.6696, 222.1350
879.1517, 220.9687
879.6339, 220.0132
880.1160, 220.3784
880.5981, 221.1912
881.0802, 221.1688
881.5623, 220.4631
882.0444, 219.8910
882.5266, 219.7217
883.0087, 219.5181
883.4908, 218.7354
883.9729, 218.6259
884.4550, 218.3604
884.9371, 217.8095
885.4193, 217.8919
885.9014, 217.1545
886.3835, 216.4830
886.8656, 216.5509
887.3477, 217.0801
887.8298, 217.2575
888.3120, 216.6614
888.7941, 216.8444
889.2762, 218.6719
889.7583, 220.2207
890.2404, 220.7437
890.7225, 220.8344
891.2047, 220.9627
891.6868, 221.2192
892.1689, 221.8362
892.6510, 223.4271
893.1331, 224.6795
893.6152, 224.5066
894.0974, 223.9730
894.5795, 224.2999
895.0616, 225.3107
895.5437, 226.0641
896.0258, 226.1771
896.5079, 226.4000
896.9901, 227.7451
897.4722, 229.7199
897.9543, 231.1195
898.4364, 232.0300
898.9185, 233.1129
899.4006, 234.5454
899.8828, 236.0368
900.3649, 237.3289
900.8470, 238.4953
901.3291, 239.8458
901.8112, 241.4280
902.2933, 242.9630
902.7755, 244.5095
903.2576, 245.8235
903.7397, 246.6992
904.2218, 247.3307
904.7039, 248.0793
905.1860, 249.0087
905.6682, 249.5425
906.1503, 249.3916
906.6324, 249.2175
907.1145, 249.2656
907.5966, 249.2834
908.0787, 248.7818
908.5609, 248.0884
909.0430, 248.2960
909.5251, 250.0966
910.0072, 251.3884
910.4893, 250.3507
910.9714, 248.7179
911.4536, 248.3584
911.9357, 248.7445
912.4178, 248.5350
912.8999, 247.4364
913.3820, 246.2227
913.8641, 245.5681
914.3463, 245.1106
914.8284, 244.0278
915.3105, 242.5170
915.7926, 241.5415
916.2748, 241.2218
916.7569, 240.9399
917.2390, 240.3755
917.7211, 239.5871
918.2032, 238.6745
918.6854, 237.6501
919.1675, 236.2282
919.6496, 234.1469
920.1317, 232.5150
920.6138, 231.7574
921.0959, 231.3136
921.5781, 230.7810
922.0602, 230.1549
922.5423, 229.4125
923.0244, 228.5214
923.5065, 227.5714
923.9886, 226.4786
924.4708, 225.4263
924.9529, 224.2331
925.4350, 223.2767
925.9171, 223.2637
926.3992, 224.1509
926.8813, 224.6496
927.3635, 224.1372
927.8456, 223.2450
928.3277, 221.9053
928.8098, 220.6821
929.2919, 220.5278
929.7740, 221.0373
930.2562, 220.8047
930.7383, 219.2642
931.2204, 217.7586
931.7025, 217.8958
932.1846, 218.8143
932.6667, 218.8320
933.1489, 218.1881
933.6310, 217.9022
934.1131, 218.1807
934.5952, 218.4371
935.0773, 218.2107
935.5594, 217.7637
936.0416, 217.8186
936.5237, 217.5175
937.0058, 218.3083
937.4879, 217.3787
937.9700, 216.7978
938.4521, 217.1261
938.9343, 217.7907
939.4164, 218.0706
939.8985, 218.0145
940.3806, 218.5159
940.8627, 220.1435
941.3448, 221.1933
941.8270, 220.8870
942.3091, 220.7043
942.7912, 221.6633
943.2733, 223.1313
943.7554, 223.9637
944.2375, 223.9522
944.7197, 224.6094
945.2018, 227.4164
945.6839, 229.3784
946.1660, 228.4540
946.6481, 226.9210
947.1302, 226.6553
947.6124, 227.6815
948.0945, 229.5186
948.5766, 232.2446
949.0587, 234.5447
949.5408, 235.1043
950.0229, 235.3029
950.5051, 236.4302
950.9872, 238.2832
951.4693, 240.6280
951.9514, 243.2233
952.4335, 245.1278
952.9156, 245.4326
953.3978, 245.5116
953.8799, 247.5579
954.3620, 250.9104
954.8441, 253.8052
955.3262, 256.1732
955.8083, 258.7863
956.2905, 261.9521
956.7726, 265.0100
957.2547, 267.1043
957.7368, 270.0569
958.2189, 272.6300
958.7010, 274.7697
959.1832, 277.6345
959.6653, 279.2015
960.1474, 281.0658
960.6295, 284.2601
961.1116, 288.1396
961.5938, 291.5393
962.0759, 294.4201
962.5580, 297.2813
963.0401, 300.2818
963.5222, 302.8975
964.0043, 304.8646
964.4865, 306.5903
964.9686, 308.2836
965.4507, 309.9752
965.9328, 311.8269
966.4149, 314.1408
966.8970, 315.7887
967.3792, 316.7116
967.8613, 316.9288
968.3434, 315.7926
968.8255, 314.4407
969.3076, 314.3409
969.7897, 315.1647
970.2719, 314.9458
970.7540, 312.5189
971.2361, 310.3702
971.7182, 309.4654
972.2003, 309.2883
972.6824, 309.9847
973.1646, 310.8841
973.6467, 310.6540
974.1288, 309.2994
974.6109, 308.7123
975.0930, 310.0755
975.5751, 312.5120
976.0573, 315.7621
976.5394, 319.2525
977.0215, 321.9496
977.5036, 324.0929
977.9857, 326.7475
978.4678, 330.2822
978.9500, 333.8658
979.4321, 336.3888
979.9142, 340.5086
980.3963, 342.7466
980.8784, 348.0362
981.3605, 352.5815
981.8427, 356.2018
982.3248, 360.2310
982.8069, 365.4049
983.2890, 371.0066
983.7711, 375.7144
984.2532, 379.8944
984.7354, 386.5074
985.2175, 395.6063
985.6996, 405.1183
986.1817, 414.4873
986.6638, 425.2134
987.1459, 438.2352
987.6281, 453.4518
988.1102, 470.6690
988.5923, 490.1198
989.0744, 510.8158
989.5565, 533.5886
990.0386, 555.3885
990.5208, 575.5225
991.0029, 593.9402
991.4850, 609.8894
991.9671, 624.0074
992.4492, 638.7667
992.9313, 653.0766
993.4135, 670.4902
993.8956, 689.8517
994.3777, 713.7976
994.8598, 741.7186
995.3419, 775.7581
995.8240, 817.5068
996.3062, 867.1039
996.7883, 925.9148
997.2704, 990.2766
997.7525, 1070.482
998.2346, 1169.878
998.7167, 1283.741
999.1989, 1413.912
999.6810, 1555.378
1000.163, 1712.248
1000.645, 1879.452
1001.127, 2016.833
1001.609, 2128.903
1002.092, 2183.677
1002.574, 2163.911
1003.056, 2086.526
1003.538, 1946.187
1004.020, 1765.657
1004.502, 1569.569
1004.984, 1367.388
1005.466, 1177.795
1005.948, 1007.814
1006.431, 859.2835
1006.913, 735.2828
1007.395, 632.1267
1007.877, 549.1411
1008.359, 483.2154
1008.841, 430.3304
1009.323, 388.5992
1009.805, 354.7592
1010.288, 327.9402
1010.770, 306.3645
1011.252, 289.1265
1011.734, 275.2272
1012.216, 263.0846
1012.698, 252.5516
1013.180, 243.9328
1013.662, 237.3600
1014.144, 232.2309
1014.627, 227.9389
1015.109, 224.6652
1015.591, 223.1285
1016.073, 222.9335
1016.555, 222.5633
1017.037, 221.9946
1017.519, 222.7411
1018.001, 225.5750
1018.484, 229.4319
1018.966, 232.7578
1019.448, 236.0112
1019.930, 241.0426
1020.412, 247.6845
1020.894, 254.6216
1021.376, 261.6026
1021.858, 269.0621
1022.340, 277.2059
1022.823, 286.3037
1023.305, 296.9510
1023.787, 309.0371
1024.269, 321.3302
1024.751, 333.7727
1025.233, 348.4754
1025.715, 365.9063
1026.197, 385.4048
1026.680, 406.7054
1027.162, 429.3228
1027.644, 452.2227
1028.126, 475.4079
1028.608, 499.5302
1029.090, 525.4800
1029.572, 547.6492
1030.054, 564.8900
1030.536, 577.8058
1031.019, 586.7886
1031.501, 591.9002
1031.983, 593.4854
1032.465, 591.7094
1032.947, 584.7694
1033.429, 571.9667
1033.911, 555.6390
1034.393, 535.6730
1034.875, 513.0950
1035.358, 487.7635
1035.840, 460.8755
1036.322, 435.1890
1036.804, 410.5038
1037.286, 387.5366
1037.768, 366.4160
1038.250, 346.7857
1038.732, 328.5446
1039.215, 311.8029
1039.697, 296.5517
1040.179, 282.8649
1040.661, 271.0395
1041.143, 261.1240
1041.625, 252.7878
1042.107, 247.0156
1042.589, 241.4624
1043.072, 235.3371
1043.554, 229.6076
1044.036, 225.1352
1044.518, 221.5822
1045.000, 218.1042
1045.482, 214.5742
1045.964, 211.5400
1046.446, 209.3103
1046.928, 207.2295
1047.411, 205.0065
1047.893, 202.9956
1048.375, 201.4176
1048.857, 200.2553
1049.339, 199.5445
1049.821, 199.4391
1050.303, 198.9817
1050.785, 197.5915
1051.267, 196.4006
1051.750, 195.6945
1052.232, 195.3924
1052.714, 195.5126
1053.196, 195.9597
1053.678, 196.6001
1054.160, 197.4588
1054.642, 198.1831
1055.124, 198.7910
1055.607, 199.1189
1056.089, 198.7329
1056.571, 198.3770
1057.053, 198.8476
1057.535, 199.7691
1058.017, 200.1435
1058.499, 199.7001
1058.981, 199.7996
1059.464, 201.4613
1059.946, 202.9531
1060.428, 203.3817
1060.910, 203.5253
1061.392, 203.8522
1061.874, 204.4861
1062.356, 205.6659
1062.838, 207.4660
1063.320, 209.0204
1063.802, 210.0989
1064.285, 210.7679
1064.767, 210.7167
1065.249, 210.5695
1065.731, 210.8327
1066.213, 211.4133
1066.695, 212.1355
1067.177, 212.9527
1067.659, 213.5015
1068.142, 213.3962
1068.624, 213.3021
1069.106, 213.5874
1069.588, 213.9578
1070.070, 214.2682
1070.552, 214.4361
1071.034, 214.3062
1071.516, 213.8728
1071.999, 213.4819
1072.481, 213.5015
1072.963, 213.2954
1073.445, 212.3882
1073.927, 211.3034
1074.409, 210.2899
1074.891, 209.4906
1075.373, 209.1234
1075.855, 209.1894
1076.338, 209.3737
1076.820, 209.8471
1077.302, 209.9214
1077.784, 209.0868
1078.266, 207.9049
1078.748, 206.3964
1079.230, 205.0572
1079.712, 204.7849
1080.194, 205.5007
1080.677, 205.9934
1081.159, 205.8759
1081.641, 205.3155
1082.123, 203.7651
1082.605, 202.4512
1083.087, 202.4100
1083.569, 203.0770
1084.052, 203.9190
1084.534, 204.6874
1085.016, 204.7627
1085.498, 203.5527
1085.980, 202.7690
1086.462, 203.5307
1086.944, 204.5543
1087.426, 205.3037
1087.908, 205.6323
1088.391, 205.2421
1088.873, 204.3242
1089.355, 203.4744
1089.837, 202.7740
1090.319, 202.5485
1090.801, 203.4131
1091.283, 204.2114
1091.765, 203.9137
1092.247, 203.5372
1092.730, 204.3821
1093.212, 206.0244
1093.694, 207.0719
1094.176, 207.1267
1094.658, 207.2092
1095.140, 207.7624
1095.622, 208.3081
1096.104, 208.7751
1096.587, 209.0108
1097.069, 208.5510
1097.551, 207.8724
1098.033, 208.0242
1098.515, 209.2168
1098.997, 210.3064
1099.479, 211.4284
1099.961, 211.7569
1100.443, 210.4727
1100.926, 208.8501
1101.408, 207.6717
1101.890, 206.8275
1102.372, 206.1662
1102.854, 205.6441
1103.336, 204.8389
1103.818, 203.4630
1104.300, 202.0920
1104.782, 200.7890
1105.265, 199.5931
1105.747, 198.3029
1106.229, 197.2698
1106.711, 197.1816
1107.193, 197.8717
1107.675, 197.9501
1108.157, 196.8770
1108.639, 195.8913
1109.122, 195.0653
1109.604, 194.4527
1110.086, 194.2246
1110.568, 194.0921
1111.050, 193.8673
1111.532, 193.5069
1112.014, 192.7802
1112.496, 191.1482
1112.979, 190.6120
1113.461, 192.0052
1113.943, 193.4793
1114.425, 195.2832
1114.907, 196.3326
1115.389, 195.2134
1115.871, 192.9967
1116.353, 192.1418
1116.835, 192.9058
1117.318, 193.5252
1117.800, 194.1347
1118.282, 194.3383
1118.764, 193.8582
1119.246, 193.2945
1119.728, 192.9760
1120.210, 192.7664
1120.692, 192.4614
1121.174, 192.0623
1121.657, 191.6734
1122.139, 191.2721
1122.621, 190.9743
1123.103, 190.9659
1123.585, 190.5592
1124.067, 189.1603
1124.549, 187.8568
1125.031, 187.9949
1125.514, 189.1935
1125.996, 189.6626
1126.478, 189.3027
1126.960, 188.8170
1127.442, 188.3758
1127.924, 186.8527
1128.406, 183.4986
1128.888, 180.6938
1129.370, 180.4966
1129.853, 181.7606
1130.335, 181.9371
1130.817, 181.0269
1131.299, 179.0141
1131.781, 175.7713
1132.263, 174.1787
1132.745, 174.9001
1133.227, 175.6850
1133.709, 175.2075
1134.192, 175.6507
1134.674, 174.5234
1135.156, 175.3657
1135.638, 175.4395
1136.120, 174.8940
1136.602, 174.9494
1137.084, 175.6948
1137.566, 176.3761
1138.049, 176.7059
1138.531, 177.2737
1139.013, 178.6350
1139.495, 180.6055
1139.977, 183.2498
1140.459, 186.0898
1140.941, 187.3865
1141.423, 187.5922
1141.906, 188.8065
1142.388, 191.4613
1142.870, 194.4733
1143.352, 197.2023
1143.834, 199.9253
1144.316, 202.9715
1144.798, 206.2291
1145.280, 209.5679
1145.762, 212.9891
1146.245, 216.3479
1146.727, 219.8092
1147.209, 224.0636
1147.691, 229.3930
1148.173, 234.6525
1148.655, 238.2558
1149.137, 242.2768
1149.619, 248.2937
1150.101, 255.8899
1150.584, 265.4684
1151.066, 275.8639
1151.548, 284.6928
1152.030, 291.7614
1152.512, 299.5660
1152.994, 309.5284
1153.476, 319.6709
1153.958, 330.2602
1154.441, 339.2778
1154.923, 345.5670
1155.405, 349.4026
1155.887, 350.8881
1156.369, 350.3324
1156.851, 348.6031
1157.333, 345.9011
1157.815, 341.8572
1158.297, 336.1460
1158.780, 329.4453
1159.262, 321.3312
1159.744, 312.9423
1160.226, 304.9164
1160.708, 297.2528
1161.190, 289.6576
1161.672, 282.0919
1162.154, 275.7779
1162.636, 271.0623
1163.119, 266.9249
1163.601, 263.1290
1164.083, 260.2417
1164.565, 258.8455
1165.047, 257.9275
1165.529, 256.4205
1166.011, 254.4998
1166.493, 252.7449
1166.976, 250.8967
1167.458, 250.6026
1167.940, 252.1012
1168.422, 254.0952
1168.904, 256.4038
1169.386, 258.4050
1169.868, 259.5839
1170.350, 260.5559
1170.833, 262.3055
1171.315, 264.7583
1171.797, 267.4766
1172.279, 270.4666
1172.761, 273.8697
1173.243, 277.6986
1173.725, 281.6537
1174.207, 285.6505
1174.689, 290.1390
1175.172, 295.4714
1175.654, 301.7246
1176.136, 309.0381
1176.618, 317.3745
1177.100, 326.7902
1177.582, 337.0216
1178.064, 347.5768
1178.546, 358.3699
1179.028, 369.7783
1179.511, 382.1093
1179.993, 393.9132
1180.475, 404.4965
1180.957, 413.5552
1181.439, 421.2531
1181.921, 427.0117
1182.403, 429.7881
1182.885, 430.1656
1183.368, 429.4472
1183.850, 427.8897
1184.332, 424.8080
1184.814, 419.4096
1185.296, 413.3824
1185.778, 406.4695
1186.260, 400.2322
1186.742, 396.0455
1187.224, 392.7284
1187.707, 388.8504
1188.189, 384.6666
1188.671, 381.3094
1189.153, 378.7916
1189.635, 377.4253
1190.117, 377.5844
1190.599, 378.3581
1191.081, 379.4507
1191.564, 381.4333
1192.046, 385.2036
1192.528, 389.3575
1193.010, 391.9203
1193.492, 393.0731
1193.974, 394.2474
1194.456, 395.2665
1194.938, 397.5681
1195.421, 401.6927
1195.903, 404.0831
1196.385, 403.4541
1196.867, 402.3915
1197.349, 402.8107
1197.831, 404.0092
1198.313, 404.9180
1198.795, 405.4425
1199.277, 404.8478
1199.760, 403.3943
1200.242, 402.8265
1200.724, 403.0379
1201.206, 401.8634
1201.688, 398.5620
1202.170, 394.6361
1202.652, 391.2269
1203.134, 388.0483
1203.616, 385.1298
1204.099, 381.9041
1204.581, 377.5695
1205.063, 372.3257
1205.545, 366.3948
1206.027, 360.0407
1206.509, 353.8456
1206.991, 348.0993
1207.473, 341.7270
1207.956, 333.5821
1208.438, 325.4714
1208.920, 318.1688
1209.402, 311.4263
1209.884, 305.1879
1210.366, 299.3079
1210.848, 293.7596
1211.330, 288.4742
1211.813, 282.9897
1212.295, 276.7818
1212.777, 271.4087
1213.259, 267.8633
1213.741, 263.4750
1214.223, 256.7434
1214.705, 250.2636
1215.187, 245.6438
1215.669, 242.6562
1216.151, 241.1651
1216.634, 241.0461
1217.116, 240.2237
1217.598, 238.6633
1218.080, 236.8401
1218.562, 234.7813
1219.044, 232.7907
1219.526, 230.9581
1220.008, 229.4769
1220.491, 228.4700
1220.973, 228.0383
1221.455, 228.7587
1221.937, 230.0158
1222.419, 230.2386
1222.901, 229.6495
1223.383, 228.6713
1223.865, 227.5617
1224.348, 226.9859
1224.830, 227.1032
1225.312, 226.9235
1225.794, 225.5389
1226.276, 224.0724
1226.758, 223.1971
1227.240, 222.7996
1227.722, 223.1686
1228.204, 223.6922
1228.687, 223.4159
1229.169, 223.6038
1229.651, 223.7441
1230.133, 223.2283
1230.615, 223.5457
1231.097, 223.0127
1231.579, 222.0148
1232.061, 219.8192
1232.543, 218.2164
1233.026, 218.3157
1233.508, 219.0763
1233.990, 219.4819
1234.472, 219.5020
1234.954, 218.9072
1235.436, 217.5500
1235.918, 216.5235
1236.400, 215.7952
1236.883, 215.8596
1237.365, 216.8545
1237.847, 217.8562
1238.329, 218.3902
1238.811, 218.4269
1239.293, 217.7884
1239.775, 216.8856
1240.257, 216.7855
1240.740, 215.7948
1241.222, 216.0836
1241.704, 214.5035
1242.186, 213.6180
1242.668, 213.5943
1243.150, 213.8652
1243.632, 214.2323
1244.114, 214.2054
1244.596, 213.0538
1245.078, 211.9179
1245.561, 211.9335
1246.043, 211.8612
1246.525, 210.2929
1247.007, 208.1397
1247.489, 206.8213
1247.971, 206.3494
1248.453, 205.9062
1248.935, 205.5432
1249.418, 204.8708
1249.900, 203.7475
1250.382, 202.5307
1250.864, 201.0210
1251.346, 200.1131
1251.828, 200.6052
1252.310, 201.2304
1252.792, 200.1416
1253.275, 200.3100
1253.757, 197.4158
1254.239, 198.3454
1254.721, 197.0958
1255.203, 193.8935
1255.685, 192.2089
1256.167, 192.6176
1256.649, 192.8281
1257.131, 191.6377
1257.614, 190.4077
1258.096, 190.8783
1258.578, 191.5168
1259.060, 190.3576
1259.542, 188.4642
1260.024, 186.6510
1260.506, 185.3695
1260.988, 185.5123
1261.470, 186.7701
1261.953, 187.4977
1262.435, 187.1527
1262.917, 186.7941
1263.399, 186.5479
1263.881, 186.5225
1264.363, 186.8836
1264.845, 187.3179
1265.327, 187.7762
1265.810, 188.0900
1266.292, 187.9396
1266.774, 187.5516
1267.256, 187.9151
1267.738, 189.1289
1268.220, 190.0827
1268.702, 190.7747
1269.184, 191.0687
1269.667, 190.9528
1270.149, 190.8759
1270.631, 191.0456
1271.113, 191.4651
1271.595, 192.2446
1272.077, 193.0062
1272.559, 193.1082
1273.041, 192.8901
1273.523, 192.7259
1274.005, 192.6999
1274.488, 193.0598
1274.970, 193.6221
1275.452, 193.7763
1275.934, 193.3588
1276.416, 193.0003
1276.898, 192.7139
1277.380, 192.8575
1277.862, 194.0228
1278.345, 195.0247
1278.827, 195.2577
1279.309, 195.0972
1279.791, 194.4291
1280.273, 193.9083
1280.755, 195.1745
1281.237, 198.1970
1281.719, 200.2322
1282.202, 201.1938
1282.684, 202.4221
1283.166, 204.0463
1283.648, 205.1530
1284.130, 205.4950
1284.612, 206.4542
1285.094, 209.0567
1285.576, 212.1362
1286.058, 214.1566
1286.541, 215.8156
1287.023, 217.9900
##END=



