##NAMES=Pascoite
##RRUFFID=R060574
##IDEAL CHEMISTRY=Ca_3_V^5+^_10_O_28_&#183;17H_2_O
##LOCALITY=Arrowhead Claim, Slick Rock, San Miguel County, Colorado, USA
##OWNER=RRUFF
##SOURCE=Michael Scott
##DESCRIPTION=Orange vitreous crust
##STATUS=The identification of this mineral has been confirmed by single-crystal X-ray diffraction.
##URL=rruff.info/R060574
125.385, 8999.024
125.867, 9942.859
126.349, 10879.480
126.831, 11798.190
127.313, 12709.780
127.796, 13639.660
128.278, 14577.820
128.760, 15543.800
129.242, 16578.990
129.724, 17718.789
130.206, 18843.689
130.688, 19955.289
131.170, 21020.150
131.652, 21984.100
132.135, 22788.660
132.617, 23479.480
133.099, 24203.199
133.581, 24921.850
134.063, 25750.600
134.545, 26704.051
135.027, 27782.131
135.509, 28980.881
135.992, 30283.199
136.474, 31704.211
136.956, 33306.539
137.438, 35148.039
137.920, 37148.289
138.402, 39270.289
138.884, 41524.059
139.366, 43895.480
139.848, 46427.039
140.331, 49117.949
140.813, 51724.020
141.295, 54353.711
141.777, 56777.488
142.259, 58921.891
142.741, 60772.219
143.223, 62325.090
143.705, 63584.078
144.188, 64541.699
144.670, 65193.840
145.152, 65481.648
145.634, 65533.770
146.116, 65343.961
146.598, 64945.020
147.080, 64413.910
147.562, 63815.949
148.044, 63127.590
148.527, 62461.852
149.009, 61799.090
149.491, 61170.031
149.973, 60559.551
150.455, 59986.012
150.937, 59498.430
151.419, 59161.211
151.901, 58999.750
152.383, 58945.371
152.866, 59031.891
153.348, 59180.480
153.830, 59341.059
154.312, 59505.012
154.794, 59697.328
155.276, 59958.211
155.758, 60346.109
156.240, 60674.762
156.723, 61012.980
157.205, 61257.102
157.687, 61346.109
158.169, 61260.852
158.651, 60991.750
159.133, 60526.629
159.615, 59840.391
160.097, 58940.238
160.579, 57807.828
161.062, 56474.102
161.544, 54951.461
162.026, 53242.770
162.508, 51399.559
162.990, 49512.391
163.472, 47512.770
163.954, 45562.328
164.436, 43652.641
164.919, 41796.301
165.401, 39982.738
165.883, 38221.328
166.365, 36520.039
166.847, 34928.711
167.329, 33464.949
167.811, 32078.910
168.293, 30759.820
168.775, 29513.230
169.258, 28356.980
169.740, 27297.410
170.222, 26315.150
170.704, 25379.369
171.186, 24471.250
171.668, 23650.029
172.150, 22965.420
172.632, 22363.689
173.115, 21774.180
173.597, 21171.490
174.079, 20583.730
174.561, 20059.801
175.043, 19601.551
175.525, 19191.740
176.007, 18836.369
176.489, 18526.859
176.971, 18253.381
177.454, 18013.340
177.936, 17805.301
178.418, 17632.090
178.900, 17498.311
179.382, 17372.971
179.864, 17232.881
180.346, 17098.240
180.828, 17003.420
181.311, 16960.689
181.793, 16955.400
182.275, 16970.680
182.757, 17009.740
183.239, 17047.631
183.721, 17062.779
184.203, 17074.080
184.685, 17120.881
185.167, 17220.990
185.650, 17343.061
186.132, 17427.461
186.614, 17465.891
187.096, 17519.461
187.578, 17619.760
188.060, 17745.471
188.542, 17861.240
189.024, 17960.500
189.507, 18038.520
189.989, 18084.711
190.471, 18100.840
190.953, 18099.051
191.435, 18088.039
191.917, 18060.980
192.399, 18002.820
192.881, 17906.391
193.363, 17786.080
193.846, 17663.270
194.328, 17543.221
194.810, 17397.561
195.292, 17194.381
195.774, 16963.580
196.256, 16764.471
196.738, 16617.500
197.220, 16485.109
197.702, 16311.410
198.185, 16096.580
198.667, 15884.090
199.149, 15679.880
199.631, 15487.820
200.113, 15317.420
200.595, 15174.700
201.077, 15043.510
201.559, 14903.850
202.042, 14754.360
202.524, 14612.430
203.006, 14478.890
203.488, 14356.520
203.970, 14254.980
204.452, 14179.530
204.934, 14111.270
205.416, 14021.710
205.898, 13911.660
206.381, 13821.230
206.863, 13772.640
207.345, 13745.240
207.827, 13706.420
208.309, 13647.800
208.791, 13594.100
209.273, 13578.400
209.755, 13597.280
210.238, 13611.930
210.720, 13613.990
211.202, 13607.680
211.684, 13591.140
212.166, 13561.540
212.648, 13543.840
213.130, 13564.210
213.612, 13620.450
214.094, 13693.610
214.577, 13796.550
215.059, 13907.140
215.541, 13994.920
216.023, 14055.970
216.505, 14120.550
216.987, 14220.170
217.469, 14350.870
217.951, 14469.920
218.434, 14547.750
218.916, 14628.150
219.398, 14753.580
219.880, 14926.230
220.362, 15117.560
220.844, 15305.650
221.326, 15494.800
221.808, 15711.260
222.290, 15971.870
222.773, 16246.920
223.255, 16505.330
223.737, 16749.189
224.219, 17022.539
224.701, 17355.301
225.183, 17747.080
225.665, 18164.820
226.147, 18524.400
226.630, 18980.689
227.112, 19652.070
227.594, 20514.891
228.076, 21471.230
228.558, 22514.869
229.040, 23594.240
229.522, 24482.359
230.004, 25055.400
230.486, 25583.189
230.969, 26123.170
231.451, 26701.430
231.933, 27402.789
232.415, 28278.510
232.897, 29295.830
233.379, 30344.350
233.861, 31426.680
234.343, 32529.490
234.826, 33689.762
235.308, 34859.070
235.790, 35933.730
236.272, 36858.711
236.754, 37679.570
237.236, 38506.262
237.718, 39412.121
238.200, 40208.621
238.682, 40878.699
239.165, 41414.570
239.647, 41808.160
240.129, 42055.898
240.611, 42166.590
241.093, 42155.090
241.575, 42046.230
242.057, 41757.270
242.539, 41193.699
243.021, 40487.238
243.504, 39767.840
243.986, 39069.410
244.468, 38356.449
244.950, 37576.629
245.432, 36678.051
245.914, 35823.980
246.396, 35043.359
246.878, 34284.488
247.361, 33500.852
247.843, 32693.570
248.325, 31888.520
248.807, 31124.570
249.289, 30404.260
249.771, 29710.150
250.253, 29049.520
250.735, 28401.859
251.217, 27751.980
251.700, 27102.670
252.182, 26464.609
252.664, 25840.039
253.146, 25228.260
253.628, 24671.211
254.110, 24228.619
254.592, 23774.539
255.074, 23240.420
255.557, 22656.971
256.039, 22095.400
256.521, 21599.650
257.003, 21169.160
257.485, 20785.811
257.967, 20363.410
258.449, 20089.180
258.931, 19962.549
259.413, 19844.311
259.896, 19739.170
260.378, 19647.127
260.860, 19568.205
261.342, 19502.393
261.824, 19449.686
262.306, 19410.086
262.788, 19383.594
263.270, 19370.207
263.753, 19369.930
264.235, 19382.760
264.717, 19408.699
265.199, 19447.742
265.681, 19499.895
266.163, 19565.164
266.645, 19643.535
267.127, 19735.006
267.609, 19839.590
268.091, 19952.301
268.574, 20065.500
269.056, 20229.859
269.538, 20445.150
270.020, 20717.910
270.502, 21079.631
270.984, 21481.430
271.466, 21899.551
271.948, 22336.750
272.431, 22807.539
272.913, 23331.580
273.395, 23909.240
273.877, 24485.270
274.359, 25046.000
274.841, 25626.141
275.323, 26246.631
275.805, 26898.551
276.288, 27551.830
276.770, 28198.250
277.252, 28832.609
277.734, 29439.010
278.216, 30020.051
278.698, 30559.990
279.180, 31067.199
279.662, 31527.131
280.144, 31912.670
280.627, 32210.920
281.109, 32431.180
281.591, 32592.359
282.073, 32697.090
282.555, 32709.580
283.037, 32578.340
283.519, 32352.359
284.001, 32109.270
284.483, 31864.990
284.966, 31585.471
285.448, 31230.551
285.930, 30810.369
286.412, 30384.500
286.894, 29981.000
287.376, 29573.270
287.858, 29121.090
288.340, 28616.010
288.823, 28108.490
289.305, 27615.529
289.787, 27132.980
290.269, 26649.189
290.751, 26161.131
291.233, 25677.100
291.715, 25203.561
292.197, 24735.330
292.680, 24318.869
293.162, 23982.119
293.644, 23686.289
294.126, 23406.119
294.608, 23136.170
295.090, 22867.490
295.572, 22586.270
296.054, 22293.279
296.536, 22045.000
297.018, 21863.080
297.501, 21702.471
297.983, 21543.689
298.465, 21387.580
298.947, 21243.869
299.429, 21118.250
299.911, 21008.211
300.393, 20901.811
300.875, 20818.230
301.358, 20714.971
301.840, 20545.170
302.322, 20363.580
302.804, 20258.980
303.286, 20266.330
303.768, 20314.439
304.250, 20252.029
304.732, 20006.779
305.215, 19763.850
305.697, 19504.551
306.179, 19266.381
306.661, 19088.561
307.143, 18971.180
307.625, 18869.311
308.107, 18726.930
308.589, 18533.660
309.071, 18356.471
309.554, 18203.631
310.036, 18060.230
310.518, 17925.070
311.000, 17795.391
311.482, 17667.520
311.964, 17539.199
312.446, 17409.859
312.928, 17280.391
313.410, 17140.891
313.893, 17019.529
314.375, 16936.381
314.857, 16872.461
315.339, 16801.061
315.821, 16707.539
316.303, 16610.801
316.785, 16541.150
317.267, 16501.789
317.750, 16468.260
318.232, 16433.520
318.714, 16400.600
319.196, 16372.600
319.678, 16350.300
320.160, 16330.620
320.642, 16312.910
321.124, 16296.350
321.607, 16274.560
322.089, 16240.270
322.571, 16211.380
323.053, 16218.230
323.535, 16258.230
324.017, 16281.380
324.499, 16253.860
324.981, 16210.760
325.463, 16195.220
325.945, 16211.500
326.428, 16238.340
326.910, 16252.090
327.392, 16257.560
327.874, 16313.450
328.356, 16454.529
328.838, 16610.330
329.320, 16790.660
329.802, 16960.551
330.285, 17038.150
330.767, 16983.029
331.249, 16805.420
331.731, 16538.869
332.213, 16020.320
332.695, 15618.080
333.177, 15424.260
333.659, 15330.070
334.142, 15237.550
334.624, 15116.650
335.106, 14981.100
335.588, 14851.940
336.070, 14736.790
336.552, 14605.980
337.034, 14439.880
337.516, 14277.380
337.999, 14142.040
338.481, 14029.230
338.963, 13917.970
339.445, 13793.590
339.927, 13656.610
340.409, 13508.810
340.891, 13324.220
341.373, 13168.260
341.855, 13076.820
342.337, 13016.200
342.820, 12931.030
343.302, 12787.520
343.784, 12649.220
344.266, 12537.068
344.748, 12489.683
345.230, 12426.580
345.712, 12348.595
346.194, 12211.162
346.677, 12149.450
347.159, 12029.690
347.641, 11951.980
348.123, 11893.800
348.605, 11845.680
349.087, 11776.960
349.569, 11676.490
350.051, 11572.920
350.534, 11493.190
351.016, 11434.170
351.498, 11382.150
351.980, 11347.960
352.462, 11310.200
352.944, 11238.640
353.426, 11139.860
353.908, 11060.630
354.390, 11035.120
354.873, 11047.710
355.355, 11023.440
355.837, 10934.130
356.319, 10850.500
356.801, 10794.200
357.283, 10750.700
357.765, 10696.780
358.247, 10625.270
358.729, 10554.980
359.212, 10517.570
359.694, 10536.820
360.176, 10529.590
360.658, 10481.120
361.140, 10423.230
361.622, 10367.600
362.104, 10318.280
362.586, 10279.050
363.069, 10253.760
363.551, 10241.370
364.033, 10230.790
364.515, 10223.890
364.997, 10216.210
365.479, 10202.790
365.961, 10189.370
366.443, 10184.400
366.926, 10192.210
367.408, 10203.060
367.890, 10200.690
368.372, 10183.170
368.854, 10173.800
369.336, 10183.560
369.818, 10198.320
370.300, 10204.520
370.782, 10202.120
371.264, 10201.800
371.747, 10212.870
372.229, 10228.950
372.711, 10233.350
373.193, 10221.880
373.675, 10218.310
374.157, 10247.770
374.639, 10303.150
375.121, 10339.190
375.604, 10333.740
376.086, 10328.090
376.568, 10350.870
377.050, 10391.780
377.532, 10423.830
378.014, 10434.850
378.496, 10432.520
378.978, 10433.290
379.461, 10438.980
379.943, 10445.170
380.425, 10446.120
380.907, 10451.400
381.389, 10466.750
381.871, 10493.930
382.353, 10533.360
382.835, 10584.360
383.317, 10646.830
383.800, 10731.500
384.282, 10730.475
384.764, 10828.508
385.246, 10902.498
385.728, 10953.730
386.210, 10947.070
386.692, 10972.880
387.174, 11034.590
387.656, 11095.460
388.139, 11153.790
388.621, 11221.810
389.103, 11315.720
389.585, 11410.350
390.067, 11477.780
390.549, 11518.280
391.031, 11570.350
391.513, 11665.510
391.996, 11786.640
392.478, 11890.380
392.960, 11967.400
393.442, 12059.180
393.924, 12209.280
394.406, 12402.060
394.888, 12559.990
395.370, 12648.160
395.853, 12730.570
396.335, 12835.670
396.817, 12960.730
397.299, 13102.970
397.781, 13263.380
398.263, 13426.900
398.745, 13565.000
399.227, 13659.840
399.709, 13762.170
400.191, 13878.700
400.674, 13996.180
401.156, 14104.620
401.638, 14204.830
402.120, 14305.460
402.602, 14418.580
403.084, 14539.430
403.566, 14623.740
404.048, 14653.520
404.531, 14669.740
405.013, 14682.890
405.495, 14689.490
405.977, 14683.490
406.459, 14662.490
406.941, 14636.880
407.423, 14623.430
407.905, 14621.690
408.388, 14601.680
408.870, 14551.150
409.352, 14491.180
409.834, 14430.450
410.316, 14372.160
410.798, 14338.510
411.280, 14352.310
411.762, 14385.070
412.244, 14403.730
412.727, 14408.970
413.209, 14417.040
413.691, 14432.460
414.173, 14459.760
414.655, 14517.060
415.137, 14607.000
415.619, 14714.990
416.101, 14808.100
416.583, 14932.350
417.066, 15077.590
417.548, 15296.216
418.030, 15497.024
418.512, 15681.019
418.994, 15797.620
419.476, 16001.190
419.958, 16169.914
420.440, 16337.196
420.922, 16553.008
421.405, 16679.441
421.887, 16889.730
422.369, 17004.211
422.851, 17182.350
423.333, 17338.850
423.815, 17472.779
424.297, 17598.340
424.780, 17734.400
425.262, 17846.949
425.744, 17910.779
426.226, 17927.340
426.708, 17913.090
427.190, 17871.430
427.672, 17805.859
428.154, 17723.711
428.636, 17625.680
429.118, 17502.449
429.601, 17359.350
430.083, 17181.830
430.565, 16915.650
431.047, 16377.550
431.529, 16012.960
432.011, 15696.208
432.493, 15452.175
432.975, 15190.416
433.458, 14912.007
433.940, 14566.880
434.422, 14307.910
434.904, 14014.424
435.386, 13738.030
435.868, 13273.600
436.350, 12902.710
436.832, 12627.770
437.315, 12419.110
437.797, 12236.140
438.279, 12059.300
438.761, 11900.800
439.243, 11789.460
439.725, 11731.900
440.207, 11662.040
440.689, 11549.040
441.171, 11438.260
441.654, 11374.920
442.136, 11353.750
442.618, 11320.610
443.100, 11232.850
443.582, 11130.880
444.064, 11070.150
444.546, 11050.310
445.028, 11037.960
445.510, 11016.360
445.993, 10987.580
446.475, 10958.900
446.957, 10933.430
447.439, 10902.570
447.921, 10851.730
448.403, 10802.530
448.885, 10784.010
449.367, 10795.970
449.849, 10806.630
450.332, 10781.810
450.814, 10721.730
451.296, 10685.560
451.778, 10685.590
452.260, 10696.340
452.742, 10724.220
453.224, 10753.790
453.707, 10763.730
454.189, 10746.260
454.671, 10722.950
455.153, 10717.540
455.635, 10729.070
456.117, 10734.700
456.599, 10700.460
457.081, 10713.777
457.563, 10748.457
458.046, 10777.952
458.528, 10802.540
459.010, 10807.531
459.492, 10837.830
459.974, 10857.983
460.456, 10877.721
460.938, 10911.582
461.420, 10919.419
461.902, 10953.061
462.385, 10976.398
462.867, 10997.350
463.349, 11004.890
463.831, 11016.490
464.313, 11028.030
464.795, 11030.680
465.277, 11030.960
465.759, 11048.930
466.241, 11102.420
466.724, 11172.690
467.206, 11200.270
467.688, 11169.040
468.170, 11145.700
468.652, 11152.960
469.134, 11171.320
469.616, 11190.000
470.098, 11207.660
470.581, 11217.240
471.063, 11209.250
471.545, 11192.750
472.027, 11185.580
472.509, 11188.630
472.991, 11184.710
473.473, 11160.690
473.955, 11122.710
474.438, 11095.060
474.920, 11056.710
475.402, 11032.149
475.884, 11031.566
476.366, 11025.166
476.848, 11013.257
477.330, 10979.343
477.812, 10973.844
478.294, 10956.957
478.777, 10939.601
479.259, 10938.102
479.741, 10907.387
480.223, 10905.637
480.705, 10892.325
481.187, 10884.304
481.669, 10864.821
482.151, 10848.580
482.634, 10860.520
483.116, 10850.820
483.598, 10825.340
484.080, 10808.420
484.562, 10807.260
485.044, 10796.350
485.526, 10745.490
486.008, 10664.920
486.490, 10618.810
486.973, 10644.510
487.455, 10664.290
487.937, 10635.710
488.419, 10585.630
488.901, 10555.100
489.383, 10555.080
489.865, 10568.540
490.347, 10575.990
490.829, 10577.360
491.312, 10572.630
491.794, 10566.910
492.276, 10548.300
492.758, 10499.300
493.240, 10439.980
493.722, 10399.680
494.204, 10390.770
494.686, 10393.390
495.168, 10388.390
495.651, 10375.740
496.133, 10351.790
496.615, 10308.460
497.097, 10271.130
497.579, 10269.170
498.061, 10295.800
498.543, 10309.470
499.026, 10305.040
499.508, 10288.150
499.990, 10245.920
500.472, 10196.560
500.954, 10176.160
501.436, 10196.180
501.918, 10235.250
502.400, 10264.690
502.882, 10283.870
503.365, 10296.350
503.847, 10295.470
504.329, 10294.700
504.811, 10303.010
505.293, 10313.030
505.775, 10309.970
506.257, 10285.460
506.739, 10259.820
507.221, 10260.580
507.704, 10285.300
508.186, 10309.210
508.668, 10327.130
509.150, 10345.630
509.632, 10373.650
510.114, 10409.190
510.596, 10437.000
511.078, 10454.940
511.560, 10465.630
512.043, 10462.610
512.525, 10455.030
513.007, 10457.860
513.489, 10476.110
513.971, 10507.300
514.453, 10551.330
514.935, 10613.710
515.417, 10658.020
515.899, 10683.260
516.382, 10689.500
516.864, 10656.750
517.346, 10611.050
517.828, 10593.060
518.310, 10619.190
518.792, 10661.990
519.274, 10693.230
519.756, 10716.060
520.239, 10747.660
520.721, 10793.730
521.203, 10837.460
521.685, 10862.870
522.167, 10871.030
522.649, 10884.950
523.131, 10913.860
523.613, 10937.850
524.096, 10942.850
524.578, 10941.230
525.060, 10952.110
525.542, 10979.250
526.024, 11008.440
526.506, 11022.000
526.988, 11019.220
527.470, 11026.920
527.953, 11061.440
528.435, 11081.710
528.917, 11059.870
529.399, 11024.040
529.881, 11008.350
530.363, 11021.410
530.845, 11045.360
531.327, 11076.260
531.809, 11106.890
532.292, 11115.050
532.774, 11097.530
533.256, 11088.480
533.738, 11117.190
534.220, 11174.620
534.702, 11205.500
535.184, 11175.100
535.666, 11166.360
536.148, 11211.060
536.631, 11268.040
537.113, 11301.570
537.595, 11307.820
538.077, 11302.130
538.559, 11295.540
539.041, 11287.960
539.523, 11279.250
540.005, 11269.010
540.487, 11258.840
540.970, 11250.970
541.452, 11242.080
541.934, 11228.210
542.416, 11209.040
542.898, 11188.750
543.380, 11176.030
543.862, 11158.110
544.344, 11117.280
544.826, 11057.680
545.309, 11000.660
545.791, 10957.980
546.273, 10920.790
546.755, 10866.550
547.237, 10779.160
547.719, 10707.910
548.201, 10659.030
548.683, 10618.800
549.166, 10588.570
549.648, 10560.710
550.130, 10520.620
550.612, 10461.170
551.094, 10385.950
551.576, 10285.190
552.058, 10165.340
552.540, 10081.770
553.023, 10053.650
553.505, 10048.230
553.987, 10041.200
554.469, 10031.820
554.951, 9992.977
555.433, 9907.487
555.915, 9811.839
556.397, 9703.205
556.880, 9600.539
557.362, 9537.183
557.844, 9518.509
558.326, 9506.720
558.808, 9452.709
559.290, 9357.881
559.772, 9296.384
560.254, 9286.320
560.736, 9274.083
561.219, 9236.126
561.701, 9182.739
562.183, 9121.118
562.665, 9048.254
563.147, 8985.983
563.629, 8952.811
564.111, 8931.624
564.593, 8899.071
565.075, 8854.949
565.558, 8814.122
566.040, 8787.158
566.522, 8767.558
567.004, 8733.220
567.486, 8662.347
567.968, 8617.291
568.450, 8624.448
568.932, 8633.784
569.414, 8619.257
569.897, 8581.926
570.379, 8530.233
570.861, 8457.941
571.343, 8390.004
571.825, 8367.459
572.307, 8383.896
572.789, 8396.247
573.271, 8395.606
573.753, 8381.138
574.236, 8346.648
574.718, 8290.380
575.200, 8253.414
575.682, 8250.260
576.164, 8248.536
576.646, 8239.583
577.128, 8225.232
577.610, 8206.379
578.093, 8184.182
578.575, 8163.701
579.057, 8150.079
579.539, 8142.744
580.021, 8139.248
580.503, 8142.463
580.985, 8138.688
581.467, 8113.683
581.950, 8083.315
582.432, 8075.030
582.914, 8094.583
583.396, 8107.718
583.878, 8096.927
584.360, 8081.831
584.842, 8078.355
585.324, 8085.775
585.807, 8101.860
586.289, 8126.634
586.771, 8146.172
587.253, 8125.226
587.735, 8046.859
588.217, 7999.119
588.699, 8009.198
589.181, 8024.131
589.664, 8018.424
590.146, 7997.829
590.628, 7972.752
591.110, 7940.969
591.592, 7916.164
592.074, 7911.469
592.556, 7919.305
593.038, 7925.873
593.520, 7929.110
594.003, 7934.656
594.485, 7947.783
594.967, 7966.529
595.449, 7978.904
595.931, 7982.764
596.413, 7983.242
596.895, 7984.930
597.377, 7980.477
597.859, 7959.715
598.342, 7926.603
598.824, 7898.214
599.306, 7880.292
599.788, 7874.670
600.270, 7890.341
600.752, 7922.567
601.234, 7947.147
601.716, 7957.005
602.198, 7958.634
602.681, 7959.653
603.163, 7960.834
603.645, 7952.564
604.127, 7922.776
604.609, 7899.281
605.091, 7888.781
605.573, 7888.229
606.055, 7898.004
606.537, 7916.208
607.020, 7931.032
607.502, 7924.927
607.984, 7909.075
608.466, 7920.761
608.948, 7961.581
609.430, 7984.554
609.912, 7963.188
610.394, 7925.825
610.877, 7919.486
611.359, 7955.545
611.841, 7980.290
612.323, 7985.153
612.805, 7986.104
613.287, 7993.180
613.769, 8000.995
614.251, 7995.415
614.734, 7972.420
615.216, 7954.058
615.698, 7975.945
616.180, 8029.600
616.662, 8051.955
617.144, 8032.754
617.626, 8018.342
618.108, 8038.252
618.591, 8075.421
619.073, 8089.934
619.555, 8071.612
620.037, 8063.117
620.519, 8079.837
621.001, 8101.083
621.483, 8110.632
621.965, 8112.618
622.447, 8120.944
622.930, 8142.532
623.412, 8166.383
623.894, 8170.470
624.376, 8155.079
624.858, 8161.313
625.340, 8203.154
625.822, 8239.810
626.304, 8237.324
626.786, 8212.868
627.269, 8214.719
627.751, 8260.706
628.233, 8297.519
628.715, 8301.296
629.197, 8297.623
629.679, 8312.024
630.161, 8340.621
630.643, 8362.493
631.125, 8364.917
631.608, 8358.257
632.090, 8358.003
632.572, 8362.874
633.054, 8395.947
633.536, 8477.728
634.018, 8555.418
634.500, 8593.362
634.982, 8598.272
635.464, 8585.876
635.947, 8528.314
636.429, 8501.604
636.911, 8555.090
637.393, 8634.871
637.875, 8686.604
638.357, 8709.958
638.839, 8736.675
639.321, 8789.604
639.804, 8849.458
640.286, 8866.239
640.768, 8832.749
641.250, 8820.431
641.732, 8846.524
642.214, 8883.940
642.696, 8915.389
643.178, 8942.124
643.661, 8967.984
644.143, 8985.198
644.625, 9013.367
645.107, 9068.098
645.589, 9131.347
646.071, 9188.003
646.553, 9234.834
647.035, 9270.869
647.518, 9294.460
648.000, 9310.173
648.482, 9325.294
648.964, 9338.787
649.446, 9366.058
649.928, 9415.426
650.410, 9468.260
650.892, 9502.233
651.374, 9526.203
651.857, 9574.303
652.339, 9601.480
652.821, 9639.044
653.303, 9716.380
653.785, 9784.045
654.267, 9842.587
654.749, 9864.648
655.231, 9933.816
655.713, 9988.452
656.196, 10042.440
656.678, 10087.730
657.160, 10123.690
657.642, 10172.570
658.124, 10241.020
658.606, 10316.760
659.088, 10393.690
659.570, 10470.110
660.052, 10537.630
660.535, 10587.630
661.017, 10640.640
661.499, 10697.440
661.981, 10761.550
662.463, 10842.930
662.945, 10935.640
663.427, 11014.520
663.909, 11058.180
664.391, 11106.500
664.874, 11178.074
665.356, 11287.536
665.838, 11387.804
666.320, 11479.360
666.802, 11536.116
667.284, 11637.799
667.766, 11721.507
668.248, 11804.441
668.731, 11912.460
669.213, 11990.990
669.695, 12095.590
670.177, 12228.310
670.659, 12360.140
671.141, 12485.910
671.623, 12604.790
672.105, 12713.160
672.588, 12824.510
673.070, 12955.190
673.552, 13101.860
674.034, 13252.730
674.516, 13407.440
674.998, 13554.630
675.480, 13685.200
675.962, 13806.110
676.445, 13939.820
676.927, 14095.250
677.409, 14249.180
677.891, 14396.990
678.373, 14548.770
678.855, 14719.440
679.337, 14895.900
679.819, 15049.430
680.301, 15168.390
680.784, 15284.250
681.266, 15417.410
681.748, 15566.930
682.230, 15745.020
682.712, 15945.900
683.194, 16123.320
683.676, 16251.870
684.158, 16346.750
684.640, 16435.350
685.123, 16506.369
685.605, 16610.211
686.087, 16774.260
686.569, 16937.760
687.051, 17079.510
687.533, 17205.881
688.015, 17324.811
688.497, 17436.490
688.979, 17546.779
689.462, 17664.770
689.944, 17777.670
690.426, 17874.359
690.908, 17955.400
691.390, 18021.539
691.872, 18073.250
692.354, 18123.439
692.836, 18194.500
693.318, 18285.740
693.801, 18345.779
694.283, 18368.070
694.765, 18376.580
695.247, 18375.619
695.729, 18368.289
696.211, 18356.490
696.693, 18339.410
697.175, 18329.000
697.658, 18337.520
698.140, 18341.580
698.622, 18342.971
699.104, 18326.230
699.586, 18266.881
700.068, 18163.260
700.550, 18038.721
701.032, 17905.789
701.515, 17772.131
701.997, 17662.500
702.479, 17576.250
702.961, 17476.420
703.443, 17345.250
703.925, 17223.570
704.407, 17166.141
704.889, 17168.789
705.372, 17098.949
705.854, 16886.570
706.336, 16696.619
706.818, 16564.221
707.300, 16449.891
707.782, 16324.330
708.264, 16188.720
708.746, 16059.930
709.228, 15950.250
709.711, 15840.010
710.193, 15707.600
710.675, 15559.840
711.157, 15407.420
711.639, 15253.310
712.121, 15108.280
712.603, 14982.150
713.085, 14866.020
713.567, 14735.180
714.050, 14582.860
714.532, 14437.320
715.014, 14301.490
715.496, 14170.300
715.978, 14034.540
716.460, 13903.310
716.942, 13796.990
717.424, 13731.760
717.906, 13645.310
718.389, 13504.460
718.871, 13342.940
719.353, 13178.080
719.835, 13017.890
720.317, 12876.220
720.799, 12758.200
721.281, 12643.830
721.763, 12501.370
722.245, 12339.230
722.728, 12210.150
723.210, 12117.670
723.692, 12023.630
724.174, 11913.180
724.656, 11794.230
725.138, 11677.250
725.620, 11562.990
726.102, 11441.310
726.585, 11299.600
727.067, 11166.810
727.549, 11054.040
728.031, 10949.980
728.513, 10844.500
728.995, 10736.570
729.477, 10631.910
729.959, 10534.250
730.442, 10440.340
730.924, 10349.810
731.406, 10260.470
731.888, 10164.940
732.370, 10062.880
732.852, 9965.171
733.334, 9880.041
733.816, 9804.564
734.299, 9727.703
734.781, 9646.845
735.263, 9575.740
735.745, 9522.188
736.227, 9467.789
736.709, 9399.729
737.191, 9322.225
737.673, 9244.639
738.155, 9161.706
738.638, 9090.863
739.120, 9043.279
739.602, 9002.512
740.084, 8963.888
740.566, 8921.820
741.048, 8862.796
741.530, 8782.542
742.012, 8710.076
742.494, 8687.149
742.977, 8690.806
743.459, 8659.831
743.941, 8595.565
744.423, 8530.512
744.905, 8475.540
745.387, 8430.771
745.869, 8398.316
746.351, 8378.938
746.833, 8347.485
747.316, 8292.246
747.798, 8244.284
748.280, 8217.284
748.762, 8193.419
749.244, 8154.421
749.726, 8104.600
750.208, 8069.279
750.690, 8071.584
751.172, 8067.763
751.655, 8025.522
752.137, 7971.758
752.619, 7935.629
753.101, 7919.052
753.583, 7915.198
754.065, 7923.134
754.547, 7923.801
755.029, 7876.552
755.512, 7790.650
755.994, 7732.211
756.476, 7708.974
756.958, 7689.204
757.440, 7654.858
757.922, 7617.596
758.404, 7602.290
758.886, 7618.735
759.369, 7620.743
759.851, 7594.298
760.333, 7569.950
760.815, 7563.455
761.297, 7558.225
761.779, 7534.432
762.261, 7491.243
762.743, 7447.697
763.226, 7400.748
763.708, 7367.263
764.190, 7367.352
764.672, 7385.411
765.154, 7400.384
765.636, 7407.083
766.118, 7407.513
766.600, 7404.549
767.082, 7392.268
767.565, 7346.789
768.047, 7271.110
768.529, 7233.839
769.011, 7249.281
769.493, 7274.952
769.975, 7287.008
770.457, 7287.765
770.939, 7283.840
771.421, 7280.503
771.904, 7259.722
772.386, 7195.197
772.868, 7143.895
773.350, 7135.746
773.832, 7147.620
774.314, 7147.638
774.796, 7131.185
775.278, 7113.583
775.760, 7125.247
776.243, 7129.807
776.725, 7127.645
777.207, 7098.625
777.689, 7104.285
778.171, 7096.048
778.653, 7087.241
779.135, 7097.782
779.617, 7072.669
780.099, 7082.904
780.582, 7076.444
781.064, 7060.621
781.546, 7037.668
782.028, 7020.686
782.510, 7020.412
782.992, 7030.265
783.474, 7030.795
783.956, 7017.240
784.439, 7005.668
784.921, 6996.009
785.403, 6988.383
785.885, 6980.833
786.367, 6976.240
786.849, 6978.655
787.331, 6988.619
787.813, 7002.142
788.295, 7025.999
788.778, 7044.347
789.260, 7046.126
789.742, 7036.425
790.224, 7022.042
790.706, 7004.447
791.188, 6980.643
791.670, 6943.876
792.153, 6908.474
792.635, 6902.092
793.117, 6918.183
793.599, 6931.381
794.081, 6937.796
794.563, 6928.790
795.045, 6895.299
795.527, 6853.125
796.009, 6841.950
796.492, 6872.732
796.974, 6888.845
797.456, 6885.775
797.938, 6876.117
798.420, 6863.561
798.902, 6847.869
799.384, 6826.220
799.866, 6797.481
800.348, 6778.454
800.831, 6773.312
801.313, 6775.492
801.795, 6788.497
802.277, 6803.416
802.759, 6813.858
803.241, 6817.736
803.723, 6811.293
804.205, 6788.313
804.688, 6764.955
805.170, 6762.282
805.652, 6767.958
806.134, 6754.308
806.616, 6724.285
807.098, 6708.005
807.580, 6720.573
808.062, 6744.144
808.544, 6751.333
809.027, 6742.988
809.509, 6738.062
809.991, 6738.185
810.473, 6729.813
810.955, 6704.327
811.437, 6677.057
811.919, 6665.577
812.401, 6669.578
812.883, 6675.048
813.366, 6693.999
813.848, 6696.177
814.330, 6661.682
814.812, 6625.970
815.294, 6617.650
815.776, 6624.652
816.258, 6613.000
816.740, 6565.507
817.222, 6532.210
817.705, 6544.098
818.187, 6569.625
818.669, 6589.879
819.151, 6601.928
819.633, 6601.928
820.115, 6590.046
820.597, 6577.598
821.080, 6576.244
821.562, 6579.195
822.044, 6573.123
822.526, 6560.388
823.008, 6549.047
823.490, 6541.001
823.972, 6540.409
824.454, 6552.045
824.936, 6568.864
825.419, 6567.825
825.901, 6544.849
826.383, 6534.723
826.865, 6543.923
827.347, 6554.415
827.829, 6558.196
828.311, 6557.200
828.793, 6553.508
829.276, 6545.260
829.758, 6543.644
830.240, 6554.389
830.722, 6564.068
831.204, 6572.462
831.686, 6576.088
832.168, 6568.652
832.650, 6553.048
833.132, 6541.966
833.615, 6540.432
834.097, 6542.350
834.579, 6539.808
835.061, 6542.829
835.543, 6571.010
836.025, 6612.276
836.507, 6634.700
836.989, 6626.392
837.471, 6609.963
837.954, 6596.527
838.436, 6595.780
838.918, 6593.331
839.400, 6623.562
839.882, 6645.861
840.364, 6660.652
840.846, 6645.459
841.328, 6668.987
841.810, 6676.995
842.293, 6692.687
842.775, 6672.148
843.257, 6678.548
843.739, 6702.677
844.221, 6735.901
844.703, 6781.477
845.185, 6824.419
845.667, 6830.201
846.149, 6781.959
846.632, 6767.209
847.114, 6813.784
847.596, 6858.704
848.078, 6891.229
848.560, 6913.685
849.042, 6917.845
849.524, 6910.750
850.006, 6929.906
850.489, 7009.641
850.971, 7076.455
851.453, 7095.614
851.935, 7098.911
852.417, 7096.792
852.899, 7104.464
853.381, 7126.110
853.863, 7163.566
854.346, 7192.000
854.828, 7257.839
855.310, 7314.614
855.792, 7362.779
856.274, 7376.619
856.756, 7434.790
857.238, 7479.291
857.720, 7524.860
858.203, 7579.530
858.685, 7635.199
859.167, 7669.218
859.649, 7685.909
860.131, 7726.758
860.613, 7796.488
861.095, 7863.650
861.577, 7910.953
862.059, 7956.266
862.542, 8028.936
863.024, 8130.406
863.506, 8222.846
863.988, 8296.792
864.470, 8390.321
864.952, 8524.680
865.434, 8664.856
865.916, 8776.178
866.398, 8867.659
866.881, 8983.899
867.363, 9127.610
867.845, 9289.954
868.327, 9493.046
868.809, 9689.906
869.291, 9842.892
869.773, 9984.505
870.255, 10157.490
870.737, 10366.480
871.220, 10596.980
871.702, 10870.000
872.184, 11132.060
872.666, 11331.720
873.148, 11520.630
873.630, 11777.320
874.112, 12077.640
874.594, 12319.860
875.076, 12454.870
875.559, 12557.530
876.041, 12711.640
876.523, 12864.660
877.005, 12936.110
877.487, 12937.650
877.969, 12917.510
878.451, 12888.250
878.933, 12823.350
879.416, 12698.010
879.898, 12523.030
880.380, 12320.200
880.862, 12089.230
881.344, 11826.300
881.826, 11530.530
882.308, 11240.400
882.790, 10979.060
883.273, 10722.170
883.755, 10425.700
884.237, 10086.750
884.719, 9775.313
885.201, 9489.360
885.683, 9239.061
886.165, 9037.387
886.647, 8853.506
887.130, 8658.000
887.612, 8455.995
888.094, 8270.059
888.576, 8094.284
889.058, 7947.468
889.540, 7851.568
890.022, 7758.537
890.504, 7641.947
890.986, 7519.894
891.469, 7419.872
891.951, 7344.176
892.433, 7253.831
892.915, 7108.219
893.397, 6992.692
893.879, 6955.580
894.361, 6939.117
894.843, 6903.688
895.325, 6848.293
895.808, 6780.109
896.290, 6697.932
896.772, 6620.400
897.254, 6552.132
897.736, 6497.216
898.218, 6464.204
898.700, 6444.678
899.182, 6432.631
899.664, 6422.154
900.147, 6394.161
900.629, 6328.608
901.111, 6260.229
901.593, 6225.683
902.075, 6213.352
902.557, 6210.335
903.039, 6210.933
903.521, 6204.383
904.003, 6186.391
904.486, 6157.438
904.968, 6111.583
905.450, 6059.507
905.932, 6033.486
906.414, 6027.948
906.896, 6010.983
907.378, 5977.692
907.860, 5953.708
908.343, 5957.767
908.825, 5968.809
909.307, 5936.498
909.789, 5862.343
910.271, 5838.165
910.753, 5871.758
911.235, 5891.307
911.717, 5870.639
912.200, 5843.577
912.682, 5843.243
913.164, 5864.102
913.646, 5878.574
914.128, 5887.177
914.610, 5886.748
915.092, 5871.959
915.574, 5858.542
916.057, 5851.270
916.539, 5852.300
917.021, 5868.934
917.503, 5903.747
917.985, 5918.939
918.467, 5908.411
918.949, 5887.735
919.431, 5837.327
919.914, 5798.675
920.396, 5805.801
920.878, 5840.597
921.360, 5863.438
921.842, 5868.035
922.324, 5876.395
922.806, 5889.478
923.288, 5909.428
923.770, 5940.565
924.253, 5976.384
924.735, 6012.684
925.217, 6047.924
925.699, 6077.983
926.181, 6099.354
926.663, 6121.722
927.145, 6146.409
927.627, 6175.887
928.109, 6214.940
928.592, 6258.263
929.074, 6298.773
929.556, 6335.031
930.038, 6368.826
930.520, 6395.146
931.002, 6428.024
931.484, 6489.920
931.966, 6555.412
932.448, 6586.774
932.931, 6596.219
933.413, 6618.811
933.895, 6666.708
934.377, 6732.088
934.859, 6815.420
935.341, 6906.689
935.823, 6990.222
936.305, 7072.986
936.787, 7170.432
937.270, 7280.956
937.752, 7385.868
938.234, 7474.425
938.716, 7568.014
939.198, 7690.929
939.680, 7839.247
940.162, 8005.158
940.644, 8188.628
941.127, 8386.589
941.609, 8600.627
942.091, 8841.234
942.573, 9113.968
943.055, 9428.808
943.537, 9813.886
944.019, 10258.730
944.501, 10691.530
944.984, 11110.970
945.466, 11573.540
945.948, 12095.250
946.430, 12661.330
946.912, 13251.890
947.394, 13870.250
947.876, 14543.160
948.358, 15268.030
948.841, 15981.530
949.323, 16677.189
949.805, 17360.891
950.287, 18045.619
950.769, 18674.750
951.251, 19185.170
951.733, 19573.961
952.215, 19830.539
952.697, 19960.010
953.180, 19922.330
953.662, 19706.410
954.144, 19336.320
954.626, 18811.010
955.108, 18162.551
955.590, 17431.109
956.072, 16610.779
956.554, 15800.780
957.036, 14989.760
957.519, 14228.840
958.001, 13523.820
958.483, 12874.180
958.965, 12283.580
959.447, 11748.440
959.929, 11259.030
960.411, 10812.970
960.893, 10426.860
961.375, 10120.000
961.858, 9839.355
962.340, 9570.001
962.822, 9323.612
963.304, 9101.964
963.786, 8912.671
964.268, 8767.819
964.750, 8531.112
965.232, 8442.234
965.714, 8450.306
966.197, 8434.828
966.679, 8397.100
967.161, 8270.406
967.643, 8258.586
968.125, 8200.730
968.607, 8140.992
969.089, 8145.328
969.571, 8031.580
970.054, 8034.911
970.536, 7991.504
971.018, 7969.488
971.500, 7901.157
971.982, 7847.116
972.464, 7839.427
972.946, 7754.543
973.428, 7791.568
973.911, 7812.977
974.393, 7787.005
974.875, 7765.773
975.357, 7784.498
975.839, 7821.438
976.321, 7842.611
976.803, 7845.901
977.285, 7861.282
977.768, 7897.478
978.250, 7942.255
978.732, 7980.184
979.214, 8037.848
979.696, 8140.330
980.178, 8271.498
980.660, 8404.963
981.142, 8536.949
981.624, 8675.336
982.107, 8799.070
982.589, 8961.438
983.071, 9205.581
983.553, 9473.432
984.035, 9699.273
984.517, 9920.588
984.999, 10223.250
985.481, 10626.880
985.963, 11019.780
986.446, 11331.650
986.928, 11664.790
987.410, 12080.740
987.892, 12519.830
988.374, 12929.630
988.856, 13318.560
989.338, 13722.170
989.820, 14152.110
990.302, 14547.160
990.785, 14907.270
991.267, 15197.410
991.749, 15432.800
992.231, 15564.490
992.713, 15551.590
993.195, 15393.830
993.677, 15099.630
994.159, 14664.990
994.641, 14130.670
995.124, 13460.480
995.606, 12760.440
996.088, 12069.270
996.570, 11398.880
997.052, 10757.710
997.534, 10154.810
998.016, 9605.091
998.498, 9116.994
998.981, 8672.202
999.463, 8266.327
999.945, 7899.841
1000.427, 7575.432
1000.909, 7291.638
1001.391, 7051.037
1001.873, 6848.012
1002.355, 6671.027
1002.838, 6520.621
1003.320, 6372.477
1003.802, 6204.326
1004.284, 6046.591
1004.766, 5918.866
1005.248, 5810.729
1005.730, 5712.717
1006.212, 5622.126
1006.694, 5534.843
1007.177, 5445.467
1007.659, 5385.663
1008.141, 5348.623
1008.623, 5306.056
1009.105, 5258.260
1009.587, 5189.571
1010.069, 5147.860
1010.551, 5095.332
1011.034, 5042.266
1011.516, 5004.353
1011.998, 4938.703
1012.480, 4900.551
1012.962, 4851.422
1013.444, 4807.317
1013.926, 4752.327
1014.408, 4700.414
1014.890, 4645.709
1015.373, 4604.735
1015.855, 4569.414
1016.337, 4539.161
1016.819, 4520.040
1017.301, 4498.838
1017.783, 4469.893
1018.265, 4433.586
1018.747, 4382.359
1019.229, 4324.524
1019.712, 4288.558
1020.194, 4288.440
1020.676, 4283.270
1021.158, 4257.230
1021.640, 4225.014
1022.122, 4181.867
1022.604, 4145.691
1023.086, 4144.851
1023.569, 4166.625
1024.051, 4166.622
1024.533, 4130.121
1025.015, 4092.850
1025.497, 4058.802
1025.979, 4033.208
1026.461, 4028.519
1026.943, 4024.772
1027.425, 4001.085
1027.908, 3962.560
1028.390, 3926.283
1028.872, 3891.964
1029.354, 3871.697
1029.836, 3877.336
1030.318, 3884.943
1030.800, 3895.746
1031.282, 3896.352
1031.765, 3870.154
1032.247, 3825.752
1032.729, 3784.456
1033.211, 3744.438
1033.693, 3723.604
1034.175, 3746.653
1034.657, 3758.786
1035.139, 3738.800
1035.621, 3708.644
1036.104, 3683.148
1036.586, 3660.418
1037.068, 3632.854
1037.550, 3595.168
1038.032, 3574.580
1038.514, 3586.018
1038.996, 3594.536
1039.478, 3592.687
1039.960, 3587.979
1040.443, 3587.444
1040.925, 3586.188
1041.407, 3571.474
1041.889, 3538.621
1042.371, 3525.034
1042.853, 3547.111
1043.335, 3556.981
1043.817, 3539.808
1044.300, 3520.941
1044.782, 3517.456
1045.264, 3518.968
1045.746, 3507.344
1046.228, 3481.998
1046.710, 3457.880
1047.192, 3431.251
1047.674, 3417.550
1048.156, 3423.308
1048.639, 3432.064
1049.121, 3438.236
1049.603, 3437.383
1050.085, 3419.517
1050.567, 3387.493
1051.049, 3382.253
1051.531, 3412.396
1052.013, 3424.168
1052.495, 3409.335
1052.978, 3386.496
1053.460, 3361.080
1053.942, 3341.234
1054.424, 3338.151
1054.906, 3347.591
1055.388, 3350.698
1055.870, 3347.402
1056.352, 3335.999
1056.835, 3315.499
1057.317, 3302.979
1057.799, 3305.022
1058.281, 3315.148
1058.763, 3329.200
1059.245, 3341.677
1059.727, 3332.694
1060.209, 3306.889
1060.692, 3304.042
1061.174, 3323.058
1061.656, 3327.111
1062.138, 3306.128
1062.620, 3280.818
1063.102, 3266.708
1063.584, 3258.907
1064.066, 3248.111
1064.548, 3236.847
1065.031, 3233.145
1065.513, 3235.855
1065.995, 3241.211
1066.477, 3247.463
1066.959, 3250.910
1067.441, 3249.594
1067.923, 3242.674
1068.405, 3219.767
1068.887, 3197.233
1069.370, 3214.226
1069.852, 3247.237
1070.334, 3241.967
1070.816, 3200.080
1071.298, 3159.462
1071.780, 3136.032
1072.262, 3126.274
1072.744, 3131.736
1073.227, 3145.276
1073.709, 3164.984
1074.191, 3185.139
1074.673, 3201.135
1075.155, 3210.810
1075.637, 3211.470
1076.119, 3202.422
1076.601, 3185.207
1077.083, 3147.016
1077.566, 3118.369
1078.048, 3122.331
1078.530, 3136.417
1079.012, 3150.279
1079.494, 3156.336
1079.976, 3136.749
1080.458, 3093.326
1080.940, 3071.928
1081.423, 3104.627
1081.905, 3129.501
1082.387, 3126.940
1082.869, 3118.199
1083.351, 3112.886
1083.833, 3108.451
1084.315, 3103.618
1084.797, 3097.104
1085.280, 3081.437
1085.762, 3044.256
1086.244, 3023.062
1086.726, 3026.412
1087.208, 3033.531
1087.690, 3045.176
1088.172, 3050.347
1088.654, 3035.647
1089.136, 3010.487
1089.619, 3000.526
1090.101, 3008.169
1090.583, 3015.826
1091.065, 3025.331
1091.547, 3026.637
1092.029, 3013.551
1092.511, 3007.820
1092.993, 3025.569
1093.475, 3049.241
1093.958, 3049.310
1094.440, 3029.233
1094.922, 3016.135
1095.404, 3010.061
1095.886, 3013.262
1096.368, 3025.974
1096.850, 3032.208
1097.332, 3025.180
1097.815, 3012.515
1098.297, 3001.229
1098.779, 2991.447
1099.261, 2966.036
1099.743, 2983.079
1100.225, 2989.818
1100.707, 2986.803
1101.189, 2944.831
1101.672, 2953.151
1102.154, 2941.324
1102.636, 2928.672
1103.118, 2944.087
1103.600, 2907.780
1104.082, 2919.997
1104.564, 2913.632
1105.046, 2910.616
1105.528, 2900.925
1106.010, 2887.265
1106.493, 2885.887
1106.975, 2904.303
1107.457, 2917.184
1107.939, 2902.826
1108.421, 2886.125
1108.903, 2884.778
1109.385, 2886.913
1109.867, 2876.987
1110.350, 2863.089
1110.832, 2864.985
1111.314, 2885.474
1111.796, 2899.919
1112.278, 2906.015
1112.760, 2900.604
1113.242, 2870.105
1113.724, 2842.958
1114.207, 2832.020
1114.689, 2833.008
1115.171, 2846.222
1115.653, 2867.594
1116.135, 2872.740
1116.617, 2850.507
1117.099, 2844.589
1117.581, 2862.701
1118.063, 2878.458
1118.546, 2887.312
1119.028, 2885.500
1119.510, 2868.542
1119.992, 2842.357
1120.474, 2816.739
1120.956, 2792.444
1121.438, 2783.860
1121.920, 2790.896
1122.402, 2790.717
1122.885, 2780.160
1123.367, 2776.876
1123.849, 2789.100
1124.331, 2803.793
1124.813, 2806.540
1125.295, 2802.507
1125.777, 2801.965
1126.259, 2803.177
1126.742, 2802.428
1127.224, 2799.367
1127.706, 2792.300
1128.188, 2782.203
1128.670, 2778.727
1129.152, 2756.137
1129.634, 2775.997
1130.116, 2785.553
1130.599, 2785.350
1131.081, 2746.200
1131.563, 2757.352
1132.045, 2748.345
1132.527, 2738.512
1133.009, 2756.744
1133.491, 2723.260
1133.973, 2741.047
1134.455, 2738.368
1134.938, 2745.048
1135.420, 2731.451
1135.902, 2724.121
1136.384, 2737.079
1136.866, 2738.804
1137.348, 2722.873
1137.830, 2730.156
1138.312, 2695.963
1138.794, 2698.167
1139.277, 2716.064
1139.759, 2701.153
1140.241, 2708.807
1140.723, 2707.866
1141.205, 2667.871
1141.687, 2695.797
1142.169, 2694.349
1142.651, 2662.740
1143.134, 2668.446
1143.616, 2659.228
1144.098, 2659.173
1144.580, 2658.974
1145.062, 2657.390
1145.544, 2658.996
1146.026, 2665.623
1146.508, 2667.449
1146.990, 2651.135
1147.473, 2632.039
1147.955, 2637.351
1148.437, 2654.746
1148.919, 2665.074
1149.401, 2668.725
1149.883, 2669.703
1150.365, 2669.085
1150.847, 2666.351
1151.329, 2660.493
1151.812, 2656.508
1152.294, 2661.369
1152.776, 2664.122
1153.258, 2658.044
1153.740, 2646.880
1154.222, 2628.262
1154.704, 2609.589
1155.186, 2607.386
1155.669, 2624.356
1156.151, 2633.584
1156.633, 2630.382
1157.115, 2623.414
1157.597, 2611.040
1158.079, 2598.076
1158.561, 2584.041
1159.043, 2574.336
1159.526, 2575.609
1160.008, 2583.392
1160.490, 2582.298
1160.972, 2571.573
1161.454, 2583.293
1161.936, 2617.461
1162.418, 2634.341
1162.900, 2626.962
1163.382, 2610.410
1163.865, 2592.007
1164.347, 2577.382
1164.829, 2564.699
1165.311, 2556.799
1165.793, 2573.442
1166.275, 2584.127
1166.757, 2589.175
1167.239, 2571.701
1167.721, 2583.309
1168.204, 2583.269
1168.686, 2588.993
1169.168, 2588.860
1169.650, 2592.041
1170.132, 2564.343
1170.614, 2541.899
1171.096, 2555.189
1171.578, 2573.588
1172.061, 2564.261
1172.543, 2541.497
1173.025, 2538.429
1173.507, 2558.521
1173.989, 2570.014
1174.471, 2573.315
1174.953, 2564.723
1175.435, 2532.435
1175.917, 2518.689
1176.400, 2544.836
1176.882, 2573.997
1177.364, 2575.439
1177.846, 2558.343
1178.328, 2538.145
1178.810, 2517.159
1179.292, 2518.062
1179.774, 2538.098
1180.256, 2538.079
1180.739, 2528.335
1181.221, 2515.756
1181.703, 2528.571
1182.185, 2535.221
1182.667, 2536.040
1183.149, 2513.554
1183.631, 2521.160
1184.113, 2516.707
1184.596, 2511.756
1185.078, 2523.597
1185.560, 2504.501
1186.042, 2516.076
1186.524, 2515.408
1187.006, 2520.343
1187.488, 2513.144
1187.970, 2509.693
1188.453, 2518.377
1188.935, 2520.343
1189.417, 2511.748
1189.899, 2517.039
1190.381, 2497.519
1190.863, 2499.771
1191.345, 2511.417
1191.827, 2499.260
1192.309, 2504.860
1192.792, 2499.063
1193.274, 2480.917
1193.756, 2470.156
1194.238, 2470.896
1194.720, 2473.509
1195.202, 2472.881
1195.684, 2471.302
1196.166, 2470.997
1196.648, 2471.857
1197.131, 2460.071
1197.613, 2475.041
1198.095, 2483.515
1198.577, 2485.844
1199.059, 2463.621
1199.541, 2473.102
1200.023, 2469.877
1200.505, 2466.132
1200.988, 2480.075
1201.470, 2461.423
1201.952, 2473.351
1202.434, 2483.216
1202.916, 2488.640
1203.398, 2472.374
1203.880, 2484.118
1204.362, 2489.062
1204.844, 2487.574
1205.327, 2460.373
1205.809, 2466.372
1206.291, 2462.136
1206.773, 2461.866
1207.255, 2460.874
1207.737, 2460.775
1208.219, 2459.041
1208.701, 2454.212
1209.183, 2446.539
1209.666, 2433.903
1210.148, 2421.490
1210.630, 2420.173
1211.112, 2424.790
1211.594, 2429.386
1212.076, 2430.927
1212.558, 2420.773
1213.040, 2401.817
1213.523, 2393.655
1214.005, 2405.719
1214.487, 2418.290
1214.969, 2428.223
1215.451, 2430.982
1215.933, 2413.696
1216.415, 2400.945
1216.897, 2414.204
1217.380, 2436.821
1217.862, 2449.345
1218.344, 2452.251
1218.826, 2446.889
1219.308, 2431.599
1219.790, 2420.903
1220.272, 2415.080
1220.754, 2415.160
1221.236, 2421.089
1221.719, 2423.012
1222.201, 2415.687
1222.683, 2404.722
1223.165, 2393.319
1223.647, 2385.933
1224.129, 2394.174
1224.611, 2406.225
1225.093, 2402.575
1225.575, 2391.985
1226.058, 2392.005
1226.540, 2402.311
1227.022, 2412.320
1227.504, 2420.714
1227.986, 2419.765
1228.468, 2397.617
1228.950, 2381.164
1229.432, 2380.679
1229.915, 2379.710
1230.397, 2370.392
1230.879, 2358.626
1231.361, 2348.626
1231.843, 2343.336
1232.325, 2355.960
1232.807, 2384.497
1233.289, 2388.168
1233.771, 2370.808
1234.254, 2361.277
1234.736, 2362.165
1235.218, 2358.793
1235.700, 2346.609
1236.182, 2341.051
1236.664, 2358.432
1237.146, 2372.271
1237.628, 2355.157
1238.110, 2330.289
1238.593, 2309.608
1239.075, 2297.661
1239.557, 2302.778
1240.039, 2318.153
1240.521, 2330.544
1241.003, 2339.098
1241.485, 2328.950
1241.967, 2279.305
1242.450, 2271.163
1242.932, 2324.285
1243.414, 2355.182
1243.896, 2336.536
1244.378, 2313.669
1244.860, 2317.275
1245.342, 2333.219
1245.824, 2344.543
1246.307, 2350.020
1246.789, 2342.817
1247.271, 2329.963
1247.753, 2326.678
1248.235, 2329.271
1248.717, 2323.220
1249.199, 2310.269
1249.681, 2312.570
1250.163, 2342.360
1250.646, 2360.830
1251.128, 2347.524
1251.610, 2331.272
1252.092, 2312.979
1252.574, 2304.256
1253.056, 2319.112
1253.538, 2332.754
1254.020, 2315.532
1254.502, 2282.077
1254.985, 2278.646
1255.467, 2302.875
1255.949, 2305.572
1256.431, 2290.901
1256.913, 2278.399
1257.395, 2278.089
##END=



