##NAMES=Perovskite
##RRUFFID=R060345
##IDEAL CHEMISTRY=CaTi^4+^O_3_
##LOCALITY=Latrappe, Oka District, Quebec, Canada
##OWNER=RRUFF
##SOURCE=Michael Scott
##DESCRIPTION=Black square prismatic crystals associated with white calcite, yellow monticellite and yellow diopside
##STATUS=The identification of this mineral is confirmed by single-crystal X-ray diffraction and chemical analysis.
##URL=rruff.info/R060345
##MEASURED CHEMISTRY=(Ca_0.77_Na_0.20_Ce_0.02_La_0.01_)_Σ=1_(Ti_0.50_Nb^5+^_0.36_Fe^3+^_0.08_Fe^2+^_0.03_Mg_0.02_Al_0.01_)_Σ=1_O_3_ ; trace amounts of Mn ; Fe^2+^ and Fe^3+^ estimated by charge balance
171.0057, 631.1652
171.4878, 629.7304
171.9699, 627.1731
172.4520, 624.8890
172.9341, 624.0734
173.4163, 623.7859
173.8984, 622.8779
174.3805, 620.8577
174.8626, 618.5388
175.3447, 616.4166
175.8268, 614.5264
176.3090, 613.0753
176.7911, 612.5391
177.2732, 612.4733
177.7553, 612.1415
178.2374, 611.1858
178.7195, 610.0650
179.2017, 609.3946
179.6838, 609.1289
180.1659, 608.9321
180.6480, 608.3052
181.1301, 607.5385
181.6122, 607.3913
182.0944, 608.6656
182.5765, 610.2445
183.0586, 610.0391
183.5407, 608.0760
184.0228, 605.6749
184.5049, 603.4155
184.9871, 601.5398
185.4692, 601.0322
185.9513, 602.3063
186.4334, 605.0716
186.9155, 609.8861
187.3976, 617.0460
187.8798, 622.6166
188.3619, 620.9127
188.8440, 613.1063
189.3261, 606.8090
189.8082, 604.7267
190.2903, 606.0765
190.7725, 608.8877
191.2546, 613.6563
191.7367, 617.4738
192.2188, 616.0004
192.7009, 609.5309
193.1830, 603.8341
193.6652, 600.9630
194.1473, 600.6412
194.6294, 601.9200
195.1115, 605.2747
195.5936, 608.6534
196.0757, 608.9056
196.5579, 605.9245
197.0400, 603.0699
197.5221, 601.7800
198.0042, 601.9464
198.4863, 601.6932
198.9684, 600.7415
199.4506, 600.0034
199.9327, 601.3040
200.4148, 604.9383
200.8969, 607.9500
201.3790, 608.5449
201.8611, 606.5721
202.3433, 606.6956
202.8254, 609.4344
203.3075, 613.4232
203.7896, 616.6166
204.2717, 619.1249
204.7538, 620.3721
205.2360, 619.6682
205.7181, 616.7117
206.2002, 614.6406
206.6823, 613.7645
207.1644, 613.3946
207.6465, 611.8022
208.1287, 608.2604
208.6108, 606.0899
209.0929, 607.5629
209.5750, 613.8514
210.0571, 617.3235
210.5392, 617.1790
211.0214, 614.9858
211.5035, 613.9901
211.9856, 614.5700
212.4677, 615.3531
212.9498, 615.6305
213.4319, 615.1354
213.9141, 615.3954
214.3962, 616.9030
214.8783, 618.8602
215.3604, 619.2824
215.8425, 617.6331
216.3246, 615.6462
216.8068, 613.8472
217.2889, 611.8800
217.7710, 611.4692
218.2531, 613.2833
218.7352, 616.3150
219.2173, 618.2718
219.6995, 619.0925
220.1816, 618.9382
220.6637, 617.5131
221.1458, 613.7352
221.6279, 611.9553
222.1100, 613.0745
222.5922, 615.8951
223.0743, 617.2016
223.5564, 616.2081
224.0385, 615.1020
224.5206, 615.0110
225.0027, 616.5469
225.4849, 617.4482
225.9670, 617.4285
226.4491, 616.8439
226.9312, 616.5769
227.4133, 616.5870
227.8954, 616.9822
228.3776, 617.8846
228.8597, 619.6560
229.3418, 621.0351
229.8239, 621.8933
230.3060, 622.3584
230.7881, 622.7938
231.2703, 623.2999
231.7524, 623.5864
232.2345, 623.2887
232.7166, 621.3398
233.1987, 621.4838
233.6808, 625.3083
234.1630, 630.8171
234.6451, 632.4412
235.1272, 627.9492
235.6093, 622.9075
236.0914, 619.6078
236.5735, 618.1045
237.0557, 618.4449
237.5378, 621.8281
238.0199, 626.7313
238.5020, 629.2740
238.9841, 628.8708
239.4662, 627.0439
239.9484, 624.0872
240.4305, 618.7125
240.9126, 615.3181
241.3947, 614.3214
241.8768, 615.1534
242.3589, 616.6909
242.8411, 620.0399
243.3232, 622.3730
243.8053, 622.2373
244.2874, 618.2023
244.7695, 615.1131
245.2516, 613.0591
245.7338, 611.8869
246.2159, 611.3083
246.6980, 611.5377
247.1801, 612.0383
247.6622, 612.7119
248.1443, 613.8526
248.6265, 614.2975
249.1086, 613.6449
249.5907, 612.5060
250.0728, 612.1839
250.5549, 613.1080
251.0370, 614.1272
251.5192, 614.8627
252.0013, 615.3414
252.4834, 615.3675
252.9655, 614.7556
253.4476, 613.7878
253.9297, 612.9090
254.4119, 611.8861
254.8940, 611.3799
255.3761, 611.6560
255.8582, 612.8313
256.3403, 614.4489
256.8224, 616.9648
257.3046, 619.5840
257.7867, 620.9045
258.2688, 620.6251
258.7509, 619.7154
259.2330, 618.2618
259.7151, 616.0101
260.1973, 614.7235
260.6794, 614.5139
261.1615, 615.1996
261.6436, 616.8884
262.1257, 620.5638
262.6078, 622.8160
263.0900, 621.8780
263.5721, 617.1385
264.0542, 615.4247
264.5363, 618.0243
265.0184, 622.0689
265.5005, 623.7068
265.9827, 621.9181
266.4648, 620.6658
266.9469, 621.4159
267.4290, 624.2336
267.9111, 625.4181
268.3932, 624.3286
268.8754, 622.5740
269.3575, 622.0099
269.8396, 622.9148
270.3217, 624.0240
270.8038, 625.2461
271.2859, 626.5443
271.7681, 626.7824
272.2502, 625.6570
272.7323, 624.1131
273.2144, 623.1500
273.6965, 622.8678
274.1786, 622.6198
274.6608, 622.3537
275.1429, 622.0247
275.6250, 621.0843
276.1071, 619.2298
276.5892, 617.6366
277.0714, 617.5965
277.5535, 619.2844
278.0356, 620.9498
278.5177, 622.4362
278.9998, 623.6223
279.4819, 623.6506
279.9641, 622.1779
280.4462, 621.0082
280.9283, 622.3643
281.4104, 626.3868
281.8925, 627.9620
282.3746, 625.3912
282.8568, 620.5779
283.3389, 619.2979
283.8210, 621.9338
284.3031, 625.1005
284.7852, 626.2838
285.2673, 625.5934
285.7495, 625.3227
286.2316, 625.8165
286.7137, 626.7373
287.1958, 627.5743
287.6779, 628.3322
288.1600, 628.6033
288.6422, 627.7208
289.1243, 625.9098
289.6064, 624.8616
290.0885, 624.7229
290.5706, 625.3170
291.0527, 626.6470
291.5349, 628.6633
292.0170, 630.5682
292.4991, 632.3547
292.9812, 633.7536
293.4633, 633.3669
293.9454, 630.8375
294.4276, 627.7701
294.9097, 626.2460
295.3918, 626.0693
295.8739, 626.2574
296.3560, 626.3953
296.8381, 626.5486
297.3203, 627.0591
297.8024, 627.9995
298.2845, 628.6251
298.7666, 627.9298
299.2487, 626.2286
299.7308, 624.4654
300.2130, 622.3246
300.6951, 620.6237
301.1772, 621.4092
301.6593, 624.6710
302.1414, 627.5202
302.6235, 626.3324
303.1057, 622.9407
303.5878, 621.1266
304.0699, 623.4182
304.5520, 626.8822
305.0341, 627.9736
305.5162, 626.9216
305.9984, 625.6611
306.4805, 625.3397
306.9626, 625.7325
307.4447, 626.5505
307.9268, 627.8026
308.4089, 629.3318
308.8911, 631.4059
309.3732, 633.7806
309.8553, 635.4676
310.3374, 635.5410
310.8195, 634.7946
311.3016, 633.9954
311.7838, 633.3236
312.2659, 632.5915
312.7480, 631.5931
313.2301, 630.4504
313.7122, 629.4358
314.1943, 627.7751
314.6765, 626.8713
315.1586, 628.1754
315.6407, 632.6804
316.1228, 636.5878
316.6049, 637.6754
317.0870, 637.0115
317.5692, 636.3455
318.0513, 636.6503
318.5334, 636.8062
319.0155, 635.9651
319.4976, 633.8104
319.9797, 632.3834
320.4619, 633.1730
320.9440, 634.7408
321.4261, 635.4694
321.9082, 634.4561
322.3903, 633.0445
322.8724, 631.1043
323.3546, 628.6238
323.8367, 627.6301
324.3188, 629.5109
324.8009, 632.4971
325.2830, 635.2147
325.7651, 637.9407
326.2473, 639.9519
326.7294, 641.0115
327.2115, 641.2043
327.6936, 641.1341
328.1757, 641.1807
328.6578, 640.7300
329.1400, 639.4479
329.6221, 636.0027
330.1042, 633.5338
330.5863, 632.0387
331.0684, 631.5215
331.5505, 632.0468
332.0327, 634.1288
332.5148, 636.6422
332.9969, 639.5941
333.4790, 644.3113
333.9611, 645.3391
334.4432, 640.2767
334.9254, 632.8912
335.4075, 629.9401
335.8896, 633.5482
336.3717, 637.2577
336.8538, 638.9581
337.3359, 638.4301
337.8181, 638.5338
338.3002, 639.5530
338.7823, 640.7825
339.2644, 641.4241
339.7465, 641.4190
340.2286, 641.1425
340.7108, 640.7945
341.1929, 640.2650
341.6750, 638.3982
342.1571, 634.6217
342.6392, 631.5076
343.1213, 631.7174
343.6035, 635.3002
344.0856, 638.3103
344.5677, 640.1335
345.0498, 640.9407
345.5319, 640.9724
346.0140, 640.2162
346.4962, 639.0592
346.9783, 637.3458
347.4604, 635.3183
347.9425, 634.2725
348.4246, 634.4156
348.9067, 635.2964
349.3889, 636.8407
349.8710, 638.8124
350.3531, 639.8630
350.8352, 638.6998
351.3173, 636.3038
351.7994, 634.4200
352.2816, 633.1144
352.7637, 632.3591
353.2458, 632.1643
353.7279, 632.4967
354.2100, 633.3167
354.6921, 635.7211
355.1743, 637.8340
355.6564, 636.6098
356.1385, 632.4548
356.6206, 629.5814
357.1027, 632.7069
357.5848, 638.0576
358.0670, 641.0720
358.5491, 639.2019
359.0312, 636.7150
359.5133, 636.4469
359.9954, 637.7874
360.4775, 638.8357
360.9597, 639.1443
361.4418, 638.5374
361.9239, 636.4661
362.4060, 631.9199
362.8881, 628.6516
363.3702, 628.3251
363.8524, 630.1077
364.3345, 632.7239
364.8166, 638.3641
365.2987, 642.5295
365.7808, 642.7181
366.2629, 638.2938
366.7451, 634.7874
367.2272, 633.2294
367.7093, 632.8873
368.1914, 633.1178
368.6735, 635.3076
369.1556, 636.4764
369.6378, 635.6955
370.1199, 633.2381
370.6020, 631.4750
371.0841, 630.8389
371.5662, 630.4921
372.0483, 629.9557
372.5305, 628.7791
373.0126, 628.2602
373.4947, 628.5801
373.9768, 629.5153
374.4589, 630.9484
374.9410, 634.1624
375.4232, 635.1547
375.9053, 631.2051
376.3874, 621.0803
376.8695, 616.1036
377.3516, 617.5356
377.8337, 621.9177
378.3159, 625.5090
378.7980, 628.4227
379.2801, 629.6138
379.7622, 628.1514
380.2443, 624.8231
380.7264, 623.2285
381.2086, 623.5357
381.6907, 624.4468
382.1728, 625.3557
382.6549, 626.1068
383.1370, 625.3851
383.6191, 622.3683
384.1013, 618.8443
384.5834, 618.2626
385.0655, 620.2402
385.5476, 621.8656
386.0297, 620.6628
386.5118, 618.1691
386.9940, 617.4586
387.4761, 619.0126
387.9582, 620.7380
388.4403, 620.6957
388.9224, 619.3702
389.4045, 617.7881
389.8867, 615.3265
390.3688, 613.4979
390.8509, 614.1182
391.3330, 616.9798
391.8151, 619.7982
392.2972, 622.2695
392.7794, 623.5350
393.2615, 622.5052
393.7436, 616.4629
394.2257, 611.5952
394.7078, 611.7236
395.1899, 615.1630
395.6721, 617.4859
396.1542, 615.6806
396.6363, 613.7333
397.1184, 613.8573
397.6005, 617.3255
398.0826, 619.5760
398.5648, 618.4500
399.0469, 616.2510
399.5290, 615.7705
400.0111, 620.2688
400.4932, 623.1670
400.9753, 622.7498
401.4574, 619.0231
401.9395, 616.1536
402.4217, 614.0356
402.9038, 612.8419
403.3859, 612.8062
403.8680, 614.4597
404.3501, 616.0544
404.8322, 617.6541
405.3144, 619.0246
405.7965, 619.4421
406.2786, 618.7433
406.7607, 617.6367
407.2428, 616.0598
407.7249, 613.9535
408.2071, 613.6222
408.6892, 615.5208
409.1713, 617.8386
409.6534, 618.0871
410.1355, 616.3710
410.6176, 614.8665
411.0998, 614.2623
411.5819, 614.2415
412.0640, 613.9809
412.5461, 613.5008
413.0282, 613.2615
413.5103, 614.4065
413.9925, 615.9547
414.4746, 615.4705
414.9567, 611.8932
415.4388, 608.1823
415.9209, 607.5084
416.4030, 609.1057
416.8852, 611.0564
417.3673, 613.2036
417.8494, 614.7528
418.3315, 614.7160
418.8136, 613.0180
419.2957, 611.3631
419.7779, 610.6067
420.2600, 610.4162
420.7421, 610.4693
421.2242, 609.9019
421.7063, 610.3721
422.1884, 613.8997
422.6706, 619.2724
423.1527, 622.0362
423.6348, 618.5751
424.1169, 614.3389
424.5990, 611.8300
425.0811, 612.1358
425.5633, 612.1773
426.0454, 612.0795
426.5275, 611.5735
427.0096, 610.1595
427.4917, 606.3243
427.9738, 603.9699
428.4560, 604.5844
428.9381, 607.9634
429.4202, 609.0714
429.9023, 606.8063
430.3844, 604.2758
430.8665, 603.7880
431.3487, 605.6171
431.8308, 607.9874
432.3129, 611.1457
432.7950, 614.2335
433.2771, 615.0671
433.7592, 613.5471
434.2414, 611.9999
434.7235, 611.4295
435.2056, 611.6925
435.6877, 612.4230
436.1698, 613.6638
436.6519, 614.7657
437.1341, 615.0920
437.6162, 614.7590
438.0983, 613.9598
438.5804, 612.2719
439.0625, 610.8316
439.5446, 611.5848
440.0268, 613.9021
440.5089, 615.4718
440.9910, 613.8203
441.4731, 611.4946
441.9552, 611.2795
442.4373, 614.0809
442.9195, 615.6838
443.4016, 611.6415
443.8837, 605.9429
444.3658, 603.4377
444.8479, 610.0583
445.3300, 615.5580
445.8122, 615.3568
446.2943, 610.2438
446.7764, 607.6934
447.2585, 611.9960
447.7406, 616.6550
448.2227, 618.2395
448.7049, 614.1022
449.1870, 611.9550
449.6691, 612.8877
450.1512, 615.2803
450.6333, 616.5872
451.1154, 616.5046
451.5976, 615.9746
452.0797, 615.0378
452.5618, 613.7554
453.0439, 613.1470
453.5260, 613.3056
454.0081, 613.8733
454.4903, 614.6342
454.9724, 615.5807
455.4545, 616.6145
455.9366, 617.6892
456.4187, 618.9026
456.9008, 620.8427
457.3830, 623.3333
457.8651, 624.8274
458.3472, 623.8537
458.8293, 621.6627
459.3114, 620.5566
459.7935, 620.5578
460.2757, 620.7426
460.7578, 620.5137
461.2399, 619.9698
461.7220, 619.2820
462.2041, 618.6433
462.6862, 617.5948
463.1684, 614.6399
463.6505, 610.9910
464.1326, 609.5349
464.6147, 614.0867
465.0968, 618.9280
465.5789, 620.9084
466.0611, 619.4529
466.5432, 617.9120
467.0253, 616.3079
467.5074, 615.2289
467.9895, 615.1903
468.4716, 618.5641
468.9538, 619.8978
469.4359, 617.5714
469.9180, 613.0057
470.4001, 610.8903
470.8822, 612.5469
471.3643, 614.3486
471.8465, 614.6273
472.3286, 613.1332
472.8107, 613.0970
473.2928, 615.0389
473.7749, 617.1930
474.2570, 617.2357
474.7392, 615.1920
475.2213, 613.7885
475.7034, 613.7599
476.1855, 614.5338
476.6676, 615.2192
477.1497, 615.7649
477.6319, 615.7055
478.1140, 613.5676
478.5961, 611.0072
479.0782, 611.5477
479.5603, 615.6664
480.0424, 619.2715
480.5246, 617.7322
481.0067, 613.9363
481.4888, 612.0428
481.9709, 615.2494
482.4530, 618.5078
482.9352, 618.6895
483.4173, 616.7228
483.8994, 615.5455
484.3815, 616.7920
484.8636, 618.5261
485.3457, 620.0226
485.8279, 621.4346
486.3100, 621.8126
486.7921, 619.9448
487.2742, 617.6303
487.7563, 616.4365
488.2384, 616.8850
488.7206, 617.5744
489.2027, 618.3456
489.6848, 619.2465
490.1669, 620.7223
490.6490, 623.2899
491.1311, 624.8348
491.6133, 623.9093
492.0954, 620.5664
492.5775, 617.7252
493.0596, 615.2462
493.5417, 613.9638
494.0238, 615.8098
494.5060, 619.9811
494.9881, 622.5828
495.4702, 622.1555
495.9523, 620.4597
496.4344, 619.8344
496.9165, 620.0687
497.3987, 620.3707
497.8808, 620.3216
498.3629, 620.1123
498.8450, 619.6130
499.3271, 618.7580
499.8092, 618.8467
500.2914, 622.1330
500.7735, 625.9236
501.2556, 627.7237
501.7377, 624.9808
502.2198, 622.4816
502.7019, 620.7119
503.1841, 619.8934
503.6662, 620.6137
504.1483, 625.5134
504.6304, 629.2056
505.1125, 629.7841
505.5946, 626.9561
506.0768, 625.0916
506.5589, 624.8725
507.0410, 624.6398
507.5231, 622.3793
508.0052, 617.3607
508.4873, 615.6530
508.9695, 619.0048
509.4516, 624.3035
509.9337, 625.4096
510.4158, 622.5260
510.8979, 619.4691
511.3800, 617.4178
511.8622, 616.4628
512.3443, 617.1641
512.8264, 619.4393
513.3085, 621.9363
513.7906, 624.3174
514.2728, 626.0426
514.7549, 626.0662
515.2370, 623.5262
515.7191, 621.3200
516.2012, 622.1957
516.6833, 624.3845
517.1655, 625.1816
517.6476, 621.7431
518.1297, 618.7392
518.6118, 618.3889
519.0939, 620.4137
519.5760, 621.2238
520.0582, 618.7375
520.5403, 616.3776
521.0224, 615.6507
521.5045, 617.0939
521.9866, 618.6329
522.4688, 620.4749
522.9509, 622.1735
523.4330, 623.1213
523.9151, 623.1826
524.3972, 623.2285
524.8793, 623.4746
525.3615, 623.7888
525.8436, 623.9340
526.3257, 623.9041
526.8078, 623.4316
527.2899, 621.6722
527.7720, 619.4699
528.2542, 619.0823
528.7363, 620.6593
529.2184, 622.3624
529.7005, 622.4963
530.1826, 621.8434
530.6647, 621.4625
531.1469, 621.7674
531.6290, 622.2074
532.1111, 622.6215
532.5932, 622.9396
533.0753, 623.0192
533.5574, 623.1677
534.0396, 622.7317
534.5217, 620.8507
535.0038, 617.3651
535.4859, 615.8183
535.9680, 617.5740
536.4501, 620.0092
536.9323, 621.7664
537.4144, 623.0295
537.8965, 622.9416
538.3786, 620.9171
538.8607, 618.3157
539.3428, 617.1244
539.8250, 617.3787
540.3071, 618.7066
540.7892, 621.8330
541.2713, 625.3062
541.7534, 624.6158
542.2355, 620.1566
542.7177, 616.0895
543.1998, 615.6092
543.6819, 616.9697
544.1640, 617.4655
544.6461, 616.8580
545.1282, 616.1771
545.6104, 616.4246
546.0925, 616.8812
546.5746, 616.6913
547.0567, 614.8293
547.5388, 613.3878
548.0209, 613.4443
548.5031, 614.4055
548.9852, 614.9661
549.4673, 614.7819
549.9494, 614.3224
550.4315, 613.5591
550.9136, 612.4954
551.3958, 611.8013
551.8779, 611.3640
552.3600, 611.4922
552.8421, 612.7474
553.3242, 615.3819
553.8063, 616.6082
554.2885, 616.0731
554.7706, 614.7805
555.2527, 614.0065
555.7348, 613.6716
556.2169, 613.3159
556.6990, 612.9479
557.1812, 612.3094
557.6633, 610.6049
558.1454, 608.1862
558.6275, 606.3735
559.1096, 606.5469
559.5917, 607.2244
560.0739, 606.9374
560.5560, 605.5615
561.0381, 604.9661
561.5202, 607.0466
562.0023, 609.5133
562.4844, 610.6688
562.9666, 609.7025
563.4487, 608.1910
563.9308, 604.9489
564.4129, 601.7629
564.8950, 601.7957
565.3771, 607.2000
565.8593, 610.8503
566.3414, 610.5294
566.8235, 607.3037
567.3056, 606.3286
567.7877, 607.9598
568.2698, 609.2601
568.7520, 608.0613
569.2341, 605.0492
569.7162, 602.7236
570.1983, 601.1888
570.6804, 600.2029
571.1625, 599.4948
571.6447, 599.2220
572.1268, 599.8342
572.6089, 602.1028
573.0910, 603.8514
573.5731, 603.2054
574.0552, 601.1766
574.5374, 599.5160
575.0195, 599.5605
575.5016, 599.3082
575.9837, 597.5911
576.4658, 594.6237
576.9479, 593.0703
577.4301, 593.8705
577.9122, 595.0673
578.3943, 596.0048
578.8764, 596.7990
579.3585, 596.3409
579.8406, 593.9860
580.3228, 591.8090
580.8049, 592.5836
581.2870, 596.0803
581.7691, 598.1800
582.2512, 597.9008
582.7333, 596.5617
583.2155, 595.6451
583.6976, 595.2361
584.1797, 595.5868
584.6618, 598.5077
585.1439, 600.9962
585.6260, 599.1490
586.1082, 593.9410
586.5903, 590.3307
587.0724, 592.6971
587.5545, 595.7159
588.0366, 595.9745
588.5187, 592.1760
589.0009, 589.7786
589.4830, 590.1366
589.9651, 591.6763
590.4472, 593.4944
590.9293, 596.5614
591.4114, 597.4885
591.8936, 595.3229
592.3757, 591.7473
592.8578, 589.6620
593.3399, 589.1244
593.8220, 589.4777
594.3041, 591.0225
594.7863, 592.9366
595.2684, 593.4787
595.7505, 592.6725
596.2326, 590.7203
596.7147, 585.8206
597.1968, 580.8842
597.6790, 579.6379
598.1611, 582.3961
598.6432, 585.7502
599.1253, 588.9521
599.6074, 591.2468
600.0895, 591.9063
600.5717, 589.5792
601.0538, 587.7595
601.5359, 586.8150
602.0180, 586.7272
602.5001, 587.7156
602.9822, 591.0330
603.4644, 592.8323
603.9465, 592.1008
604.4286, 589.5590
604.9107, 587.3513
605.3928, 585.4633
605.8749, 584.1355
606.3571, 583.4968
606.8392, 583.5099
607.3213, 584.4164
607.8034, 586.1580
608.2855, 587.4631
608.7676, 586.6693
609.2498, 585.1378
609.7319, 584.8398
610.2140, 586.3870
610.6961, 587.5605
611.1782, 586.6100
611.6603, 584.8913
612.1425, 583.8342
612.6246, 583.9565
613.1067, 584.5495
613.5888, 586.7803
614.0709, 589.1861
614.5530, 588.3524
615.0352, 581.8694
615.5173, 577.4478
615.9994, 577.8730
616.4815, 582.0374
616.9636, 583.9796
617.4457, 583.6057
617.9279, 582.1552
618.4100, 579.1041
618.8921, 575.6920
619.3742, 576.1887
619.8563, 580.8124
620.3384, 584.9145
620.8206, 583.8840
621.3027, 580.4897
621.7848, 578.1400
622.2669, 577.9174
622.7490, 577.6882
623.2311, 575.8431
623.7133, 573.6697
624.1954, 572.8160
624.6775, 575.4200
625.1596, 577.0566
625.6417, 576.7668
626.1238, 575.2354
626.6060, 574.3300
627.0881, 574.0762
627.5702, 574.4201
628.0523, 575.7382
628.5344, 577.6363
629.0165, 577.7618
629.4987, 576.0724
629.9808, 574.5253
630.4629, 574.9463
630.9450, 576.3478
631.4271, 576.7120
631.9092, 575.8434
632.3914, 575.1066
632.8735, 576.0782
633.3556, 577.3928
633.8377, 577.5289
634.3198, 575.2973
634.8019, 573.5536
635.2841, 573.1144
635.7662, 573.5676
636.2483, 574.3738
636.7304, 576.2239
637.2125, 577.1738
637.6946, 576.5146
638.1768, 574.9774
638.6589, 574.9372
639.1410, 576.7302
639.6231, 577.6761
640.1052, 576.3011
640.5873, 573.4542
641.0695, 571.5742
641.5516, 570.6168
642.0337, 570.1835
642.5158, 570.2839
642.9979, 570.6144
643.4800, 570.8481
643.9622, 570.9617
644.4443, 571.0087
644.9264, 571.3939
645.4085, 571.4954
645.8906, 570.6417
646.3727, 567.0907
646.8549, 565.6827
647.3369, 568.1245
647.8190, 571.7409
648.3011, 573.1545
648.7833, 571.4710
649.2654, 570.6737
649.7475, 571.7585
650.2296, 573.5275
650.7117, 573.0792
651.1938, 570.6363
651.6760, 568.9507
652.1581, 569.4724
652.6402, 571.1410
653.1223, 573.0193
653.6044, 574.8190
654.0865, 575.4029
654.5687, 572.3599
655.0508, 569.2886
655.5329, 568.8557
656.0150, 571.3447
656.4971, 573.4780
656.9792, 574.2090
657.4614, 574.6459
657.9435, 575.5566
658.4256, 577.5134
658.9077, 577.8451
659.3898, 576.1868
659.8719, 573.5331
660.3541, 570.2239
660.8362, 566.3437
661.3183, 564.8928
661.8004, 566.8109
662.2825, 569.7351
662.7646, 571.0041
663.2468, 570.8433
663.7289, 569.7477
664.2110, 567.3412
664.6931, 564.7750
665.1752, 562.1995
665.6573, 560.1017
666.1395, 559.5598
666.6216, 562.8527
667.1037, 565.7548
667.5858, 566.7906
668.0679, 566.1867
668.5500, 565.2392
669.0322, 563.3844
669.5143, 562.3050
669.9964, 563.1487
670.4785, 565.7241
670.9606, 566.8391
671.4427, 566.3857
671.9249, 565.4846
672.4070, 564.5818
672.8891, 563.9696
673.3712, 564.5663
673.8533, 566.5761
674.3354, 568.4211
674.8176, 568.8538
675.2997, 568.5943
675.7818, 568.4183
676.2639, 568.7614
676.7460, 568.7064
677.2281, 568.4023
677.7103, 567.4273
678.1924, 565.0726
678.6745, 560.0783
679.1566, 556.4532
679.6387, 554.5367
680.1208, 554.4336
680.6030, 557.1319
681.0851, 562.5652
681.5672, 567.3871
682.0493, 570.9321
682.5314, 572.5628
683.0135, 569.1545
683.4957, 562.2108
683.9778, 557.8033
684.4599, 561.9434
684.9420, 567.5405
685.4241, 570.0676
685.9063, 569.4191
686.3884, 567.5618
686.8705, 563.0831
687.3526, 559.2775
687.8347, 557.8659
688.3168, 559.3537
688.7990, 559.6149
689.2811, 558.0823
689.7632, 556.6202
690.2453, 556.7425
690.7274, 558.3539
691.2095, 560.5805
691.6917, 563.5560
692.1738, 565.6866
692.6559, 563.7410
693.1380, 560.1399
693.6201, 559.4534
694.1022, 563.9948
694.5844, 567.9608
695.0665, 567.5143
695.5486, 564.6854
696.0307, 562.0692
696.5128, 559.5131
696.9949, 558.1848
697.4771, 558.9083
697.9592, 560.5807
698.4413, 560.8544
698.9234, 559.2793
699.4055, 558.1604
699.8876, 558.2758
700.3698, 559.0754
700.8519, 559.4218
701.3340, 559.2791
701.8161, 558.3502
702.2982, 554.6082
702.7803, 551.2617
703.2625, 552.9972
703.7446, 558.7797
704.2267, 563.2213
704.7088, 563.4426
705.1909, 562.1940
705.6730, 560.5499
706.1552, 558.5322
706.6373, 556.7723
707.1194, 554.7442
707.6015, 553.7238
708.0836, 554.9559
708.5657, 558.6305
709.0479, 560.0262
709.5300, 558.7891
710.0121, 557.3751
710.4942, 558.4603
710.9763, 560.9923
711.4584, 562.5818
711.9406, 562.8743
712.4227, 562.4835
712.9048, 561.0373
713.3869, 559.5478
713.8690, 559.2100
714.3511, 561.5290
714.8333, 562.7802
715.3154, 560.8717
715.7975, 558.3235
716.2796, 558.1008
716.7617, 561.6151
717.2438, 563.1412
717.7260, 561.3703
718.2081, 558.3299
718.6902, 557.9201
719.1723, 559.7642
719.6544, 560.7893
720.1365, 559.3702
720.6187, 557.7433
721.1008, 559.4415
721.5829, 562.9763
722.0650, 564.9069
722.5471, 561.3936
723.0292, 558.2928
723.5114, 559.0491
723.9935, 562.5724
724.4756, 563.8792
724.9577, 560.9454
725.4398, 558.7106
725.9219, 558.9490
726.4041, 561.1038
726.8862, 561.9691
727.3683, 561.4958
727.8504, 560.3934
728.3325, 558.3735
728.8146, 556.2123
729.2968, 556.0019
729.7789, 557.5303
730.2610, 558.7955
730.7431, 557.7838
731.2252, 556.5968
731.7073, 557.0099
732.1895, 559.3293
732.6716, 561.1410
733.1537, 561.5455
733.6358, 561.7435
734.1179, 562.4241
734.6000, 563.8030
735.0822, 564.0070
735.5643, 562.5324
736.0464, 561.5803
736.5285, 564.0990
737.0106, 568.9279
737.4927, 571.5541
737.9749, 571.4294
738.4570, 570.1564
738.9391, 567.7808
739.4212, 565.6981
739.9033, 565.9075
740.3854, 570.3915
740.8676, 573.2970
741.3497, 571.7149
741.8318, 568.4676
742.3139, 566.4121
742.7960, 565.8210
743.2781, 565.7770
743.7603, 566.2034
744.2424, 567.1736
744.7245, 569.2003
745.2066, 572.0647
745.6887, 574.1966
746.1708, 575.2784
746.6530, 575.3336
747.1351, 572.9529
747.6172, 569.8349
748.0993, 569.0137
748.5814, 574.2363
749.0635, 578.8811
749.5457, 580.8256
750.0278, 580.6202
750.5099, 579.3309
750.9920, 575.7034
751.4741, 573.6354
751.9562, 574.3757
752.4384, 576.7072
752.9205, 577.4578
753.4026, 576.6785
753.8847, 575.8336
754.3668, 575.3359
754.8489, 575.2573
755.3311, 575.6138
755.8132, 576.4664
756.2953, 577.9788
756.7774, 581.4785
757.2595, 584.4426
757.7416, 585.5512
758.2238, 584.9932
758.7059, 584.0728
759.1880, 581.8290
759.6701, 580.9855
760.1522, 583.0060
760.6343, 587.0703
761.1165, 588.6016
761.5986, 587.4780
762.0807, 586.1711
762.5628, 586.2585
763.0449, 586.9408
763.5270, 586.6146
764.0092, 585.5037
764.4913, 584.8226
764.9734, 585.2420
765.4555, 586.3093
765.9376, 588.2128
766.4197, 590.9507
766.9019, 592.2960
767.3840, 590.9464
767.8661, 589.9805
768.3482, 591.1766
768.8303, 594.3830
769.3124, 595.0925
769.7946, 593.1068
770.2767, 591.0225
770.7588, 590.0179
771.2409, 590.3896
771.7230, 593.7502
772.2051, 599.9075
772.6873, 604.4945
773.1694, 604.2188
773.6515, 602.0188
774.1336, 599.3075
774.6157, 595.8694
775.0978, 594.5007
775.5800, 596.4989
776.0621, 598.8736
776.5442, 599.7802
777.0263, 599.1284
777.5084, 599.1337
777.9905, 599.8736
778.4727, 600.5040
778.9548, 599.5176
779.4369, 598.1956
779.9190, 599.3021
780.4011, 603.2263
780.8832, 606.5618
781.3654, 606.5413
781.8475, 605.7360
782.3296, 606.2381
782.8117, 609.1646
783.2938, 610.4007
783.7759, 608.8001
784.2581, 607.1243
784.7402, 607.9607
785.2223, 611.3136
785.7044, 612.8381
786.1865, 612.2679
786.6686, 610.6599
787.1508, 607.2347
787.6329, 604.0718
788.1150, 605.5032
788.5971, 613.1884
789.0792, 618.5021
789.5613, 614.2049
790.0435, 607.8855
790.5256, 605.9592
791.0077, 611.0314
791.4898, 614.4599
791.9719, 616.0912
792.4540, 616.2698
792.9362, 614.9521
793.4183, 612.2481
793.9004, 609.1743
794.3825, 605.5952
794.8646, 603.4102
795.3467, 606.0133
795.8289, 610.4442
796.3110, 612.5142
796.7931, 611.0664
797.2752, 609.3436
797.7573, 607.9470
798.2394, 607.1483
798.7216, 607.2081
799.2037, 608.5887
799.6858, 609.6152
800.1679, 610.3027
800.6500, 610.5949
801.1321, 610.2258
801.6143, 609.3595
802.0964, 608.9578
802.5785, 609.1966
803.0606, 609.1926
803.5427, 606.9506
804.0248, 604.6656
804.5070, 605.3712
804.9891, 611.5084
805.4712, 614.7633
805.9533, 609.9216
806.4354, 604.1360
806.9175, 602.9968
807.3997, 608.2182
807.8818, 610.3692
808.3639, 608.6336
808.8460, 606.0457
809.3281, 606.4283
809.8102, 608.3519
810.2924, 607.4042
810.7745, 602.5689
811.2566, 598.9576
811.7387, 601.8485
812.2208, 606.6096
812.7029, 609.0773
813.1851, 607.7803
813.6672, 606.3430
814.1493, 604.6492
814.6314, 603.2222
815.1135, 602.4377
815.5956, 602.2867
816.0778, 603.0336
816.5599, 604.8133
817.0420, 606.4607
817.5241, 606.9693
818.0062, 606.5652
818.4883, 605.4893
818.9705, 603.7145
819.4526, 601.7830
819.9347, 598.8920
820.4168, 596.7023
820.8989, 596.8089
821.3810, 600.0115
821.8632, 602.1010
822.3453, 602.9747
822.8274, 602.9615
823.3095, 602.0280
823.7916, 600.3547
824.2737, 598.8708
824.7559, 597.6078
825.2380, 596.8340
825.7201, 596.9645
826.2022, 597.5799
826.6843, 598.8377
827.1664, 601.0353
827.6486, 600.9783
828.1307, 594.6622
828.6128, 588.9867
829.0949, 587.6516
829.5770, 591.0372
830.0591, 593.0898
830.5413, 593.7167
831.0234, 593.4879
831.5055, 592.4046
831.9876, 590.9031
832.4697, 589.8337
832.9518, 589.2172
833.4340, 588.7031
833.9161, 587.5989
834.3982, 586.9390
834.8803, 587.8279
835.3624, 590.4726
835.8445, 591.5727
836.3267, 590.8182
836.8088, 589.0878
837.2909, 586.3196
837.7730, 582.8865
838.2551, 581.1608
838.7372, 581.0671
839.2194, 581.3219
839.7015, 581.0176
840.1836, 580.7347
840.6657, 581.5510
841.1478, 583.1505
841.6299, 583.5043
842.1121, 580.7043
842.5942, 577.8904
843.0763, 575.8923
843.5584, 574.7120
844.0405, 574.5707
844.5226, 575.6050
845.0048, 576.6693
845.4869, 577.5234
845.9690, 577.8608
846.4511, 576.3818
846.9332, 573.7503
847.4153, 572.1859
847.8975, 573.8155
848.3796, 575.6974
848.8617, 576.8777
849.3438, 577.1769
849.8259, 576.0402
850.3080, 572.1796
850.7902, 569.9232
851.2723, 570.8792
851.7544, 573.2638
852.2365, 572.6643
852.7186, 569.6467
853.2007, 567.5750
853.6829, 568.1956
854.1650, 569.3564
854.6471, 569.2923
855.1292, 568.4373
855.6113, 567.5168
856.0934, 565.9820
856.5756, 565.4844
857.0577, 567.0201
857.5398, 568.9800
858.0219, 568.8339
858.5040, 566.4371
858.9861, 564.2327
859.4683, 562.4333
859.9504, 561.5663
860.4325, 563.7986
860.9146, 566.9965
861.3967, 567.1440
861.8788, 561.8690
862.3610, 557.3019
862.8431, 556.5867
863.3252, 557.1235
863.8073, 556.3610
864.2894, 553.4762
864.7715, 551.9584
865.2537, 552.1520
865.7358, 552.7898
866.2179, 552.6946
866.7000, 552.0431
867.1821, 551.2751
867.6642, 550.4319
868.1464, 549.5667
868.6285, 548.8912
869.1106, 548.0750
869.5927, 546.6794
870.0748, 544.3909
870.5569, 543.0417
871.0391, 542.8930
871.5212, 543.2118
872.0033, 544.0347
872.4854, 545.0889
872.9675, 543.6446
873.4496, 539.8893
873.9318, 537.1198
874.4139, 538.5105
874.8960, 541.1521
875.3781, 542.8723
875.8602, 543.5690
876.3423, 543.2976
876.8245, 541.2192
877.3066, 539.1439
877.7887, 537.4836
878.2708, 536.2143
878.7529, 535.1830
879.2350, 534.3972
879.7172, 534.1595
880.1993, 535.2191
880.6814, 536.2094
881.1635, 534.8945
881.6456, 532.1261
882.1277, 529.8840
882.6099, 528.5895
883.0920, 528.3287
883.5741, 530.5273
884.0562, 533.1479
884.5383, 532.4353
885.0204, 527.6205
885.5026, 524.3763
885.9847, 523.8059
886.4668, 524.8312
886.9489, 526.9333
887.4310, 529.3522
887.9131, 530.4429
888.3953, 529.4866
888.8774, 528.0582
889.3595, 526.3939
889.8416, 524.8527
890.3237, 523.8095
890.8058, 523.5543
891.2880, 522.8597
891.7701, 521.5284
892.2522, 520.3802
892.7343, 520.3029
893.2164, 520.9705
893.6985, 521.5246
894.1807, 521.8951
894.6628, 522.3202
895.1449, 523.5109
895.6270, 524.3475
896.1091, 523.7898
896.5912, 521.6525
897.0734, 520.3901
897.5555, 520.3536
898.0376, 520.3490
898.5197, 519.5660
899.0018, 518.4539
899.4839, 518.8740
899.9661, 520.5911
900.4482, 522.2260
900.9303, 522.7926
901.4124, 523.2527
901.8945, 524.8870
902.3766, 526.9990
902.8588, 527.1544
903.3409, 523.7560
903.8230, 521.0743
904.3051, 520.0253
904.7872, 519.8767
905.2693, 519.1398
905.7515, 517.9302
906.2336, 516.8818
906.7157, 516.0536
907.1978, 515.7359
907.6799, 516.8751
908.1620, 518.3511
908.6442, 518.7426
909.1263, 516.3355
909.6084, 515.4838
910.0905, 517.1284
910.5726, 519.1855
911.0547, 519.6473
911.5369, 518.6722
912.0190, 518.2279
912.5011, 518.4554
912.9832, 518.5708
913.4653, 517.8776
913.9474, 516.8026
914.4296, 515.5282
914.9117, 514.0485
915.3938, 513.3304
915.8759, 513.6994
916.3580, 514.5787
916.8401, 515.9727
917.3223, 517.6856
917.8044, 518.7300
918.2865, 519.0848
918.7686, 518.6071
919.2507, 516.4254
919.7328, 514.0544
920.2150, 513.1837
920.6971, 513.2971
921.1792, 513.0883
921.6613, 511.6333
922.1434, 510.6373
922.6255, 510.5026
923.1077, 510.7934
923.5898, 510.5523
924.0719, 509.8557
924.5540, 510.2652
925.0361, 512.4161
925.5182, 514.3831
926.0004, 513.9765
926.4825, 512.3993
926.9646, 511.1093
927.4467, 510.5493
927.9288, 509.7688
928.4109, 508.5050
928.8931, 507.1738
929.3752, 505.8407
929.8573, 504.5276
930.3394, 504.6609
930.8215, 506.2422
931.3036, 507.8578
931.7858, 508.5997
932.2679, 508.7928
932.7500, 508.1567
933.2321, 507.0096
933.7142, 507.4698
934.1964, 513.1302
934.6785, 516.1426
935.1606, 513.6101
935.6427, 507.5934
936.1248, 504.0033
936.6069, 502.7188
937.0891, 502.8895
937.5712, 504.9123
938.0533, 506.8961
938.5354, 506.4699
939.0175, 504.9875
939.4996, 504.4474
939.9818, 507.1469
940.4639, 507.8346
940.9460, 504.8985
941.4281, 501.8872
941.9102, 503.0713
942.3923, 507.8966
942.8745, 511.3112
943.3566, 512.9801
943.8387, 513.2727
944.3208, 511.2596
944.8029, 508.9265
945.2850, 508.2461
945.7672, 509.4567
946.2493, 509.7145
946.7314, 508.2256
947.2135, 506.8683
947.6956, 506.4329
948.1777, 506.6424
948.6599, 506.4685
949.1420, 505.9996
949.6241, 505.7369
950.1062, 505.8737
950.5883, 506.3451
951.0704, 508.0709
951.5526, 509.8917
952.0347, 509.3087
952.5168, 503.5802
952.9989, 501.0520
953.4810, 503.2863
953.9631, 506.9908
954.4453, 507.6434
954.9274, 506.2881
955.4095, 507.2032
955.8916, 511.1888
956.3737, 513.8651
956.8558, 510.5900
957.3380, 506.2300
957.8201, 504.6691
958.3022, 506.3106
958.7843, 506.6214
959.2664, 504.9678
959.7485, 504.0384
960.2307, 505.8843
960.7128, 508.8747
961.1949, 508.6689
961.6770, 506.1182
962.1591, 504.2321
962.6412, 504.9340
963.1234, 505.9897
963.6055, 506.4384
964.0876, 506.7123
964.5697, 507.7896
965.0518, 510.1616
965.5339, 510.8502
966.0161, 509.2154
966.4982, 506.8712
966.9803, 505.3442
967.4624, 504.5667
967.9445, 504.5710
968.4266, 505.4262
968.9088, 506.4221
969.3909, 508.5319
969.8730, 509.3864
970.3551, 506.7445
970.8372, 501.0561
971.3193, 501.1712
971.8015, 507.3226
972.2836, 512.2319
972.7657, 510.4983
973.2478, 506.5631
973.7299, 505.4004
974.2120, 506.2513
974.6942, 507.2049
975.1763, 508.6367
975.6584, 508.6640
976.1405, 506.0251
976.6226, 503.0299
977.1047, 503.5712
977.5869, 507.2435
978.0690, 509.4512
978.5511, 509.4448
979.0332, 508.8726
979.5153, 508.6160
979.9974, 508.7811
980.4796, 509.6954
980.9617, 511.5612
981.4438, 512.6527
981.9259, 513.0422
982.4080, 512.3300
982.8901, 509.4941
983.3723, 505.8403
983.8544, 506.3976
984.3365, 510.0876
984.8186, 512.4365
985.3007, 510.1898
985.7828, 507.2285
986.2650, 504.6050
986.7471, 502.7744
987.2292, 502.5494
987.7113, 504.6469
988.1934, 505.5594
988.6755, 504.7209
989.1577, 503.6993
989.6398, 504.6821
990.1219, 506.5000
990.6040, 506.9912
991.0861, 505.8951
991.5682, 504.9653
992.0504, 504.8300
992.5325, 505.1533
993.0146, 506.1271
993.4967, 507.4414
993.9788, 507.1223
994.4609, 505.1835
994.9431, 503.4432
995.4252, 502.5436
995.9073, 502.3441
996.3894, 502.9411
996.8715, 504.0512
997.3536, 505.2174
997.8358, 506.9556
998.3179, 507.7230
998.8000, 507.2446
999.2821, 506.1707
999.7642, 504.8100
1000.246, 503.3200
1000.728, 502.6635
1001.211, 502.8612
1001.693, 503.5594
1002.175, 505.4022
1002.657, 506.8728
1003.139, 506.4914
1003.621, 504.6022
1004.103, 503.9938
1004.585, 505.0268
1005.068, 505.9532
1005.550, 506.2233
1006.032, 506.3035
1006.514, 507.2051
1006.996, 508.4387
1007.478, 509.0576
1007.960, 508.8046
1008.442, 507.8947
1008.924, 504.6720
1009.407, 502.3587
1009.889, 504.1403
1010.371, 510.3117
1010.853, 510.3400
1011.335, 504.1544
1011.817, 498.4108
1012.299, 497.4565
1012.781, 499.0250
1013.263, 502.1855
1013.746, 506.2191
1014.228, 508.8490
1014.710, 509.3076
1015.192, 509.1907
1015.674, 508.6309
1016.156, 507.7343
1016.638, 506.1916
1017.120, 504.4434
1017.603, 504.2340
1018.085, 506.0997
1018.567, 507.3286
1019.049, 505.3415
1019.531, 502.9797
1020.013, 502.1109
1020.495, 502.7049
1020.977, 504.2628
1021.459, 507.0229
1021.942, 508.5186
1022.424, 506.5578
1022.906, 503.9264
1023.388, 505.3112
1023.870, 508.7406
1024.352, 510.3535
1024.834, 507.5476
1025.316, 504.7768
1025.799, 502.1571
1026.281, 500.0996
1026.763, 499.1915
1027.245, 499.2970
1027.727, 499.3401
1028.209, 499.2798
1028.691, 499.6275
1029.173, 501.1152
1029.656, 502.7838
1030.138, 504.2587
1030.620, 505.3573
1031.102, 505.1757
1031.584, 503.0329
1032.066, 502.6801
1032.548, 505.8092
1033.030, 509.2255
1033.512, 507.1711
1033.995, 502.3868
1034.477, 499.7472
1034.959, 500.9424
1035.441, 501.9687
1035.923, 502.0013
1036.405, 501.4421
1036.887, 500.2223
1037.369, 498.5079
1037.851, 497.5953
1038.334, 497.5004
1038.816, 498.1979
1039.298, 501.2354
1039.780, 503.5094
1040.262, 501.8821
1040.744, 498.3051
1041.226, 496.8041
1041.708, 498.4631
1042.191, 499.4321
1042.673, 499.4487
1043.155, 498.7694
1043.637, 496.5884
1044.119, 494.3457
1044.601, 495.1101
1045.083, 498.9367
1045.565, 501.9612
1046.047, 502.4084
1046.530, 502.2416
1047.012, 501.9325
1047.494, 501.5224
1047.976, 501.3885
1048.458, 501.3882
1048.940, 500.1494
1049.422, 496.7049
1049.904, 493.8495
1050.386, 494.5148
1050.869, 496.3017
1051.351, 496.6071
1051.833, 494.9169
1052.315, 494.1849
1052.797, 494.5304
1053.279, 495.3033
1053.761, 496.8057
1054.243, 498.0368
1054.726, 496.1294
1055.208, 492.5446
1055.690, 491.1548
1056.172, 496.7028
1056.654, 499.7423
1057.136, 497.9772
1057.618, 494.6950
1058.100, 493.9070
1058.583, 495.1577
1059.065, 495.1854
1059.547, 493.7827
1060.029, 492.8954
1060.511, 494.7441
1060.993, 496.7310
1061.475, 497.1840
1061.957, 496.3688
1062.439, 495.4454
1062.922, 494.3316
1063.404, 493.6955
1063.886, 493.8301
1064.368, 494.1331
1064.850, 494.0319
1065.332, 493.5517
1065.814, 492.6060
1066.296, 490.9864
1066.778, 489.8033
1067.261, 489.0417
1067.743, 488.9126
1068.225, 489.7618
1068.707, 491.2130
1069.189, 491.9240
1069.671, 492.0980
1070.153, 492.4630
1070.635, 493.7099
1071.118, 494.7072
1071.600, 494.7845
1072.082, 494.5086
1072.564, 494.4113
1073.046, 494.5038
1073.528, 494.8318
1074.010, 495.4185
1074.492, 495.3309
1074.974, 492.4378
1075.457, 489.7312
1075.939, 490.7344
1076.421, 494.3798
1076.903, 495.9230
1077.385, 494.3139
1077.867, 492.6230
1078.349, 491.1410
1078.831, 490.3282
1079.313, 491.6059
1079.796, 493.6869
1080.278, 493.7881
1080.760, 491.3806
1081.242, 490.2746
1081.724, 493.5717
1082.206, 496.2347
1082.688, 496.2034
1083.170, 494.4067
1083.653, 493.9701
1084.135, 494.5498
1084.617, 494.2308
1085.099, 491.7773
1085.581, 489.9160
1086.063, 491.4162
1086.545, 493.4967
1087.027, 493.2876
1087.510, 490.3515
1087.992, 489.8818
1088.474, 492.0451
1088.956, 494.1887
1089.438, 494.0035
1089.920, 493.5903
1090.402, 496.2674
1090.884, 500.1976
1091.366, 501.3406
1091.849, 497.1777
1092.331, 493.9399
1092.813, 491.9365
1093.295, 490.8018
1093.777, 490.0849
1094.259, 490.0004
1094.741, 491.3878
1095.223, 494.0406
1095.705, 496.2913
1096.188, 498.0654
1096.670, 498.3455
1097.152, 495.9434
1097.634, 492.9601
1098.116, 494.2026
1098.598, 498.6194
1099.080, 499.9764
1099.562, 497.0523
1100.045, 493.6764
1100.527, 491.7154
1101.009, 490.7719
1101.491, 490.9399
1101.973, 491.9248
1102.455, 491.9837
1102.937, 491.0653
1103.419, 490.7056
1103.901, 491.6801
1104.384, 492.7311
1104.866, 492.3767
1105.348, 491.4286
1105.830, 490.8267
1106.312, 490.7440
1106.794, 490.9466
1107.276, 491.6625
1107.758, 491.7934
1108.240, 490.0269
1108.723, 487.8491
1109.205, 488.1089
1109.687, 489.9876
1110.169, 491.5880
1110.651, 492.0456
1111.133, 492.5927
1111.615, 493.3766
1112.097, 494.2184
1112.580, 495.2104
1113.062, 496.1215
1113.544, 495.5435
1114.026, 493.7894
1114.508, 493.0859
1114.990, 496.3545
1115.472, 498.7187
1115.954, 497.7605
1116.437, 495.3988
1116.919, 494.6136
1117.401, 495.2578
1117.883, 494.7744
1118.365, 492.8164
1118.847, 491.5143
1119.329, 493.8259
1119.811, 496.1198
1120.293, 495.1070
1120.776, 491.7953
1121.258, 490.6614
1121.740, 491.9713
1122.222, 493.0281
1122.704, 493.2827
1123.186, 492.8227
1123.668, 491.1500
1124.150, 489.1851
1124.632, 488.1115
1125.115, 488.2372
1125.597, 487.3438
1126.079, 484.9491
1126.561, 483.0592
1127.043, 482.3782
1127.525, 482.7629
1128.007, 484.8324
1128.489, 487.5091
1128.972, 488.8052
1129.454, 487.5730
1129.936, 486.8438
1130.418, 487.1054
1130.900, 487.5115
1131.382, 487.4903
1131.864, 487.2631
1132.346, 487.3441
1132.828, 487.7783
1133.311, 488.7260
1133.793, 491.1961
1134.275, 492.8377
1134.757, 493.2034
1135.239, 492.5537
1135.721, 490.5572
1136.203, 487.5275
1136.685, 485.7512
1137.167, 485.2705
1137.650, 486.0740
1138.132, 490.5211
1138.614, 493.5714
1139.096, 491.4481
1139.578, 487.3126
1140.060, 485.4502
1140.542, 485.8758
1141.024, 486.5260
1141.506, 487.2516
1141.989, 487.2320
1142.471, 484.4079
1142.953, 481.9641
1143.435, 483.1803
1143.917, 481.5291
1144.399, 481.1097
1144.881, 482.7782
1145.363, 481.7529
1145.846, 485.2692
1146.328, 489.3061
1146.810, 490.1580
1147.292, 489.2702
1147.774, 487.6414
1148.256, 485.4272
1148.738, 483.6997
1149.220, 482.4036
1149.703, 481.9238
1150.185, 482.5040
1150.667, 483.5396
1151.149, 484.8478
1151.631, 485.8080
1152.113, 484.9923
1152.595, 481.6383
1153.077, 481.3570
1153.559, 485.9788
1154.042, 489.5128
1154.524, 489.2258
1155.006, 486.9682
1155.488, 485.6714
1155.970, 485.0752
1156.452, 484.7023
1156.934, 484.3442
1157.416, 484.5380
1157.898, 485.6446
1158.381, 486.6758
1158.863, 487.1724
1159.345, 487.1519
1159.827, 486.2785
1160.309, 484.9436
1160.791, 484.3179
1161.273, 486.1930
1161.755, 486.2135
1162.238, 482.0301
1162.720, 477.8445
1163.202, 476.7534
1163.684, 478.3351
1164.166, 480.9803
1164.648, 484.3379
1165.130, 486.7892
1165.612, 486.8005
1166.094, 486.7326
1166.577, 487.5687
1167.059, 488.3717
1167.541, 488.0450
1168.023, 486.7344
1168.505, 485.8133
1168.987, 485.3018
1169.469, 485.0783
1169.951, 485.6356
1170.433, 485.8056
1170.916, 484.4697
1171.398, 482.8220
1171.880, 482.7094
1172.362, 484.0109
1172.844, 483.9384
1173.326, 482.3248
1173.808, 480.7444
1174.290, 480.3976
1174.773, 480.3189
1175.255, 479.7487
1175.737, 479.1466
1176.219, 479.6299
1176.701, 481.2141
1177.183, 482.2171
1177.665, 482.4250
1178.147, 482.2075
1178.630, 481.0125
1179.112, 480.2795
1179.594, 481.8701
1180.076, 481.1369
1180.558, 481.2603
1181.040, 482.3781
1181.522, 481.4898
1182.004, 483.4670
1182.486, 484.8835
1182.969, 480.9217
1183.451, 476.5563
1183.933, 476.9149
1184.415, 474.7763
1184.897, 473.8701
1185.379, 476.4117
1185.861, 475.1929
1186.343, 480.4706
1186.825, 486.2249
1187.308, 486.7666
1187.790, 484.7912
1188.272, 482.1741
1188.754, 479.2011
1189.236, 478.2539
1189.718, 479.6074
1190.200, 480.5198
1190.682, 479.9703
1191.165, 479.1023
1191.647, 479.2921
1192.129, 479.7178
1192.611, 479.2127
1193.093, 477.5691
1193.575, 477.7675
1194.057, 480.3055
1194.539, 480.6783
1195.021, 475.8548
1195.504, 470.7178
1195.986, 471.2169
1196.468, 474.4726
1196.950, 476.9370
1197.432, 478.1469
1197.914, 479.2727
1198.396, 480.3871
1198.878, 480.9040
1199.360, 480.5293
1199.843, 479.4394
1200.325, 476.7733
1200.807, 474.0284
1201.289, 473.7097
1201.771, 476.9021
1202.253, 478.3512
1202.735, 477.7635
1203.217, 477.4196
1203.700, 479.1708
1204.182, 481.1269
1204.664, 481.0845
1205.146, 479.7783
1205.628, 478.1965
1206.110, 475.8795
1206.592, 475.5499
1207.074, 477.5099
1207.557, 479.4707
1208.039, 479.7487
1208.521, 479.4677
1209.003, 480.2723
1209.485, 481.2977
1209.967, 480.7319
1210.449, 477.2225
1210.931, 475.9413
1211.413, 477.1707
1211.896, 478.8109
1212.378, 479.4813
1212.860, 479.7440
1213.342, 480.9365
1213.824, 481.9768
1214.306, 480.0931
1214.788, 473.1608
1215.270, 470.6902
1215.752, 473.2983
1216.235, 477.0091
1216.717, 479.5416
1217.199, 481.1806
1217.681, 482.3626
1218.163, 482.8332
1218.645, 481.8097
1219.127, 478.6664
1219.609, 476.7998
1220.092, 476.4425
1220.574, 476.3714
1221.056, 475.6200
1221.538, 474.7064
1222.020, 473.5786
1222.502, 472.8177
1222.984, 473.9741
1223.466, 477.9904
1223.948, 478.8114
1224.431, 475.8173
1224.913, 473.0751
1225.395, 474.9810
1225.877, 477.4526
1226.359, 476.8322
1226.841, 474.2009
1227.323, 472.4417
1227.805, 471.5846
1228.287, 471.5300
1228.770, 472.2729
1229.252, 473.7935
1229.734, 477.2596
1230.216, 480.3227
1230.698, 481.2445
1231.180, 480.3660
1231.662, 478.4128
1232.144, 475.2024
1232.627, 473.2599
1233.109, 472.7977
1233.591, 473.3963
1234.073, 475.9546
1234.555, 478.2285
1235.037, 478.5330
1235.519, 477.6033
1236.001, 476.5523
1236.484, 475.3907
1236.966, 475.7170
1237.448, 477.6600
1237.930, 478.6548
1238.412, 475.5827
1238.894, 472.5278
1239.376, 472.1678
1239.858, 473.1385
1240.340, 473.2399
1240.823, 472.5883
1241.305, 472.5416
1241.787, 473.2227
1242.269, 474.3613
1242.751, 476.2206
1243.233, 478.0355
1243.715, 480.1438
1244.197, 481.4342
1244.679, 478.9460
1245.162, 473.8042
1245.644, 472.8575
1246.126, 476.4192
1246.608, 479.1944
1247.090, 476.8851
1247.572, 475.3488
1248.054, 476.7589
1248.536, 479.3418
1249.019, 480.7223
1249.501, 480.9736
1249.983, 479.9037
1250.465, 477.6574
1250.947, 476.0157
1251.429, 475.6110
1251.911, 476.3055
1252.393, 478.6307
1252.875, 480.9549
1253.358, 480.9197
1253.840, 479.2607
1254.322, 476.9781
1254.804, 474.4245
1255.286, 473.7435
1255.768, 477.4394
1256.250, 479.7275
1256.732, 479.5658
1257.214, 478.1871
1257.697, 476.6421
1258.179, 475.1367
1258.661, 473.8188
1259.143, 472.7995
1259.625, 472.8169
1260.107, 474.3235
1260.589, 475.8261
1261.071, 477.2135
1261.554, 478.1406
1262.036, 477.7547
1262.518, 477.0527
1263.000, 477.3589
1263.482, 478.4528
1263.964, 478.9803
1264.446, 478.8437
1264.928, 478.2479
1265.411, 477.1653
1265.893, 476.0406
1266.375, 474.8209
1266.857, 474.1215
1267.339, 474.7768
1267.821, 476.3867
1268.303, 477.6728
1268.785, 478.6408
1269.267, 479.2535
1269.750, 479.4995
1270.232, 479.5020
1270.714, 478.9023
1271.196, 478.5596
1271.678, 480.1567
1272.160, 481.7920
1272.642, 479.4937
1273.124, 473.7083
1273.606, 471.0327
1274.089, 471.8565
1274.571, 473.1297
1275.053, 473.6255
1275.535, 473.3946
1276.017, 471.5157
1276.499, 470.0161
1276.981, 472.8613
1277.463, 478.3723
1277.946, 479.4870
1278.428, 476.3879
1278.910, 473.8212
1279.392, 474.6815
1279.874, 475.1559
1280.356, 474.4432
1280.838, 473.3681
1281.320, 472.5941
1281.802, 472.2121
1282.285, 472.6797
1282.767, 473.7655
1283.249, 474.3891
1283.731, 473.3572
1284.213, 473.9764
1284.695, 477.0446
1285.177, 479.7130
1285.659, 478.6110
1286.141, 476.1792
1286.624, 475.3837
1287.106, 475.8629
1287.588, 476.3887
1288.070, 476.9432
1288.552, 477.2952
1289.034, 477.4835
1289.516, 476.8519
1289.998, 473.2113
1290.481, 470.2267
1290.963, 472.0603
1291.445, 476.0053
1291.927, 477.0922
1292.409, 475.0454
1292.891, 475.4972
1293.373, 478.3531
1293.855, 480.2179
1294.338, 477.2572
1294.820, 474.9839
1295.302, 477.2521
1295.784, 480.3500
1296.266, 480.9843
1296.748, 479.5322
1297.230, 478.0621
1297.712, 476.8139
1298.194, 476.6315
1298.677, 479.1120
1299.159, 480.6254
1299.641, 480.5309
1300.123, 479.6589
1300.605, 478.4404
1301.087, 476.9616
1301.569, 474.4377
1302.051, 471.8890
1302.533, 471.5614
1303.016, 473.7536
##END=



