##NAMES=Poldervaartite
##RRUFFID=R080080
##IDEAL CHEMISTRY=Ca_2_(SiO_3_OH)(OH)
##LOCALITY=Wessels mine, Hotazel, Kalahari manganese field, Cape Province, South Africa
##OWNER=RRUFF
##SOURCE=William W. Pinch
##DESCRIPTION=Colorless prismatic crystals
##STATUS=The identification of this mineral has been confirmed by single-crystal X-ray diffraction.
##URL=rruff.info/R080080
93.96979, 218.3298
94.45190, 226.9549
94.93402, 235.8763
95.41614, 242.1394
95.89825, 246.8445
96.38037, 251.8930
96.86249, 257.3334
97.34460, 263.8198
97.82672, 272.7886
98.30884, 281.3638
98.79095, 290.5559
99.27307, 298.8481
99.75519, 303.8058
100.2373, 305.2966
100.7194, 303.1557
101.2015, 297.3898
101.6837, 286.4918
102.1658, 273.5103
102.6479, 259.9486
103.1300, 245.6261
103.6121, 232.1939
104.0942, 220.7505
104.5764, 210.9044
105.0585, 202.8727
105.5406, 196.5389
106.0227, 191.9349
106.5048, 189.4359
106.9869, 189.8069
107.4691, 191.2930
107.9512, 192.7522
108.4333, 194.4149
108.9154, 196.9027
109.3975, 200.8840
109.8796, 206.5627
110.3618, 212.3782
110.8439, 219.3888
111.3260, 225.7049
111.8081, 230.3818
112.2902, 233.3332
112.7723, 235.1325
113.2545, 236.4552
113.7366, 236.4998
114.2187, 237.6585
114.7008, 239.8707
115.1829, 243.0894
115.6650, 247.0352
116.1472, 251.6024
116.6293, 257.3118
117.1114, 265.8759
117.5935, 278.9330
118.0756, 291.2589
118.5577, 304.2392
119.0399, 315.8513
119.5220, 321.0565
120.0041, 316.5566
120.4862, 304.3354
120.9683, 290.3937
121.4504, 273.0659
121.9326, 256.7958
122.4147, 244.8418
122.8968, 237.2718
123.3789, 233.1677
123.8610, 233.7719
124.3431, 237.2425
124.8252, 242.2455
125.3074, 248.3391
125.7895, 255.7869
126.2716, 265.5233
126.7537, 279.1400
127.2358, 292.1441
127.7179, 304.6301
128.2001, 315.4967
128.6822, 323.6446
129.1643, 328.5301
129.6464, 330.0796
130.1285, 327.0067
130.6107, 316.7568
131.0928, 303.8333
131.5749, 287.7469
132.0570, 269.6506
132.5391, 251.3934
133.0212, 234.7087
133.5034, 219.7566
133.9855, 205.1128
134.4676, 189.2722
134.9497, 174.8145
135.4318, 163.3236
135.9139, 154.8978
136.3961, 148.4047
136.8782, 142.8296
137.3603, 138.3089
137.8424, 134.3685
138.3245, 131.0074
138.8066, 128.2157
139.2888, 126.1133
139.7709, 124.8112
140.2530, 123.9141
140.7351, 122.9063
141.2172, 121.7959
141.6993, 120.9631
142.1815, 120.4929
142.6636, 120.4151
143.1457, 120.8891
143.6278, 122.1914
144.1099, 123.8336
144.5920, 125.4685
145.0742, 127.0735
145.5563, 128.5305
146.0384, 129.9279
146.5205, 131.3632
147.0026, 131.8960
147.4847, 130.7552
147.9669, 129.0145
148.4490, 127.0324
148.9311, 124.9392
149.4132, 122.8955
149.8953, 121.0989
150.3774, 119.3706
150.8596, 118.3329
151.3417, 118.4040
151.8238, 118.8317
152.3059, 119.0508
152.7880, 118.8439
153.2701, 118.3428
153.7523, 117.8793
154.2344, 117.1679
154.7165, 116.8637
155.1986, 117.5169
155.6807, 118.4506
156.1628, 118.6629
156.6449, 117.5795
157.1271, 115.6818
157.6092, 114.9944
158.0913, 116.2692
158.5734, 117.6363
159.0555, 118.6061
159.5376, 119.2728
160.0198, 119.8584
160.5019, 120.4158
160.9840, 121.0364
161.4661, 121.9525
161.9482, 123.1146
162.4303, 124.5929
162.9125, 126.5834
163.3946, 129.0629
163.8767, 131.5062
164.3588, 133.7287
164.8409, 135.6412
165.3230, 137.0641
165.8052, 137.5699
166.2873, 137.9266
166.7694, 139.2193
167.2515, 141.7029
167.7336, 144.2794
168.2157, 146.3514
168.6979, 148.2220
169.1800, 150.3527
169.6621, 153.2100
170.1442, 156.2549
170.6263, 157.9592
171.1084, 157.8691
171.5906, 156.9833
172.0727, 155.8099
172.5548, 154.1655
173.0369, 151.7278
173.5190, 148.2083
174.0011, 143.7350
174.4833, 139.3914
174.9654, 135.0487
175.4475, 130.9736
175.9296, 127.1950
176.4117, 123.7367
176.8938, 120.6018
177.3760, 117.8102
177.8581, 115.3664
178.3402, 113.1074
178.8223, 110.9539
179.3044, 109.0357
179.7865, 107.4298
180.2687, 106.1139
180.7508, 105.0176
181.2329, 104.0808
181.7150, 103.3065
182.1971, 102.8549
182.6792, 102.9789
183.1614, 103.1654
183.6435, 103.1645
184.1256, 102.9503
184.6077, 102.5923
185.0898, 102.1942
185.5719, 101.7291
186.0541, 100.8477
186.5362, 98.95824
187.0183, 96.98454
187.5004, 95.83161
187.9825, 95.61274
188.4646, 95.76253
188.9468, 95.80013
189.4289, 95.78367
189.9110, 95.99203
190.3931, 96.73966
190.8752, 97.67390
191.3573, 98.15861
191.8395, 97.96653
192.3216, 97.84600
192.8037, 98.42419
193.2858, 99.50169
193.7679, 100.6913
194.2500, 101.8511
194.7322, 102.9914
195.2143, 104.1325
195.6964, 105.1445
196.1785, 106.3837
196.6606, 108.1271
197.1427, 110.2117
197.6249, 112.2665
198.1070, 114.0569
198.5891, 115.6027
199.0712, 117.1156
199.5533, 118.7414
200.0354, 120.1463
200.5176, 121.2908
200.9997, 122.1273
201.4818, 122.5792
201.9639, 122.6038
202.4460, 122.2070
202.9281, 121.2755
203.4103, 119.5430
203.8924, 117.4746
204.3745, 114.8551
204.8566, 111.9479
205.3387, 109.3958
205.8208, 107.8585
206.3030, 107.5226
206.7851, 106.3750
207.2672, 103.3692
207.7493, 100.6143
208.2314, 98.92278
208.7135, 98.26399
209.1957, 98.24256
209.6778, 98.57163
210.1599, 99.33271
210.6420, 99.77790
211.1241, 99.32133
211.6062, 99.11034
212.0884, 99.84610
212.5705, 101.4585
213.0526, 103.3629
213.5347, 105.0751
214.0168, 106.5652
214.4989, 108.0526
214.9811, 109.5519
215.4632, 111.0411
215.9453, 112.5378
216.4274, 114.0349
216.9095, 115.4162
217.3916, 116.4387
217.8738, 117.1485
218.3559, 118.5678
218.8380, 121.3292
219.3201, 124.4243
219.8022, 126.9570
220.2843, 128.8615
220.7665, 130.6830
221.2486, 132.6757
221.7307, 134.9459
222.2128, 137.8166
222.6949, 141.6539
223.1770, 145.9611
223.6592, 150.0494
224.1413, 153.8131
224.6234, 157.9724
225.1055, 163.1863
225.5876, 169.1523
226.0697, 175.4239
226.5519, 181.7979
227.0340, 188.4339
227.5161, 195.5459
227.9982, 203.1484
228.4803, 211.2020
228.9624, 219.4678
229.4446, 228.1404
229.9267, 237.6489
230.4088, 247.8301
230.8909, 259.1027
231.3730, 272.1334
231.8551, 286.9334
232.3373, 303.5475
232.8194, 321.9554
233.3015, 342.1073
233.7836, 364.3617
234.2657, 389.1455
234.7478, 415.6700
235.2300, 442.5172
235.7121, 471.0304
236.1942, 497.2116
236.6763, 523.5286
237.1584, 546.0566
237.6405, 561.0447
238.1227, 567.0560
238.6048, 564.1534
239.0869, 552.1781
239.5690, 528.3317
240.0511, 499.1131
240.5332, 463.4117
241.0154, 425.0549
241.4975, 387.5035
241.9796, 352.1942
242.4617, 319.4387
242.9438, 290.5135
243.4259, 266.1380
243.9081, 244.9291
244.3902, 226.8910
244.8723, 211.4807
245.3544, 198.5422
245.8365, 187.9113
246.3186, 179.0594
246.8008, 170.6379
247.2829, 162.2048
247.7650, 155.0715
248.2471, 149.5347
248.7292, 145.0800
249.2113, 141.4404
249.6935, 138.4771
250.1756, 135.8906
250.6577, 133.0762
251.1398, 129.5520
251.6219, 126.5499
252.1040, 124.2801
252.5862, 122.4118
253.0683, 120.7126
253.5504, 119.1082
254.0325, 117.5608
254.5146, 115.9867
254.9967, 114.1124
255.4789, 112.8176
255.9610, 112.4016
256.4431, 112.3874
256.9252, 112.4436
257.4073, 112.4738
257.8894, 112.4360
258.3716, 112.2712
258.8537, 111.9397
259.3358, 111.5532
259.8179, 110.9159
260.3000, 110.3388
260.7821, 110.1502
261.2643, 110.3923
261.7464, 110.7550
262.2285, 110.8376
262.7106, 110.5050
263.1927, 110.7322
263.6748, 112.1451
264.1570, 113.7334
264.6391, 114.4977
265.1212, 114.3714
265.6033, 114.2205
266.0854, 114.9011
266.5675, 116.4662
267.0497, 117.7617
267.5318, 118.4436
268.0139, 119.0635
268.4960, 120.1971
268.9781, 121.8376
269.4602, 123.3481
269.9424, 124.3535
270.4245, 124.7643
270.9066, 124.5715
271.3887, 123.0238
271.8708, 121.4374
272.3529, 121.1024
272.8351, 121.9060
273.3172, 122.3499
273.7993, 121.3535
274.2814, 119.3237
274.7635, 117.7652
275.2456, 116.9595
275.7278, 116.3540
276.2099, 115.6000
276.6920, 114.7123
277.1741, 113.8285
277.6562, 113.1049
278.1383, 112.3502
278.6205, 111.2091
279.1026, 109.4931
279.5847, 107.7741
280.0668, 106.4627
280.5489, 105.4951
281.0310, 104.5711
281.5132, 103.7578
281.9953, 102.7363
282.4774, 100.9724
282.9595, 98.29614
283.4416, 95.88262
283.9237, 94.62277
284.4059, 94.27006
284.8880, 93.79326
285.3701, 92.96732
285.8522, 91.90511
286.3343, 90.64552
286.8164, 89.20258
287.2986, 87.93034
287.7807, 87.19495
288.2628, 86.79981
288.7449, 86.08092
289.2270, 84.82598
289.7091, 83.44637
290.1913, 82.20447
290.6734, 81.10151
291.1555, 80.14121
291.6376, 79.35326
292.1197, 78.71317
292.6018, 78.19839
293.0840, 77.90110
293.5661, 77.51295
294.0482, 76.73188
294.5303, 75.73166
295.0124, 74.80393
295.4945, 74.02303
295.9767, 73.40872
296.4588, 73.04980
296.9409, 73.02348
297.4230, 72.98766
297.9051, 72.57903
298.3872, 72.11207
298.8694, 72.00675
299.3515, 72.48638
299.8336, 73.19175
300.3157, 73.65913
300.7978, 73.85944
301.2799, 74.00867
301.7621, 74.07523
302.2442, 74.19046
302.7263, 74.40088
303.2084, 74.67510
303.6905, 75.29374
304.1726, 76.68165
304.6548, 78.86947
305.1369, 81.06204
305.6190, 83.44521
306.1011, 85.43499
306.5832, 86.41539
307.0653, 86.38156
307.5475, 86.20469
308.0296, 86.52791
308.5117, 87.32417
308.9938, 88.26705
309.4759, 89.17391
309.9580, 90.43636
310.4402, 92.38818
310.9223, 94.89708
311.4044, 97.46937
311.8865, 99.74864
312.3686, 101.8120
312.8507, 104.0101
313.3329, 106.2662
313.8150, 108.8251
314.2971, 112.0631
314.7792, 115.6526
315.2613, 118.9759
315.7434, 121.5603
316.2256, 123.8491
316.7077, 126.8262
317.1898, 130.6780
317.6719, 134.7910
318.1540, 139.1417
318.6361, 143.5142
319.1183, 147.4870
319.6004, 150.7161
320.0825, 154.1829
320.5646, 159.4403
321.0467, 166.7649
321.5288, 174.1101
322.0110, 180.5499
322.4931, 186.9497
322.9752, 193.9427
323.4573, 201.6026
323.9394, 209.6838
324.4215, 218.2135
324.9037, 227.1253
325.3858, 235.5359
325.8679, 243.0756
326.3500, 250.2129
326.8321, 257.5600
327.3142, 264.9908
327.7964, 271.6252
328.2785, 277.2977
328.7606, 281.7988
329.2427, 284.1086
329.7248, 283.8477
330.2069, 281.7902
330.6891, 278.2843
331.1712, 273.5707
331.6533, 268.0097
332.1354, 261.2303
332.6175, 253.9743
333.0996, 247.9018
333.5818, 243.3511
334.0639, 238.7963
334.5460, 233.0484
335.0281, 227.0239
335.5102, 221.8187
335.9923, 217.7896
336.4745, 214.4025
336.9566, 211.1799
337.4387, 208.1618
337.9208, 204.8406
338.4029, 200.9851
338.8850, 196.7611
339.3672, 192.3228
339.8493, 187.6516
340.3314, 182.9199
340.8135, 178.3681
341.2956, 173.8920
341.7777, 169.0431
342.2599, 163.5907
342.7420, 157.9474
343.2241, 152.3095
343.7062, 146.7152
344.1883, 141.5284
344.6704, 137.1580
345.1526, 133.2734
345.6347, 129.0490
346.1168, 124.2611
346.5989, 119.7394
347.0810, 116.2030
347.5631, 113.3625
348.0453, 110.8075
348.5274, 108.6143
349.0095, 106.5036
349.4916, 103.9740
349.9737, 101.0152
350.4558, 98.56973
350.9380, 97.40811
351.4201, 96.86091
351.9022, 95.80444
352.3843, 94.05848
352.8664, 92.18107
353.3485, 90.30602
353.8307, 88.55051
354.3128, 87.43346
354.7949, 87.22786
355.2770, 87.50186
355.7591, 87.69981
356.2412, 87.81522
356.7234, 88.11599
357.2055, 88.75343
357.6876, 89.61767
358.1697, 90.54604
358.6518, 91.51881
359.1339, 92.54900
359.6161, 93.61055
360.0982, 94.73370
360.5803, 96.03757
361.0624, 97.83321
361.5445, 99.58915
362.0266, 100.5472
362.5088, 100.8628
362.9909, 101.7674
363.4730, 104.0210
363.9551, 107.3298
364.4372, 110.7073
364.9193, 114.1321
365.4015, 117.6264
365.8836, 121.0341
366.3657, 124.5142
366.8478, 128.3691
367.3299, 132.6574
367.8120, 137.4605
368.2942, 143.0902
368.7763, 149.7276
369.2584, 156.2821
369.7405, 162.5564
370.2226, 168.6851
370.7047, 174.9390
371.1869, 181.3378
371.6690, 187.3212
372.1511, 192.4947
372.6332, 196.8026
373.1153, 200.1225
373.5974, 202.8672
374.0796, 204.3827
374.5617, 204.3169
375.0438, 202.7778
375.5259, 200.0138
376.0080, 196.1394
376.4901, 191.2273
376.9723, 185.4862
377.4544, 177.8261
377.9365, 170.7705
378.4186, 164.8639
378.9007, 159.5491
379.3828, 154.1458
379.8650, 148.4935
380.3471, 143.1136
380.8292, 138.7450
381.3113, 135.5858
381.7934, 132.9491
382.2755, 130.8971
382.7577, 129.2302
383.2398, 127.9132
383.7219, 126.8918
384.2040, 126.0891
384.6861, 125.4481
385.1682, 124.9700
385.6504, 124.7010
386.1325, 124.6112
386.6146, 124.7897
387.0967, 125.1430
387.5788, 125.8157
388.0609, 127.1374
388.5431, 129.2384
389.0252, 131.6504
389.5073, 133.3246
389.9894, 133.4669
390.4715, 134.5794
390.9536, 137.1397
391.4358, 140.2836
391.9179, 143.3650
392.4000, 146.4045
392.8821, 150.0029
393.3642, 154.9088
393.8463, 161.1803
394.3285, 167.0550
394.8106, 171.7178
395.2927, 177.0182
395.7748, 183.7809
396.2569, 191.5252
396.7390, 199.5484
397.2212, 207.5679
397.7033, 215.5184
398.1854, 223.1557
398.6675, 230.4136
399.1496, 237.6449
399.6317, 244.9538
400.1139, 252.3233
400.5960, 259.9408
401.0781, 267.8017
401.5602, 275.1723
402.0423, 281.5148
402.5244, 286.8028
403.0066, 290.8892
403.4887, 293.9556
403.9708, 295.3446
404.4529, 294.8053
404.9350, 292.4782
405.4171, 288.6029
405.8993, 283.0222
406.3814, 276.0931
406.8635, 268.2714
407.3456, 259.5303
407.8277, 249.9387
408.3098, 238.6442
408.7920, 226.8198
409.2741, 216.4927
409.7562, 208.0517
410.2383, 200.2911
410.7204, 192.3790
411.2025, 184.5148
411.6847, 177.1577
412.1668, 170.3502
412.6489, 164.1873
413.1310, 158.9783
413.6131, 154.6549
414.0952, 150.4855
414.5774, 146.2971
415.0595, 142.2379
415.5416, 138.4560
416.0237, 134.9572
416.5058, 131.6880
416.9879, 128.5962
417.4701, 125.7170
417.9522, 123.2252
418.4343, 121.5283
418.9164, 119.6631
419.3985, 117.1400
419.8806, 114.3523
420.3628, 111.8878
420.8449, 109.9269
421.3270, 108.2857
421.8091, 106.7042
422.2912, 105.2099
422.7733, 103.7227
423.2555, 102.0878
423.7376, 100.5952
424.2197, 99.39776
424.7018, 98.50701
425.1839, 97.90974
425.6660, 97.61792
426.1482, 97.59120
426.6303, 97.54949
427.1124, 97.48969
427.5945, 97.41746
428.0766, 97.29147
428.5587, 97.17528
429.0409, 97.18871
429.5230, 97.34913
430.0051, 97.46983
430.4872, 97.31457
430.9693, 96.89362
431.4514, 96.16326
431.9336, 94.96310
432.4157, 93.56493
432.8978, 91.93578
433.3799, 90.18290
433.8620, 88.54008
434.3441, 87.26138
434.8263, 86.11838
435.3084, 84.39098
435.7905, 81.87271
436.2726, 79.35562
436.7547, 77.00349
437.2368, 74.83035
437.7190, 72.88328
438.2011, 71.17287
438.6832, 69.64385
439.1653, 68.28165
439.6474, 67.07339
440.1295, 65.93086
440.6117, 64.83527
441.0938, 63.82343
441.5759, 62.93399
442.0580, 62.15293
442.5401, 61.46299
443.0222, 60.76358
443.5044, 60.22365
443.9865, 60.17525
444.4686, 60.54602
444.9507, 60.64970
445.4328, 60.05630
445.9149, 59.10958
446.3971, 58.64621
446.8792, 58.86905
447.3613, 58.90510
447.8434, 58.32928
448.3255, 57.52557
448.8076, 56.87040
449.2898, 56.44813
449.7719, 56.39063
450.2540, 56.89864
450.7361, 58.01541
451.2182, 58.78704
451.7003, 59.02684
452.1825, 59.18416
452.6646, 59.27783
453.1467, 59.43190
453.6288, 59.91845
454.1109, 60.85938
454.5930, 61.93151
455.0752, 62.46174
455.5573, 62.01472
456.0394, 61.86976
456.5215, 62.15433
457.0036, 62.57825
457.4857, 62.92696
457.9679, 63.24482
458.4500, 63.73990
458.9321, 64.57800
459.4142, 65.72575
459.8963, 67.02760
460.3784, 68.66592
460.8606, 70.12078
461.3427, 71.08748
461.8248, 71.93138
462.3069, 72.98425
462.7890, 74.32955
463.2711, 75.90947
463.7532, 77.61599
464.2354, 79.47225
464.7175, 81.70987
465.1996, 84.52017
465.6817, 87.46174
466.1638, 90.36614
466.6459, 93.16365
467.1281, 95.63718
467.6102, 97.40996
468.0923, 99.09232
468.5744, 101.5779
469.0565, 104.7613
469.5386, 107.3396
470.0208, 108.6760
470.5029, 109.3043
470.9850, 110.2591
471.4671, 111.7477
471.9492, 112.4998
472.4313, 112.1252
472.9135, 110.9013
473.3956, 108.6818
473.8777, 105.6534
474.3598, 103.0563
474.8419, 101.9284
475.3240, 102.0990
475.8062, 101.9033
476.2883, 100.8352
476.7704, 100.0745
477.2525, 99.91222
477.7346, 100.1636
478.2167, 100.5804
478.6989, 101.1058
479.1810, 101.8934
479.6631, 103.1977
480.1452, 105.1272
480.6273, 106.9801
481.1094, 108.5215
481.5916, 110.2201
482.0737, 112.4166
482.5558, 114.8426
483.0379, 117.0569
483.5200, 118.8611
484.0021, 120.3339
484.4843, 121.6311
484.9664, 122.7718
485.4485, 123.6703
485.9306, 124.2637
486.4127, 124.6279
486.8948, 124.9218
487.3770, 125.0833
487.8591, 124.7735
488.3412, 123.6926
488.8233, 122.0480
489.3054, 120.0326
489.7875, 117.5799
490.2697, 115.6104
490.7518, 115.0180
491.2339, 114.9833
491.7160, 113.7298
492.1981, 110.7240
492.6802, 108.0858
493.1624, 106.9031
493.6445, 106.5822
494.1266, 106.1783
494.6087, 105.5391
495.0908, 105.2413
495.5729, 105.8599
496.0551, 107.3873
496.5372, 108.7887
497.0193, 109.6075
497.5014, 110.8397
497.9835, 112.9946
498.4656, 115.6814
498.9478, 118.2869
499.4299, 120.6272
499.9120, 123.0962
500.3941, 126.2612
500.8762, 130.2858
501.3583, 134.4508
501.8405, 138.1367
502.3226, 142.5849
502.8047, 148.4884
503.2868, 155.4537
503.7689, 162.6796
504.2510, 169.8434
504.7332, 176.9925
505.2153, 184.2443
505.6974, 191.6387
506.1795, 199.0008
506.6616, 206.2751
507.1437, 213.4917
507.6259, 221.0606
508.1080, 228.7927
508.5901, 235.3763
509.0722, 240.3579
509.5543, 243.7481
510.0364, 245.5262
510.5186, 245.7002
511.0007, 244.6028
511.4828, 242.5532
511.9649, 239.1157
512.4470, 233.1866
512.9291, 224.2562
513.4113, 215.1277
513.8934, 206.4265
514.3755, 197.9728
514.8576, 189.7106
515.3397, 181.5679
515.8218, 173.4061
516.3040, 165.0089
516.7861, 156.4882
517.2682, 148.7837
517.7503, 142.2756
518.2324, 136.1674
518.7145, 130.0065
519.1967, 124.3925
519.6788, 120.1467
520.1609, 117.2344
520.6430, 114.6025
521.1251, 111.1099
521.6072, 106.7805
522.0894, 103.1852
522.5715, 100.7266
523.0536, 98.36963
523.5357, 95.66350
524.0178, 92.89112
524.4999, 90.45409
524.9821, 88.48373
525.4642, 86.48471
525.9463, 83.88486
526.4284, 80.84135
526.9105, 77.89682
527.3926, 75.02652
527.8748, 72.62389
528.3569, 71.31684
528.8390, 70.76317
529.3211, 69.74433
529.8032, 67.78131
530.2853, 65.74682
530.7675, 64.10303
531.2496, 62.73127
531.7317, 61.38409
532.2138, 59.98209
532.6959, 58.67379
533.1780, 57.67090
533.6602, 57.04140
534.1423, 56.28574
534.6244, 55.17644
535.1065, 54.20229
535.5886, 53.53920
536.0707, 53.13501
536.5529, 52.93286
537.0350, 52.90573
537.5171, 52.96218
537.9992, 53.03553
538.4813, 53.21504
538.9634, 52.92942
539.4456, 51.56275
539.9277, 50.38239
540.4098, 50.14004
540.8919, 50.48280
541.3740, 50.67012
541.8561, 50.35535
542.3383, 49.89538
542.8204, 49.85714
543.3025, 50.16151
543.7846, 49.97188
544.2667, 48.90212
544.7488, 47.63909
545.2310, 47.06831
545.7131, 47.09088
546.1952, 46.72351
546.6773, 45.18420
547.1594, 43.80457
547.6415, 43.70448
548.1237, 44.45329
548.6058, 44.87006
549.0879, 44.46619
549.5700, 43.79097
550.0521, 43.79097
550.5342, 44.83704
551.0164, 45.42255
551.4985, 45.34754
551.9806, 45.09045
552.4627, 44.78333
552.9448, 44.46231
553.4269, 44.13790
553.9091, 43.81184
554.3912, 43.51736
554.8733, 43.30441
555.3554, 43.16908
555.8375, 43.15637
556.3196, 43.48814
556.8018, 43.68563
557.2839, 43.32265
557.7660, 42.59098
558.2481, 42.04033
558.7302, 41.96206
559.2123, 42.03187
559.6945, 41.88886
560.1766, 41.59645
560.6587, 41.48418
561.1408, 41.70419
561.6229, 41.95431
562.1050, 41.79729
562.5872, 41.13323
563.0693, 40.82160
563.5514, 41.12598
564.0335, 41.53023
564.5156, 41.87285
564.9977, 42.10653
565.4799, 42.13441
565.9620, 41.92328
566.4441, 41.64495
566.9262, 41.57629
567.4083, 41.76282
567.8904, 41.97524
568.3726, 42.34846
568.8547, 42.60194
569.3368, 42.67768
569.8189, 42.55849
570.3010, 42.12750
570.7831, 41.25716
571.2653, 40.49097
571.7474, 40.66938
572.2295, 41.64302
572.7116, 42.12303
573.1937, 41.71970
573.6758, 41.25858
574.1580, 41.59398
574.6401, 42.47268
575.1222, 42.89188
575.6043, 42.31127
576.0864, 41.76073
576.5685, 41.89532
577.0507, 42.35283
577.5328, 42.54278
578.0149, 42.31731
578.4970, 41.83315
578.9791, 41.17462
579.4612, 40.30873
579.9434, 40.10384
580.4255, 41.59552
580.9076, 42.53199
581.3897, 42.06702
581.8718, 41.07045
582.3539, 40.48777
582.8361, 40.53033
583.3182, 40.78290
583.8003, 40.77617
584.2824, 40.58202
584.7645, 40.82435
585.2466, 41.73289
585.7288, 42.42518
586.2109, 42.31939
586.6930, 41.79919
587.1751, 41.37014
587.6572, 41.04402
588.1393, 40.90928
588.6215, 41.14997
589.1036, 41.53202
589.5857, 41.77891
590.0678, 41.85656
590.5499, 41.77692
591.0320, 41.52960
591.5142, 41.15823
591.9963, 40.82381
592.4784, 40.33197
592.9605, 40.17495
593.4426, 40.71800
593.9247, 41.29620
594.4069, 41.29081
594.8890, 40.87303
595.3711, 40.76854
595.8532, 41.54461
596.3353, 42.72302
596.8174, 43.12440
597.2996, 42.61163
597.7817, 42.07109
598.2638, 41.54316
598.7459, 41.22688
599.2280, 41.40271
599.7101, 41.96583
600.1923, 42.34375
600.6744, 42.30112
601.1565, 42.05096
601.6386, 41.57528
602.1207, 41.02673
602.6028, 40.95427
603.0850, 41.57361
603.5671, 42.31507
604.0492, 42.40406
604.5313, 41.68296
605.0134, 41.29045
605.4955, 41.33447
605.9777, 41.53389
606.4598, 42.03717
606.9419, 42.54272
607.4240, 42.57249
607.9061, 42.03014
608.3882, 41.42662
608.8704, 41.50093
609.3525, 42.16670
609.8346, 42.09903
610.3167, 40.82545
610.7988, 39.96693
611.2809, 40.80978
611.7631, 42.32726
612.2452, 43.07024
612.7273, 42.75629
613.2094, 42.45746
613.6915, 42.86588
614.1736, 43.44335
614.6558, 43.41726
615.1379, 42.81573
615.6200, 42.24249
616.1021, 42.05405
616.5842, 42.16841
617.0663, 42.35718
617.5485, 42.62373
618.0306, 42.97001
618.5127, 43.63331
618.9948, 44.14957
619.4769, 44.20996
619.9590, 43.90923
620.4412, 43.47077
620.9233, 42.96719
621.4054, 42.52567
621.8875, 42.32335
622.3696, 42.35978
622.8517, 42.70657
623.3339, 43.59837
623.8160, 44.37114
624.2981, 44.35240
624.7802, 43.75198
625.2623, 43.23368
625.7444, 42.85390
626.2266, 42.58920
626.7087, 42.43576
627.1908, 42.38604
627.6729, 42.41030
628.1550, 42.51287
628.6371, 42.79144
629.1193, 43.38256
629.6014, 44.20926
630.0835, 44.58989
630.5656, 44.10287
631.0477, 43.87273
631.5298, 44.38899
632.0120, 44.93478
632.4941, 44.85993
632.9762, 44.24699
633.4583, 43.76501
633.9404, 43.81084
634.4225, 44.21581
634.9047, 44.90486
635.3868, 45.82872
635.8689, 46.22627
636.3510, 45.70604
636.8331, 44.95475
637.3152, 44.84781
637.7974, 45.47353
638.2795, 45.76880
638.7616, 45.53687
639.2437, 45.17946
639.7258, 44.54671
640.2079, 44.01927
640.6901, 44.26088
641.1722, 45.36171
641.6543, 46.60988
642.1364, 47.23066
642.6185, 47.27666
643.1006, 47.42582
643.5828, 47.74996
644.0649, 48.01552
644.5470, 47.90815
645.0291, 47.85397
645.5112, 48.27727
645.9933, 49.20466
646.4755, 50.26892
646.9576, 51.68107
647.4397, 52.87664
647.9218, 52.94771
648.4039, 52.17619
648.8860, 51.86112
649.3682, 52.56727
649.8503, 53.60912
650.3324, 53.87914
650.8145, 53.05054
651.2966, 52.96156
651.7787, 54.29689
652.2609, 55.54844
652.7430, 56.25669
653.2251, 56.62402
653.7072, 56.85285
654.1893, 57.01665
654.6714, 57.26654
655.1536, 57.72337
655.6357, 58.37882
656.1178, 59.30470
656.5999, 60.55419
657.0820, 61.59292
657.5641, 62.07031
658.0463, 62.28975
658.5284, 62.97272
659.0105, 64.36118
659.4926, 64.96102
659.9747, 63.42900
660.4568, 62.11894
660.9390, 62.83325
661.4211, 64.86211
661.9032, 66.67104
662.3853, 67.65293
662.8674, 68.14897
663.3495, 68.56034
663.8317, 68.87114
664.3138, 69.34102
664.7959, 69.89282
665.2780, 70.74412
665.7601, 72.39644
666.2422, 74.21142
666.7244, 75.37821
667.2065, 75.74504
667.6886, 76.06010
668.1707, 76.56448
668.6528, 77.27015
669.1349, 78.31653
669.6171, 79.60803
670.0992, 80.78102
670.5813, 81.66662
671.0634, 82.30192
671.5455, 82.67826
672.0276, 82.56596
672.5098, 83.06606
672.9919, 85.07106
673.4740, 86.70994
673.9561, 87.12569
674.4382, 86.97266
674.9203, 87.01086
675.4025, 87.43217
675.8846, 88.28880
676.3667, 90.08620
676.8488, 92.21679
677.3309, 93.16113
677.8130, 92.87270
678.2952, 92.74064
678.7773, 93.46423
679.2594, 94.63289
679.7415, 95.55509
680.2236, 96.28056
680.7057, 96.52996
681.1879, 95.66496
681.6700, 95.01809
682.1521, 95.55024
682.6342, 96.55495
683.1163, 96.90102
683.5984, 96.26656
684.0806, 95.29927
684.5627, 94.59011
685.0448, 94.13012
685.5269, 93.95944
686.0090, 94.17667
686.4911, 94.12929
686.9733, 93.42799
687.4554, 92.40696
687.9375, 91.62206
688.4196, 91.11107
688.9017, 90.46963
689.3839, 89.55943
689.8660, 88.58327
690.3481, 87.46536
690.8302, 86.42623
691.3123, 85.92113
691.7944, 86.05502
692.2766, 86.31068
692.7587, 86.07902
693.2408, 85.39553
693.7229, 84.79343
694.2050, 84.33678
694.6871, 83.76350
695.1693, 82.74550
695.6514, 81.74561
696.1335, 81.40036
696.6156, 81.70281
697.0977, 81.64722
697.5798, 80.36467
698.0620, 79.15748
698.5441, 79.22103
699.0262, 80.03025
699.5083, 80.51811
699.9904, 80.36987
700.4725, 79.84313
700.9547, 79.10738
701.4368, 78.21890
701.9189, 78.15611
702.4010, 79.65939
702.8831, 80.51095
703.3652, 79.30849
703.8474, 77.89059
704.3295, 77.76863
704.8116, 78.80053
705.2937, 79.63705
705.7758, 79.60976
706.2579, 79.31639
706.7401, 79.20152
707.2222, 79.20362
707.7043, 79.15965
708.1864, 79.03841
708.6685, 79.02607
709.1506, 79.37227
709.6328, 79.94798
710.1149, 79.69082
710.5970, 77.77329
711.0791, 76.54969
711.5612, 76.80241
712.0433, 77.38001
712.5255, 77.78550
713.0076, 77.90852
713.4897, 77.56188
713.9718, 76.47822
714.4539, 75.27081
714.9360, 74.44836
715.4182, 73.91930
715.9003, 73.45029
716.3824, 73.01115
716.8645, 72.86564
717.3466, 73.31164
717.8287, 74.04713
718.3109, 73.89360
718.7930, 72.00890
719.2751, 70.83904
719.7572, 70.89271
720.2393, 71.19315
720.7214, 71.47306
721.2036, 71.60095
721.6857, 71.32866
722.1678, 70.49544
722.6499, 69.68865
723.1320, 69.36730
723.6141, 69.43248
724.0963, 69.79221
724.5784, 70.40366
725.0605, 70.86292
725.5426, 70.89040
726.0247, 70.83267
726.5068, 71.46709
726.9890, 73.22580
727.4711, 74.35573
727.9532, 74.28046
728.4353, 74.24552
728.9174, 74.58372
729.3995, 75.23401
729.8817, 76.06324
730.3638, 77.04780
730.8459, 78.34351
731.3280, 80.26387
731.8101, 82.46846
732.2922, 84.26115
732.7744, 85.74482
733.2565, 87.64207
733.7386, 90.21964
734.2207, 93.27367
734.7028, 96.53728
735.1849, 99.99322
735.6671, 103.9242
736.1492, 108.6606
736.6313, 113.4621
737.1134, 118.1824
737.5955, 122.9839
738.0776, 127.6141
738.5598, 132.3492
739.0419, 138.2888
739.5240, 146.4633
740.0061, 155.6403
740.4882, 164.4075
740.9703, 173.0368
741.4525, 182.2733
741.9346, 192.2567
742.4167, 202.7596
742.8988, 213.7027
743.3809, 224.8435
743.8630, 234.9926
744.3452, 244.1407
744.8273, 252.2487
745.3094, 259.9962
745.7915, 266.0951
746.2736, 269.5869
746.7557, 270.9467
747.2379, 271.2144
747.7200, 270.6859
748.2021, 269.1821
748.6842, 266.3067
749.1663, 262.4693
749.6484, 258.2979
750.1306, 253.8618
750.6127, 249.2246
751.0948, 244.4558
751.5769, 239.3551
752.0590, 233.3440
752.5411, 225.9119
753.0233, 219.9800
753.5054, 216.5130
753.9875, 213.2963
754.4696, 210.0888
754.9517, 206.5212
755.4338, 201.8647
755.9160, 196.1296
756.3981, 191.0786
756.8802, 188.1225
757.3623, 185.6939
757.8444, 182.0685
758.3265, 177.8047
758.8087, 174.4353
759.2908, 172.3255
759.7729, 170.3871
760.2550, 167.5507
760.7371, 164.0189
761.2192, 161.1900
761.7014, 159.4245
762.1835, 157.3511
762.6656, 154.2408
763.1477, 151.2991
763.6298, 149.6887
764.1119, 148.8645
764.5941, 147.2202
765.0762, 144.0411
765.5583, 140.8178
766.0404, 138.2466
766.5225, 136.0284
767.0046, 133.9067
767.4868, 131.8099
767.9689, 129.6034
768.4510, 127.2011
768.9331, 124.8707
769.4152, 123.1862
769.8973, 122.1743
770.3795, 120.8059
770.8616, 119.0041
771.3437, 116.9899
771.8258, 114.5573
772.3079, 112.1999
772.7900, 110.7978
773.2722, 110.4545
773.7543, 109.7037
774.2364, 107.6154
774.7185, 105.8362
775.2006, 105.3033
775.6827, 105.5286
776.1649, 105.9890
776.6470, 106.4916
777.1291, 106.8382
777.6112, 106.7833
778.0933, 106.5998
778.5754, 106.9171
779.0576, 107.7228
779.5397, 108.7774
780.0218, 110.1891
780.5039, 111.2850
780.9860, 111.4815
781.4681, 110.9536
781.9503, 110.4505
782.4324, 109.6898
782.9145, 109.4228
783.3966, 110.6603
783.8787, 111.4304
784.3608, 110.1943
784.8430, 107.8177
785.3251, 105.8938
785.8072, 104.9242
786.2893, 104.2830
786.7714, 103.5835
787.2535, 102.7910
787.7357, 101.8837
788.2178, 100.8370
788.6999, 99.38459
789.1820, 97.38049
789.6641, 95.39632
790.1462, 94.16196
790.6284, 93.67383
791.1105, 93.08624
791.5926, 92.53562
792.0747, 91.65331
792.5568, 89.77544
793.0389, 88.07114
793.5211, 87.59846
794.0032, 88.02376
794.4853, 88.10826
794.9674, 87.27480
795.4495, 86.44085
795.9316, 86.00902
796.4138, 86.00818
796.8959, 86.64238
797.3780, 87.77809
797.8601, 88.97021
798.3422, 89.99837
798.8243, 90.75462
799.3065, 90.96106
799.7886, 90.59298
800.2707, 90.38480
800.7528, 90.27328
801.2349, 90.55018
801.7170, 91.55771
802.1992, 92.80891
802.6813, 93.65048
803.1634, 94.08765
803.6455, 94.41298
804.1276, 94.27461
804.6097, 94.48849
805.0919, 95.60105
805.5740, 97.04537
806.0561, 98.46322
806.5382, 99.64822
807.0203, 100.1893
807.5024, 99.68225
807.9846, 98.91990
808.4667, 99.19027
808.9488, 100.1686
809.4309, 100.4141
809.9130, 99.74464
810.3951, 99.40923
810.8773, 100.2232
811.3594, 101.5692
811.8415, 102.1958
812.3236, 101.9406
812.8057, 101.5738
813.2878, 100.7573
813.7700, 100.2563
814.2521, 100.5255
814.7342, 101.0349
815.2163, 101.1147
815.6984, 100.7915
816.1805, 100.8918
816.6627, 102.3395
817.1448, 103.7231
817.6269, 103.7925
818.1090, 103.2013
818.5911, 102.8937
819.0732, 103.0350
819.5554, 103.4708
820.0375, 104.1235
820.5196, 104.8952
821.0017, 105.6477
821.4838, 106.3886
821.9659, 106.7614
822.4481, 106.5924
822.9302, 106.5426
823.4123, 106.9369
823.8944, 107.6495
824.3765, 108.3832
824.8586, 108.9924
825.3408, 110.4164
825.8229, 113.8070
826.3050, 116.6503
826.7871, 117.6100
827.2692, 117.9263
827.7513, 118.8861
828.2335, 120.5648
828.7156, 122.2716
829.1977, 123.5417
829.6798, 124.8718
830.1619, 126.7051
830.6440, 129.0505
831.1262, 131.9760
831.6083, 135.4616
832.0904, 139.2834
832.5725, 143.3522
833.0546, 147.5647
833.5367, 151.6438
834.0188, 155.5036
834.5009, 159.8826
834.9830, 164.8379
835.4651, 170.1940
835.9473, 175.6151
836.4294, 181.6000
836.9115, 188.7962
837.3936, 197.1467
837.8757, 205.8789
838.3578, 214.6447
838.8400, 224.0964
839.3221, 234.4399
839.8042, 245.6698
840.2863, 257.9237
840.7684, 271.0727
841.2505, 284.6543
841.7327, 298.4503
842.2148, 313.0310
842.6969, 328.8005
843.1790, 345.9415
843.6611, 365.3213
844.1432, 386.9225
844.6254, 409.7679
845.1075, 433.4551
845.5896, 458.3978
846.0717, 485.3233
846.5538, 514.0809
847.0359, 544.6967
847.5181, 576.7432
848.0002, 611.1186
848.4823, 648.0051
848.9644, 687.4932
849.4465, 730.0420
849.9286, 775.3121
850.4108, 822.6673
850.8929, 872.8210
851.3750, 923.0992
851.8571, 973.2946
852.3392, 1022.875
852.8214, 1072.416
853.3035, 1120.813
853.7856, 1166.914
854.2677, 1210.050
854.7498, 1247.832
855.2319, 1277.860
855.7141, 1300.953
856.1962, 1320.174
856.6783, 1334.839
857.1604, 1340.404
857.6425, 1335.600
858.1246, 1322.847
858.6068, 1303.775
859.0889, 1278.893
859.5710, 1249.956
860.0531, 1217.393
860.5352, 1179.325
861.0173, 1133.664
861.4995, 1085.165
861.9816, 1034.893
862.4637, 983.3863
862.9458, 930.8233
863.4279, 877.3359
863.9100, 824.2925
864.3922, 770.6204
864.8743, 718.6867
865.3564, 669.8072
865.8385, 623.5168
866.3206, 578.7489
866.8027, 535.9495
867.2849, 497.1054
867.7670, 463.6559
868.2491, 434.1392
868.7312, 407.3925
869.2133, 383.2176
869.6954, 361.0063
870.1776, 340.6429
870.6597, 321.8211
871.1418, 304.3612
871.6239, 288.6422
872.1060, 275.2872
872.5881, 264.3080
873.0703, 253.4256
873.5524, 242.3681
874.0345, 232.1091
874.5166, 222.6862
874.9987, 214.2647
875.4808, 207.4236
875.9630, 201.6420
876.4451, 195.2918
876.9272, 187.4526
877.4093, 180.8136
877.8914, 176.7041
878.3735, 173.1054
878.8557, 168.5064
879.3378, 163.6607
879.8199, 159.9870
880.3020, 157.6842
880.7841, 155.4944
881.2662, 152.3808
881.7484, 149.0743
882.2305, 146.3782
882.7126, 144.2148
883.1947, 142.4915
883.6768, 141.1462
884.1589, 139.9063
884.6411, 138.5993
885.1232, 137.3217
885.6053, 136.1579
886.0874, 135.0892
886.5695, 134.9910
887.0516, 136.2686
887.5338, 136.8923
888.0159, 135.9922
888.4980, 134.2685
888.9801, 132.5582
889.4622, 130.8552
889.9443, 128.5408
890.4265, 125.1024
890.9086, 121.8010
891.3907, 118.9392
891.8728, 116.0578
892.3549, 112.7167
892.8370, 109.1882
893.3192, 106.0072
893.8013, 103.2842
894.2834, 100.8501
894.7655, 98.71054
895.2476, 96.73838
895.7297, 94.88022
896.2119, 93.09265
896.6940, 91.23228
897.1761, 89.33233
897.6582, 87.70770
898.1403, 86.58288
898.6224, 85.80224
899.1046, 85.29967
899.5867, 84.92851
900.0688, 83.92625
900.5509, 82.23602
901.0330, 80.54484
901.5151, 79.13256
901.9973, 78.09877
902.4794, 77.68371
902.9615, 77.88860
903.4436, 77.57681
903.9257, 76.32403
904.4078, 75.72318
904.8900, 76.76571
905.3721, 77.69195
905.8542, 76.83509
906.3363, 74.81693
906.8184, 73.57521
907.3005, 73.40968
907.7827, 73.36870
908.2648, 73.40808
908.7469, 73.46772
909.2290, 73.68196
909.7111, 73.80444
910.1932, 73.41734
910.6754, 72.56155
911.1575, 71.86000
911.6396, 71.72686
912.1217, 71.68853
912.6038, 71.23682
913.0859, 70.71230
913.5681, 70.82134
914.0502, 71.34705
914.5323, 71.32744
915.0144, 70.34740
915.4965, 68.98118
915.9786, 67.97926
916.4608, 67.13622
916.9429, 65.51501
917.4250, 63.20251
917.9071, 61.47126
918.3892, 60.65611
918.8713, 60.20249
919.3535, 59.71780
919.8356, 59.19277
920.3177, 58.58378
920.7998, 57.81987
921.2819, 57.25859
921.7640, 57.15493
922.2462, 56.75276
922.7283, 55.51986
923.2104, 54.03942
923.6925, 52.96115
924.1746, 52.27341
924.6567, 51.93189
925.1389, 52.40066
925.6210, 52.55612
926.1031, 51.88363
926.5852, 51.13645
927.0673, 50.87917
927.5494, 50.90140
928.0316, 50.69654
928.5137, 50.13353
928.9958, 49.80064
929.4779, 50.21236
929.9600, 50.77125
930.4421, 50.98419
930.9243, 51.02553
931.4064, 51.10629
931.8885, 51.31074
932.3706, 51.82298
932.8527, 52.80400
933.3348, 53.73235
933.8170, 53.68760
934.2991, 53.11433
934.7812, 53.33089
935.2633, 54.27688
935.7454, 55.00985
936.2275, 55.21807
936.7097, 55.60678
937.1918, 56.93780
937.6739, 58.90104
938.1560, 60.24728
938.6381, 60.85978
939.1202, 61.73386
939.6024, 62.94859
940.0845, 64.52048
940.5666, 66.65388
941.0487, 68.87975
941.5308, 70.34582
942.0129, 70.93233
942.4951, 72.14680
942.9772, 74.57436
943.4593, 76.75566
943.9414, 78.13282
944.4235, 79.55797
944.9056, 81.60034
945.3878, 84.08170
945.8699, 86.57468
946.3520, 88.98360
946.8341, 91.55965
947.3162, 94.25790
947.7983, 97.26171
948.2805, 100.7103
948.7626, 104.4732
949.2447, 108.6274
949.7268, 112.9893
950.2089, 116.8849
950.6910, 119.7808
951.1732, 122.9566
951.6553, 127.7795
952.1374, 133.1858
952.6195, 137.7860
953.1016, 141.8292
953.5837, 146.1766
954.0659, 151.0632
954.5480, 156.2889
955.0301, 161.9057
955.5122, 167.3979
955.9943, 171.5443
956.4764, 174.7354
956.9586, 178.6593
957.4407, 183.4465
957.9228, 187.9493
958.4049, 191.6553
958.8870, 194.8755
959.3691, 198.0860
959.8513, 201.1860
960.3334, 203.1405
960.8155, 203.7022
961.2976, 205.0906
961.7797, 208.1079
962.2618, 210.5973
962.7440, 211.0904
963.2261, 210.1911
963.7082, 209.1833
964.1903, 208.1619
964.6724, 206.5392
965.1545, 204.5556
965.6367, 201.5653
966.1188, 196.9130
966.6009, 191.6850
967.0830, 186.7110
967.5651, 181.8232
968.0472, 176.5434
968.5294, 170.8692
969.0115, 164.7163
969.4936, 157.4951
969.9757, 150.4341
970.4578, 144.1193
970.9399, 138.1794
971.4221, 131.9876
971.9042, 125.6752
972.3863, 120.0808
972.8684, 115.6530
973.3505, 111.6656
973.8326, 107.9598
974.3148, 104.3131
974.7969, 100.3781
975.2790, 96.42848
975.7611, 93.00533
976.2432, 90.18521
976.7253, 87.53501
977.2075, 84.83169
977.6896, 82.10481
978.1717, 79.24171
978.6538, 76.45744
979.1359, 74.09663
979.6180, 72.13900
980.1002, 70.37048
980.5823, 68.70790
981.0644, 67.28540
981.5465, 66.39506
982.0286, 65.67963
982.5107, 64.15042
982.9929, 62.03142
983.4750, 60.36250
983.9571, 59.29411
984.4392, 58.66459
984.9213, 58.42286
985.4034, 58.28576
985.8856, 57.86774
986.3677, 57.17524
986.8498, 56.16358
987.3319, 54.76897
987.8140, 53.83319
988.2961, 53.56379
988.7783, 53.55237
989.2604, 53.52381
989.7425, 53.61077
990.2246, 54.20131
990.7067, 55.47133
991.1888, 55.71642
991.6710, 54.39826
992.1531, 53.37315
992.6352, 53.12754
993.1173, 53.21484
993.5994, 53.41457
994.0815, 53.64891
994.5637, 53.66662
995.0458, 53.37053
995.5279, 53.13103
996.0100, 52.52853
996.4921, 52.52758
996.9742, 54.16376
997.4564, 55.83307
997.9385, 55.79879
998.4206, 54.63192
998.9027, 54.51965
999.3848, 56.27412
999.8669, 57.66035
1000.349, 57.91687
1000.831, 58.09919
1001.313, 58.90739
1001.795, 59.76916
1002.278, 59.86077
1002.760, 59.34358
1003.242, 59.24436
1003.724, 60.06781
1004.206, 60.88340
1004.688, 61.36082
1005.170, 61.57245
1005.652, 61.45929
1006.134, 61.18004
1006.617, 60.97353
1007.099, 60.85173
1007.581, 60.57777
1008.063, 59.82764
1008.545, 59.41029
1009.027, 60.58485
1009.509, 61.97433
1009.991, 61.72485
1010.474, 60.42017
1010.956, 59.50640
1011.438, 59.32627
1011.920, 59.40150
1012.402, 59.51255
1012.884, 59.46346
1013.366, 58.89687
1013.848, 58.05107
1014.330, 57.35499
1014.813, 56.80836
1015.295, 56.26453
1015.777, 55.68221
1016.259, 55.19433
1016.741, 54.97256
1017.223, 54.78333
1017.705, 54.01242
1018.187, 52.91630
1018.669, 52.61928
1019.152, 53.04694
1019.634, 52.88557
1020.116, 51.65821
1020.598, 50.17131
1021.080, 49.24559
1021.562, 48.70411
1022.044, 48.10686
1022.526, 47.44836
1023.009, 46.52324
1023.491, 45.30865
1023.973, 44.78476
1024.455, 45.42797
1024.937, 46.29549
1025.419, 46.30414
1025.901, 45.61616
1026.383, 44.88489
1026.865, 44.08148
1027.348, 43.72119
1027.830, 43.90998
1028.312, 44.26624
1028.794, 44.73400
1029.276, 44.86583
1029.758, 43.92844
1030.240, 42.17223
1030.722, 41.79181
1031.205, 43.26435
1031.687, 43.89142
1032.169, 43.11931
1032.651, 42.35420
1033.133, 42.18761
1033.615, 42.47961
1034.097, 43.20068
1034.579, 44.27861
1035.062, 44.52878
1035.544, 43.64014
1036.026, 42.69577
1036.508, 41.58768
1036.990, 40.79311
1037.472, 40.58003
1037.954, 40.75610
1038.436, 41.11903
1038.918, 41.66180
1039.401, 42.23212
1039.883, 43.30416
1040.365, 43.48861
1040.847, 42.00885
1041.329, 40.55360
1041.811, 39.86497
1042.293, 39.59095
1042.775, 39.32087
1043.257, 39.05626
1043.740, 38.82901
1044.222, 38.62232
1044.704, 38.47937
1045.186, 38.40647
1045.668, 38.39210
1046.150, 38.54895
1046.632, 38.68668
1047.114, 38.50141
1047.597, 38.02247
1048.079, 37.74157
1048.561, 37.79064
1049.043, 37.90304
1049.525, 38.23267
1050.007, 38.40794
1050.489, 38.02885
1050.971, 37.54366
1051.453, 37.60401
1051.936, 38.14676
1052.418, 38.35018
1052.900, 37.69844
1053.382, 37.36267
1053.864, 37.87270
1054.346, 38.40104
1054.828, 38.57888
1055.310, 38.49607
1055.792, 38.20858
1056.275, 37.76749
1056.757, 37.37645
1057.239, 37.03540
1057.721, 36.84116
1058.203, 36.90666
1058.685, 37.02703
1059.167, 37.17752
1059.649, 37.26063
1060.132, 37.05648
1060.614, 36.66544
1061.096, 36.60854
1061.578, 37.24363
1062.060, 37.62683
1062.542, 37.22323
1063.024, 36.72323
1063.506, 36.46025
1063.989, 36.35565
1064.471, 36.34253
1064.953, 36.38195
1065.435, 36.42460
1065.917, 36.52780
1066.399, 36.37543
1066.881, 35.43826
1067.363, 34.67791
1067.845, 34.70664
1068.328, 35.16908
1068.810, 35.87042
1069.292, 36.61080
1069.774, 36.97986
1070.256, 36.83631
1070.738, 36.48509
1071.220, 35.80295
1071.702, 35.25035
1072.184, 35.07552
1072.667, 35.18364
1073.149, 35.69405
1073.631, 36.35564
1074.113, 36.52155
1074.595, 35.97344
1075.077, 35.54480
1075.559, 35.89922
1076.041, 36.12427
1076.524, 35.53329
1077.006, 34.71695
1077.488, 34.11747
1077.970, 33.81054
1078.452, 33.93007
1078.934, 34.50447
1079.416, 34.81060
1079.898, 34.27173
1080.380, 33.71002
1080.863, 33.64617
1081.345, 33.66422
1081.827, 33.19325
1082.309, 32.59336
1082.791, 32.70794
1083.273, 33.63228
1083.755, 34.32827
1084.237, 34.25670
1084.719, 34.01069
1085.202, 33.79470
1085.684, 33.59101
1086.166, 33.29489
1086.648, 33.04780
1087.130, 33.13369
1087.612, 33.53724
1088.094, 33.85722
1088.576, 34.03060
1089.058, 33.92609
1089.541, 33.25597
1090.023, 32.53097
1090.505, 31.88500
1090.987, 31.54615
1091.469, 32.05539
1091.951, 33.17875
1092.433, 33.69640
1092.915, 32.99070
1093.398, 32.36967
1093.880, 32.48259
1094.362, 32.66860
1094.844, 32.55588
1095.326, 32.30081
1095.808, 31.99030
1096.290, 31.71910
1096.772, 31.73275
1097.255, 32.16868
1097.737, 32.49163
1098.219, 32.34314
1098.701, 32.26683
1099.183, 32.65203
1099.665, 33.09237
1100.147, 33.33818
1100.629, 33.31242
1101.111, 32.79704
1101.594, 31.69162
1102.076, 30.98651
1102.558, 31.21610
1103.040, 31.50240
1103.522, 31.42583
1104.004, 31.44306
1104.486, 32.22219
1104.968, 33.14677
1105.450, 33.08269
1105.933, 31.95839
1106.415, 31.04690
1106.897, 30.68913
1107.379, 30.41096
1107.861, 29.80482
1108.343, 29.61906
1108.825, 30.73120
1109.307, 32.14849
1109.790, 32.54797
1110.272, 32.04094
1110.754, 31.88579
1111.236, 32.38982
1111.718, 32.88105
1112.200, 33.66220
1112.682, 33.96054
1113.164, 32.65736
1113.646, 31.48361
1114.129, 32.74281
1114.611, 35.39602
1115.093, 35.72919
1115.575, 32.58758
1116.057, 30.58601
1116.539, 30.10438
1117.021, 30.20682
1117.503, 31.34843
1117.985, 32.26279
1118.468, 31.85893
1118.950, 30.83148
1119.432, 30.55655
1119.914, 31.12636
1120.396, 31.29251
1120.878, 30.64478
1121.360, 30.50692
1121.842, 31.32107
1122.325, 32.14233
1122.807, 32.59783
1123.289, 32.70419
1123.771, 32.39775
1124.253, 31.75124
1124.735, 31.35724
1125.217, 31.19161
1125.699, 31.42313
1126.182, 32.27034
1126.664, 32.82669
1127.146, 32.67970
1127.628, 32.42823
1128.110, 32.67593
1128.592, 33.16039
1129.074, 33.03185
1129.556, 32.19500
1130.038, 31.76424
1130.521, 31.75941
1131.003, 32.15681
1131.485, 33.06636
1131.967, 33.55606
1132.449, 32.94199
1132.931, 31.91617
1133.413, 31.61486
1133.895, 31.94065
1134.377, 32.30286
1134.860, 32.69014
1135.342, 32.53784
1135.824, 31.78608
1136.306, 31.47628
1136.788, 32.07920
1137.270, 32.68521
1137.752, 32.24825
1138.234, 31.29808
1138.717, 31.20373
1139.199, 31.75231
1139.681, 32.03951
1140.163, 32.04438
1140.645, 31.96147
1141.127, 31.87873
1141.609, 32.10687
1142.091, 32.92626
1142.573, 33.68769
1143.056, 33.20288
1143.538, 32.16381
1144.020, 32.10918
1144.502, 32.64507
1144.984, 32.54301
1145.466, 31.84077
1145.948, 31.64566
1146.430, 32.41621
1146.912, 33.23138
1147.395, 33.21107
1147.877, 32.90064
1148.359, 32.85736
1148.841, 32.95606
1149.323, 33.04073
1149.805, 33.10802
1150.287, 33.27208
1150.769, 33.50248
1151.252, 33.42743
1151.734, 32.67758
1152.216, 32.02359
1152.698, 32.02550
1153.180, 32.28206
1153.662, 32.56505
1154.144, 32.83216
1154.626, 33.07307
1155.109, 33.27335
1155.591, 33.41121
1156.073, 33.49214
1156.555, 33.43337
1157.037, 33.09892
1157.519, 32.76200
1158.001, 32.37884
1158.483, 32.18752
1158.965, 32.58200
1159.448, 33.18800
1159.930, 33.27833
1160.412, 32.80812
1160.894, 32.64605
1161.376, 33.19198
1161.858, 33.56695
1162.340, 33.40994
1162.822, 33.44928
1163.304, 34.39703
1163.787, 35.20166
1164.269, 34.64086
1164.751, 33.19361
1165.233, 32.50897
1165.715, 32.72024
1166.197, 33.18496
1166.679, 34.19151
1167.161, 34.57257
1167.644, 33.83817
1168.126, 33.15863
1168.608, 33.27754
1169.090, 33.71427
1169.572, 33.74112
1170.054, 33.42606
1170.536, 33.21865
1171.018, 33.10424
1171.500, 33.60958
1171.983, 34.82041
1172.465, 35.34501
1172.947, 34.66921
1173.429, 33.94146
1173.911, 34.14595
1174.393, 34.80048
1174.875, 35.04423
1175.357, 34.94999
1175.839, 34.66491
1176.322, 34.30256
1176.804, 34.49831
1177.286, 35.19062
1177.768, 35.28034
1178.250, 34.29311
1178.732, 33.36134
1179.214, 33.68078
1179.696, 34.48672
1180.179, 34.89558
1180.661, 35.01336
1181.143, 34.86140
1181.625, 34.60447
1182.107, 34.58482
1182.589, 34.82874
1183.071, 35.08586
1183.553, 35.29127
1184.036, 35.26906
1184.518, 34.56192
1185.000, 33.98475
1185.482, 34.32397
1185.964, 34.91942
1186.446, 34.99013
1186.928, 34.74214
1187.410, 34.88283
1187.892, 35.54655
1188.375, 35.81677
1188.857, 35.06993
1189.339, 34.52395
1189.821, 34.52284
1190.303, 34.66712
1190.785, 34.91159
1191.267, 35.08415
1191.749, 34.92596
1192.231, 34.55169
1192.714, 34.38607
1193.196, 34.38726
1193.678, 34.82666
1194.160, 36.04167
1194.642, 36.73695
1195.124, 36.52140
1195.606, 36.14592
1196.088, 36.02667
1196.571, 36.00407
1197.053, 35.84501
1197.535, 35.59589
1198.017, 35.44793
1198.499, 35.40604
1198.981, 35.77885
1199.463, 36.55169
1199.945, 36.86871
1200.427, 36.50094
1200.910, 35.97982
1201.392, 35.64915
1201.874, 35.54613
1202.356, 35.87188
1202.838, 36.37517
1203.320, 36.45845
1203.802, 36.31002
1204.284, 36.37174
1204.766, 36.62976
1205.249, 36.84951
1205.731, 36.95800
1206.213, 37.04169
1206.695, 37.20451
1207.177, 37.24024
1207.659, 36.92995
1208.141, 36.48547
1208.623, 35.89318
1209.106, 35.42511
1209.588, 35.53692
1210.070, 36.04651
1210.552, 36.36701
1211.034, 36.38195
1211.516, 36.15663
1211.998, 35.28911
1212.480, 34.79534
1212.963, 35.23610
1213.445, 35.73946
1213.927, 35.78138
1214.409, 35.70431
1214.891, 35.85157
1215.373, 36.20311
1215.855, 36.70583
1216.337, 37.47009
1216.819, 37.87375
1217.302, 37.84538
1217.784, 37.70229
1218.266, 37.47248
1218.748, 37.32147
1219.230, 37.35839
1219.712, 37.41592
1220.194, 37.24264
1220.676, 36.96865
1221.158, 37.02864
1221.641, 37.37416
1222.123, 37.84359
1222.605, 38.35637
1223.087, 38.54967
1223.569, 38.38012
1224.051, 38.14700
1224.533, 38.00641
1225.015, 38.07277
1225.498, 38.77462
1225.980, 39.43533
1226.462, 39.14561
1226.944, 38.42090
1227.426, 37.64674
1227.908, 37.11409
1228.390, 37.47639
1228.872, 38.63042
1229.354, 39.29481
1229.837, 38.82587
1230.319, 38.44292
1230.801, 38.69487
1231.283, 38.94219
1231.765, 38.60140
1232.247, 38.45681
1232.729, 39.71433
1233.211, 41.28996
1233.693, 40.92861
1234.176, 38.73927
1234.658, 38.03896
1235.140, 39.49626
1235.622, 40.42450
1236.104, 40.67307
1236.586, 40.46986
1237.068, 39.77502
1237.550, 39.08602
1238.033, 38.70329
1238.515, 38.83012
1238.997, 40.09919
1239.479, 41.99873
1239.961, 42.25348
1240.443, 41.24775
1240.925, 40.55971
1241.407, 40.37602
1241.890, 40.81627
1242.372, 41.79566
1242.854, 42.56615
1243.336, 42.66030
1243.818, 42.44509
1244.300, 42.14611
1244.782, 41.82793
1245.264, 41.47601
1245.746, 41.20367
1246.229, 41.18279
1246.711, 41.33187
1247.193, 41.51649
1247.675, 41.69506
1248.157, 41.73506
1248.639, 41.42218
1249.121, 41.33822
1249.603, 41.71431
1250.085, 42.15759
1250.568, 42.65269
1251.050, 43.03785
1251.532, 43.19537
1252.014, 43.18666
1252.496, 43.08860
1252.978, 42.91769
1253.460, 42.84127
1253.942, 42.84869
1254.425, 43.12528
1254.907, 43.69476
1255.389, 44.08357
1255.871, 44.16419
1256.353, 44.38918
1256.835, 45.07492
1257.317, 45.64288
1257.799, 45.13845
1258.281, 44.23827
1258.764, 44.20079
1259.246, 44.63477
1259.728, 44.95278
1260.210, 45.09143
1260.692, 44.88871
1261.174, 44.49597
1261.656, 44.75480
1262.138, 46.19160
1262.620, 47.23803
1263.103, 46.90714
1263.585, 46.37560
1264.067, 45.70020
1264.549, 45.50709
1265.031, 46.75053
1265.513, 48.38776
1265.995, 48.92444
1266.477, 48.53568
1266.960, 48.16028
1267.442, 47.76632
1267.924, 47.50573
1268.406, 47.37384
1268.888, 47.42229
1269.370, 47.68653
1269.852, 47.90991
1270.334, 47.95322
1270.817, 48.01272
1271.299, 48.29335
1271.781, 48.74259
1272.263, 49.43785
1272.745, 50.13469
1273.227, 49.96648
1273.709, 49.38830
1274.191, 49.77846
1274.673, 50.94104
1275.156, 51.34690
1275.638, 50.55506
1276.120, 50.11268
1276.602, 51.44430
1277.084, 52.29605
1277.566, 50.91152
1278.048, 49.47350
1278.530, 49.36491
1279.012, 49.77248
1279.495, 49.72170
1279.977, 49.58335
1280.459, 50.50109
1280.941, 52.50966
1281.423, 53.26669
1281.905, 52.31564
1282.387, 51.87814
1282.869, 52.21447
1283.352, 52.28088
1283.834, 51.70426
##END=



