##NAMES=Ruitenbergite
##RRUFFID=R110152
##IDEAL CHEMISTRY=Ca_9_B_26_O_34_(OH)_24_Cl_4_&#183;13H_2_O
##LOCALITY=Potash Corporation of Saskatchewan mine, Penobsquis, Kings County, New Brunswick, Canada
##OWNER=RRUFF
##SOURCE=Donald M Doell and Brian Roulston
##DESCRIPTION=Pale yellow granular, extracted by dissolving the matrix of sylvite/halite, associated with strontioginorite R110149, howlite R110150, volkovskite R110151, congolite R110153, and hilgardite
##STATUS=The identification of this mineral has been confirmed by single-crystal X-ray diffraction.
##URL=rruff.info/R110152
195.2586, 1434.891
195.7407, 1432.425
196.2228, 1430.442
196.7050, 1428.569
197.1871, 1426.577
197.6692, 1424.472
198.1513, 1422.283
198.6334, 1419.617
199.1155, 1417.260
199.5977, 1415.649
200.0798, 1414.830
200.5619, 1414.720
201.0440, 1415.692
201.5261, 1418.100
202.0082, 1419.277
202.4904, 1417.994
202.9725, 1416.004
203.4546, 1413.642
203.9367, 1411.164
204.4188, 1409.272
204.9009, 1409.025
205.3831, 1411.035
205.8652, 1412.836
206.3473, 1414.632
206.8294, 1416.001
207.3115, 1416.835
207.7936, 1417.038
208.2758, 1416.379
208.7579, 1414.305
209.2400, 1409.468
209.7221, 1406.238
210.2042, 1404.885
210.6863, 1404.625
211.1685, 1405.438
211.6506, 1407.092
212.1327, 1408.672
212.6148, 1408.789
213.0969, 1406.427
213.5790, 1404.637
214.0612, 1403.759
214.5433, 1403.197
215.0254, 1402.415
215.5075, 1401.310
215.9896, 1400.222
216.4717, 1399.669
216.9539, 1399.967
217.4360, 1400.069
217.9181, 1399.733
218.4002, 1399.305
218.8823, 1399.082
219.3644, 1399.138
219.8466, 1399.465
220.3287, 1400.206
220.8108, 1401.541
221.2929, 1402.280
221.7750, 1402.089
222.2571, 1401.287
222.7393, 1400.038
223.2214, 1398.271
223.7035, 1396.697
224.1856, 1396.592
224.6677, 1397.836
225.1498, 1398.556
225.6320, 1397.960
226.1141, 1396.626
226.5962, 1395.587
227.0783, 1395.162
227.5604, 1394.570
228.0425, 1392.643
228.5247, 1389.734
229.0068, 1387.281
229.4889, 1385.906
229.9710, 1385.381
230.4531, 1385.286
230.9352, 1385.749
231.4174, 1386.297
231.8995, 1386.452
232.3816, 1386.372
232.8637, 1386.509
233.3458, 1387.375
233.8279, 1388.654
234.3101, 1389.253
234.7922, 1388.750
235.2743, 1388.212
235.7564, 1387.810
236.2385, 1387.800
236.7206, 1388.835
237.2028, 1392.172
237.6849, 1396.907
238.1670, 1399.060
238.6491, 1397.229
239.1312, 1394.714
239.6133, 1392.738
240.0955, 1391.140
240.5776, 1389.574
241.0597, 1387.775
241.5418, 1385.867
242.0239, 1384.462
242.5060, 1383.492
242.9882, 1383.220
243.4703, 1384.116
243.9524, 1385.592
244.4345, 1386.870
244.9166, 1387.539
245.3987, 1387.625
245.8809, 1387.203
246.3630, 1385.738
246.8451, 1384.424
247.3272, 1383.479
247.8093, 1382.819
248.2914, 1382.416
248.7736, 1382.290
249.2557, 1382.273
249.7378, 1381.712
250.2199, 1380.604
250.7020, 1378.835
251.1841, 1375.828
251.6663, 1372.369
252.1484, 1369.488
252.6305, 1367.679
253.1126, 1366.525
253.5947, 1364.634
254.0768, 1360.564
254.5590, 1357.543
255.0411, 1356.398
255.5232, 1356.143
256.0053, 1355.629
256.4874, 1354.376
256.9695, 1352.809
257.4517, 1351.954
257.9338, 1352.687
258.4159, 1353.130
258.8980, 1353.178
259.3801, 1352.966
259.8622, 1352.544
260.3444, 1351.936
260.8265, 1351.319
261.3086, 1351.021
261.7907, 1351.103
262.2728, 1351.453
262.7549, 1352.890
263.2371, 1354.190
263.7192, 1353.885
264.2013, 1351.621
264.6834, 1348.557
265.1655, 1346.334
265.6476, 1345.117
266.1298, 1344.604
266.6119, 1345.435
267.0940, 1346.619
267.5761, 1347.257
268.0582, 1347.179
268.5403, 1346.743
269.0225, 1346.357
269.5046, 1346.069
269.9867, 1345.608
270.4688, 1344.591
270.9509, 1343.647
271.4330, 1343.590
271.9152, 1344.451
272.3973, 1345.101
272.8794, 1344.183
273.3615, 1341.573
273.8436, 1340.385
274.3257, 1342.107
274.8079, 1344.242
275.2900, 1344.572
275.7721, 1343.084
276.2542, 1341.591
276.7363, 1341.479
277.2184, 1342.644
277.7006, 1343.487
278.1827, 1343.687
278.6648, 1343.805
279.1469, 1344.457
279.6290, 1345.531
280.1111, 1346.072
280.5933, 1345.308
281.0754, 1343.609
281.5575, 1342.430
282.0396, 1342.213
282.5217, 1341.988
283.0038, 1341.031
283.4860, 1339.489
283.9681, 1338.020
284.4502, 1336.659
284.9323, 1335.840
285.4144, 1336.415
285.8965, 1338.996
286.3787, 1341.421
286.8608, 1342.314
287.3429, 1342.028
287.8250, 1341.770
288.3071, 1341.730
288.7892, 1342.191
289.2714, 1343.642
289.7535, 1346.175
290.2356, 1348.701
290.7177, 1351.056
291.1998, 1353.031
291.6819, 1354.027
292.1641, 1353.728
292.6462, 1352.734
293.1283, 1351.469
293.6104, 1349.983
294.0925, 1348.824
294.5746, 1349.000
295.0568, 1349.525
295.5389, 1348.059
296.0210, 1343.743
296.5031, 1339.215
296.9852, 1336.652
297.4673, 1335.634
297.9495, 1335.369
298.4316, 1336.888
298.9137, 1338.528
299.3958, 1337.418
299.8779, 1333.021
300.3600, 1328.183
300.8422, 1324.548
301.3243, 1321.797
301.8064, 1319.588
302.2885, 1318.149
302.7706, 1316.900
303.2527, 1315.070
303.7349, 1312.601
304.2170, 1310.277
304.6991, 1308.355
305.1812, 1306.877
305.6633, 1305.972
306.1454, 1305.842
306.6276, 1305.840
307.1097, 1305.363
307.5918, 1304.443
308.0739, 1303.571
308.5560, 1302.750
309.0381, 1302.226
309.5203, 1302.449
310.0024, 1303.533
310.4845, 1304.242
310.9666, 1303.519
311.4487, 1301.621
311.9308, 1299.792
312.4130, 1298.236
312.8951, 1296.869
313.3772, 1295.293
313.8593, 1293.627
314.3414, 1292.894
314.8235, 1293.991
315.3057, 1296.373
315.7878, 1298.965
316.2699, 1302.200
316.7520, 1304.335
317.2341, 1303.282
317.7162, 1300.199
318.1984, 1297.476
318.6805, 1295.965
319.1626, 1295.318
319.6447, 1295.081
320.1268, 1295.311
320.6089, 1295.708
321.0911, 1296.366
321.5732, 1297.021
322.0553, 1297.188
322.5374, 1296.424
323.0195, 1295.719
323.5016, 1296.572
323.9838, 1299.007
324.4659, 1300.392
324.9480, 1299.266
325.4301, 1296.818
325.9122, 1294.416
326.3943, 1292.021
326.8765, 1290.130
327.3586, 1289.200
327.8407, 1289.118
328.3228, 1289.331
328.8049, 1289.839
329.2870, 1290.433
329.7692, 1290.963
330.2513, 1291.421
330.7334, 1291.672
331.2155, 1291.309
331.6976, 1290.719
332.1797, 1291.005
332.6619, 1292.627
333.1440, 1294.149
333.6261, 1293.694
334.1082, 1292.154
334.5903, 1291.760
335.0724, 1293.720
335.5546, 1296.911
336.0367, 1300.309
336.5188, 1303.999
337.0009, 1306.786
337.4830, 1307.866
337.9651, 1307.534
338.4473, 1306.207
338.9294, 1302.974
339.4115, 1300.270
339.8936, 1300.749
340.3757, 1303.940
340.8578, 1306.185
341.3400, 1305.712
341.8221, 1304.055
342.3042, 1303.474
342.7863, 1303.977
343.2684, 1305.273
343.7505, 1307.808
344.2327, 1311.010
344.7148, 1313.495
345.1969, 1314.920
345.6790, 1315.713
346.1611, 1315.953
346.6432, 1315.753
347.1254, 1316.166
347.6075, 1318.004
348.0896, 1320.337
348.5717, 1321.974
349.0538, 1322.809
349.5359, 1323.435
350.0181, 1324.305
350.5002, 1325.330
350.9823, 1326.109
351.4644, 1326.514
351.9465, 1326.753
352.4286, 1326.854
352.9108, 1326.868
353.3929, 1327.105
353.8750, 1327.864
354.3571, 1328.781
354.8392, 1328.831
355.3214, 1327.380
355.8035, 1326.579
356.2856, 1327.875
356.7677, 1330.219
357.2498, 1331.737
357.7319, 1331.873
358.2141, 1331.224
358.6962, 1330.587
359.1783, 1330.051
359.6604, 1328.984
360.1425, 1326.273
360.6246, 1323.642
361.1068, 1323.318
361.5889, 1325.295
362.0710, 1326.841
362.5531, 1325.347
363.0352, 1320.893
363.5173, 1318.575
363.9995, 1320.352
364.4816, 1322.098
364.9637, 1321.612
365.4458, 1319.505
365.9279, 1317.505
366.4100, 1316.519
366.8922, 1316.214
367.3743, 1315.525
367.8564, 1313.752
368.3385, 1312.594
368.8206, 1312.858
369.3027, 1313.593
369.7849, 1313.680
370.2670, 1312.814
370.7491, 1311.488
371.2312, 1310.387
371.7133, 1309.694
372.1954, 1308.654
372.6776, 1307.604
373.1597, 1305.979
373.6418, 1302.720
374.1239, 1298.345
374.6060, 1294.829
375.0881, 1293.903
375.5703, 1295.461
376.0524, 1295.529
376.5345, 1292.815
377.0166, 1290.142
377.4987, 1287.858
377.9808, 1286.078
378.4630, 1285.041
378.9451, 1284.863
379.4272, 1285.098
379.9093, 1284.695
380.3914, 1283.494
380.8735, 1281.834
381.3557, 1278.568
381.8378, 1275.700
382.3199, 1275.105
382.8020, 1276.790
383.2841, 1278.978
383.7662, 1279.645
384.2484, 1278.537
384.7305, 1277.672
385.2126, 1277.209
385.6947, 1276.833
386.1768, 1276.203
386.6589, 1275.598
387.1411, 1275.626
387.6232, 1276.750
388.1053, 1278.611
388.5874, 1280.019
389.0695, 1281.261
389.5516, 1281.405
390.0338, 1279.457
390.5159, 1276.917
390.9980, 1275.092
391.4801, 1274.349
391.9622, 1274.303
392.4443, 1274.687
392.9265, 1275.595
393.4086, 1276.063
393.8907, 1275.416
394.3728, 1274.841
394.8549, 1275.247
395.3370, 1276.396
395.8192, 1277.291
396.3013, 1277.214
396.7834, 1276.401
397.2655, 1275.421
397.7476, 1273.883
398.2297, 1273.208
398.7119, 1274.843
399.1940, 1277.570
399.6761, 1279.868
400.1582, 1281.252
400.6403, 1282.343
401.1224, 1284.040
401.6046, 1286.268
402.0867, 1287.428
402.5688, 1286.399
403.0509, 1284.799
403.5330, 1284.499
404.0151, 1285.491
404.4973, 1287.013
404.9794, 1288.724
405.4615, 1290.751
405.9436, 1293.617
406.4257, 1297.513
406.9078, 1301.060
407.3900, 1302.978
407.8721, 1303.489
408.3542, 1304.023
408.8363, 1304.717
409.3184, 1305.425
409.8005, 1306.136
410.2827, 1306.801
410.7648, 1307.344
411.2469, 1307.859
411.7290, 1307.993
412.2111, 1306.752
412.6932, 1303.667
413.1754, 1300.645
413.6575, 1298.045
414.1396, 1295.641
414.6217, 1293.263
415.1038, 1290.857
415.5859, 1288.262
416.0681, 1285.291
416.5502, 1281.896
417.0323, 1278.594
417.5144, 1275.133
417.9965, 1271.999
418.4786, 1269.281
418.9608, 1267.051
419.4429, 1265.443
419.9250, 1264.543
420.4071, 1264.189
420.8892, 1263.990
421.3713, 1264.911
421.8535, 1264.440
422.3356, 1261.461
422.8177, 1257.906
423.2998, 1255.307
423.7819, 1253.815
424.2640, 1252.531
424.7462, 1250.379
425.2283, 1247.214
425.7104, 1245.198
426.1925, 1245.014
426.6746, 1245.340
427.1567, 1246.766
427.6389, 1248.233
428.1210, 1247.821
428.6031, 1244.323
429.0852, 1239.695
429.5673, 1238.061
430.0494, 1240.166
430.5316, 1242.547
431.0137, 1244.701
431.4958, 1246.682
431.9779, 1248.795
432.4600, 1250.951
432.9421, 1252.218
433.4243, 1251.441
433.9064, 1249.089
434.3885, 1247.253
434.8706, 1246.244
435.3527, 1245.234
435.8348, 1243.112
436.3170, 1240.709
436.7991, 1239.590
437.2812, 1240.812
437.7633, 1242.481
438.2454, 1243.043
438.7275, 1242.541
439.2097, 1241.033
439.6918, 1237.940
440.1739, 1234.742
440.6560, 1233.794
441.1381, 1235.104
441.6202, 1236.926
442.1024, 1239.843
442.5845, 1242.442
443.0666, 1242.568
443.5487, 1240.203
444.0308, 1237.829
444.5129, 1237.314
444.9951, 1238.483
445.4772, 1239.479
445.9593, 1240.352
446.4414, 1241.026
446.9235, 1241.302
447.4056, 1241.422
447.8878, 1241.966
448.3699, 1243.107
448.8520, 1244.034
449.3341, 1243.339
449.8162, 1239.914
450.2983, 1238.065
450.7805, 1238.495
451.2626, 1239.594
451.7447, 1241.062
452.2268, 1242.510
452.7089, 1243.228
453.1910, 1242.653
453.6732, 1241.148
454.1553, 1240.266
454.6374, 1240.383
455.1195, 1240.506
455.6016, 1240.665
456.0837, 1240.641
456.5659, 1240.136
457.0480, 1239.137
457.5301, 1238.092
458.0122, 1237.263
458.4943, 1236.659
458.9764, 1237.127
459.4586, 1239.936
459.9407, 1241.912
460.4228, 1240.821
460.9049, 1237.969
461.3870, 1235.605
461.8691, 1234.428
462.3513, 1234.197
462.8334, 1234.897
463.3155, 1236.493
463.7976, 1238.201
464.2797, 1240.327
464.7618, 1241.769
465.2440, 1240.747
465.7261, 1237.226
466.2082, 1234.264
466.6903, 1232.879
467.1724, 1232.596
467.6545, 1233.093
468.1367, 1234.287
468.6188, 1235.640
469.1009, 1237.006
469.5830, 1238.168
470.0651, 1238.062
470.5472, 1234.533
471.0294, 1232.617
471.5115, 1234.792
471.9936, 1238.775
472.4757, 1241.878
472.9578, 1243.361
473.4399, 1243.814
473.9221, 1243.829
474.4042, 1243.247
474.8863, 1243.152
475.3684, 1244.419
475.8505, 1245.187
476.3326, 1244.330
476.8148, 1242.588
477.2969, 1241.276
477.7790, 1241.047
478.2611, 1241.406
478.7432, 1241.204
479.2253, 1239.986
479.7075, 1239.522
480.1896, 1241.187
480.6717, 1242.688
481.1538, 1242.184
481.6359, 1240.161
482.1180, 1238.949
482.6002, 1240.690
483.0823, 1244.201
483.5644, 1246.176
484.0465, 1246.417
484.5286, 1245.771
485.0107, 1244.105
485.4929, 1241.971
485.9750, 1239.793
486.4571, 1237.464
486.9392, 1235.943
487.4213, 1236.092
487.9034, 1237.431
488.3856, 1239.291
488.8677, 1241.754
489.3498, 1243.258
489.8319, 1241.934
490.3140, 1238.059
490.7961, 1235.882
491.2783, 1236.762
491.7604, 1237.865
492.2425, 1237.664
492.7246, 1236.823
493.2067, 1236.622
493.6888, 1237.509
494.1710, 1239.040
494.6531, 1240.598
495.1352, 1242.416
495.6173, 1243.469
496.0994, 1243.824
496.5815, 1243.475
497.0637, 1241.642
497.5458, 1239.154
498.0279, 1237.878
498.5100, 1238.994
498.9921, 1241.259
499.4742, 1241.256
499.9564, 1237.592
500.4385, 1235.189
500.9206, 1235.214
501.4027, 1236.298
501.8848, 1238.241
502.3669, 1240.692
502.8491, 1242.500
503.3312, 1242.606
503.8133, 1241.570
504.2954, 1240.906
504.7775, 1240.706
505.2596, 1240.473
505.7418, 1239.889
506.2239, 1239.204
506.7060, 1238.708
507.1881, 1238.376
507.6702, 1238.430
508.1523, 1239.376
508.6345, 1240.653
509.1166, 1241.220
509.5987, 1240.921
510.0808, 1240.525
510.5629, 1240.732
511.0450, 1241.441
511.5272, 1241.507
512.0093, 1240.782
512.4914, 1239.681
512.9735, 1237.310
513.4556, 1235.039
513.9377, 1235.008
514.4199, 1237.643
514.9020, 1241.129
515.3841, 1243.199
515.8662, 1243.678
516.3483, 1243.945
516.8304, 1244.758
517.3126, 1244.519
517.7947, 1241.922
518.2768, 1238.238
518.7589, 1235.246
519.2410, 1233.650
519.7231, 1232.928
520.2053, 1232.587
520.6874, 1232.696
521.1695, 1232.203
521.6516, 1231.077
522.1337, 1229.118
522.6158, 1225.669
523.0980, 1221.322
523.5801, 1217.808
524.0622, 1216.314
524.5443, 1215.362
525.0264, 1212.867
525.5085, 1209.272
525.9907, 1207.673
526.4728, 1209.789
526.9549, 1212.931
527.4370, 1212.961
527.9191, 1209.420
528.4012, 1206.006
528.8834, 1202.726
529.3655, 1199.994
529.8476, 1198.820
530.3297, 1198.489
530.8118, 1196.813
531.2939, 1192.498
531.7761, 1186.847
532.2582, 1183.173
532.7403, 1182.144
533.2224, 1181.967
533.7045, 1183.217
534.1866, 1184.635
534.6688, 1186.136
535.1509, 1187.191
535.6330, 1186.519
536.1151, 1182.840
536.5972, 1177.455
537.0793, 1173.824
537.5615, 1172.256
538.0436, 1171.298
538.5257, 1171.396
539.0078, 1171.302
539.4899, 1169.651
539.9720, 1166.509
540.4542, 1163.674
540.9363, 1162.296
541.4184, 1161.620
541.9005, 1160.582
542.3826, 1159.162
542.8647, 1157.641
543.3469, 1155.891
543.8290, 1154.408
544.3111, 1154.762
544.7932, 1158.191
545.2753, 1160.262
545.7574, 1159.469
546.2396, 1157.703
546.7217, 1156.218
547.2038, 1155.275
547.6859, 1155.049
548.1680, 1155.754
548.6501, 1157.086
549.1323, 1157.661
549.6144, 1156.750
550.0965, 1156.344
550.5786, 1157.408
551.0607, 1158.422
551.5428, 1158.027
552.0250, 1156.354
552.5071, 1154.766
552.9892, 1154.290
553.4713, 1154.616
553.9534, 1154.900
554.4355, 1155.152
554.9177, 1155.276
555.3998, 1155.174
555.8819, 1154.959
556.3640, 1154.932
556.8461, 1155.191
557.3282, 1154.849
557.8104, 1152.793
558.2925, 1150.401
558.7746, 1149.335
559.2567, 1149.616
559.7388, 1150.520
560.2209, 1151.764
560.7031, 1153.081
561.1852, 1153.624
561.6673, 1152.930
562.1494, 1152.071
562.6315, 1151.067
563.1136, 1149.901
563.5958, 1148.310
564.0779, 1146.494
564.5600, 1145.100
565.0421, 1144.604
565.5242, 1144.819
566.0063, 1145.082
566.4885, 1145.216
566.9706, 1145.905
567.4527, 1148.418
567.9348, 1150.697
568.4169, 1151.205
568.8990, 1150.017
569.3812, 1148.335
569.8633, 1146.324
570.3454, 1144.437
570.8275, 1143.437
571.3096, 1143.288
571.7917, 1143.285
572.2739, 1143.067
572.7560, 1142.954
573.2381, 1143.767
573.7202, 1146.100
574.2023, 1147.014
574.6844, 1145.038
575.1666, 1142.608
575.6487, 1141.155
576.1308, 1140.663
576.6129, 1140.863
577.0950, 1141.658
577.5771, 1142.541
578.0593, 1142.160
578.5414, 1139.508
579.0235, 1138.336
579.5056, 1140.094
579.9877, 1142.196
580.4698, 1143.748
580.9520, 1144.719
581.4341, 1145.275
581.9162, 1145.524
582.3983, 1145.312
582.8804, 1144.229
583.3625, 1142.360
583.8447, 1140.639
584.3268, 1139.260
584.8089, 1138.160
585.2910, 1137.660
585.7731, 1137.617
586.2552, 1136.437
586.7374, 1132.458
587.2195, 1128.914
587.7016, 1127.513
588.1837, 1127.696
588.6658, 1128.719
589.1479, 1130.287
589.6301, 1131.829
590.1122, 1132.629
590.5943, 1132.617
591.0764, 1132.492
591.5585, 1131.841
592.0406, 1131.568
592.5228, 1132.065
593.0049, 1132.962
593.4870, 1133.900
593.9691, 1134.775
594.4512, 1135.489
594.9333, 1135.839
595.4155, 1135.931
595.8976, 1136.217
596.3797, 1136.727
596.8618, 1137.443
597.3439, 1138.645
597.8260, 1139.923
598.3082, 1140.315
598.7903, 1139.557
599.2724, 1138.602
599.7545, 1136.763
600.2366, 1135.496
600.7188, 1136.845
601.2009, 1140.588
601.6830, 1144.803
602.1651, 1148.398
602.6472, 1151.024
603.1293, 1151.103
603.6115, 1145.853
604.0936, 1143.225
604.5757, 1145.359
605.0578, 1148.551
605.5399, 1151.440
606.0220, 1153.446
606.5042, 1153.563
606.9863, 1150.522
607.4684, 1146.367
607.9505, 1144.541
608.4326, 1144.988
608.9147, 1145.372
609.3969, 1144.894
609.8790, 1144.540
610.3611, 1145.664
610.8432, 1148.124
611.3253, 1150.044
611.8074, 1151.870
612.2896, 1152.448
612.7717, 1150.466
613.2538, 1147.022
613.7359, 1143.880
614.2180, 1141.576
614.7001, 1139.665
615.1823, 1137.496
615.6644, 1134.994
616.1465, 1133.847
616.6286, 1135.514
617.1107, 1136.534
617.5928, 1135.412
618.0750, 1133.607
618.5571, 1132.814
619.0392, 1133.305
619.5213, 1133.590
620.0034, 1132.196
620.4855, 1129.885
620.9677, 1128.436
621.4498, 1127.956
621.9319, 1127.326
622.4140, 1125.547
622.8961, 1123.777
623.3782, 1124.997
623.8604, 1130.724
624.3425, 1134.283
624.8246, 1134.103
625.3067, 1132.250
625.7888, 1129.151
626.2709, 1125.591
626.7531, 1122.886
627.2352, 1121.697
627.7173, 1121.623
628.1994, 1122.086
628.6815, 1123.181
629.1636, 1124.314
629.6458, 1126.186
630.1279, 1127.075
630.6100, 1125.011
631.0921, 1121.761
631.5742, 1120.646
632.0563, 1123.020
632.5385, 1126.007
633.0206, 1127.925
633.5027, 1128.894
633.9848, 1128.974
634.4669, 1128.197
634.9490, 1127.185
635.4312, 1126.348
635.9133, 1125.672
636.3954, 1125.061
636.8775, 1123.520
637.3596, 1123.467
637.8417, 1126.090
638.3239, 1129.318
638.8060, 1132.569
639.2881, 1135.139
639.7702, 1135.338
640.2523, 1131.607
640.7344, 1126.390
641.2166, 1124.799
641.6987, 1127.010
642.1808, 1128.573
642.6629, 1128.486
643.1450, 1127.760
643.6271, 1126.845
644.1093, 1125.945
644.5914, 1125.984
645.0735, 1127.764
645.5556, 1129.735
646.0377, 1131.148
646.5198, 1132.327
647.0020, 1133.789
647.4841, 1135.593
647.9662, 1137.307
648.4483, 1138.461
648.9304, 1139.222
649.4125, 1140.919
649.8947, 1144.217
650.3768, 1147.179
650.8589, 1149.747
651.3410, 1151.657
651.8231, 1152.484
652.3052, 1152.386
652.7874, 1152.123
653.2695, 1151.536
653.7516, 1151.483
654.2337, 1153.310
654.7158, 1156.690
655.1979, 1160.243
655.6801, 1163.645
656.1622, 1166.674
656.6443, 1169.002
657.1264, 1170.572
657.6085, 1172.473
658.0906, 1174.405
658.5728, 1176.986
659.0549, 1181.104
659.5370, 1185.522
660.0191, 1188.914
660.5012, 1191.164
660.9833, 1193.140
661.4655, 1195.455
661.9476, 1198.103
662.4297, 1200.998
662.9118, 1204.133
663.3939, 1207.595
663.8760, 1211.665
664.3582, 1215.746
664.8403, 1218.756
665.3224, 1220.817
665.8045, 1223.867
666.2866, 1229.435
666.7687, 1234.790
667.2509, 1238.378
667.7330, 1240.729
668.2151, 1242.720
668.6972, 1244.605
669.1793, 1246.169
669.6614, 1247.152
670.1436, 1247.599
670.6257, 1248.260
671.1078, 1249.559
671.5899, 1250.196
672.0720, 1248.577
672.5541, 1247.022
673.0363, 1247.931
673.5184, 1251.105
674.0005, 1253.393
674.4826, 1253.010
674.9647, 1251.494
675.4468, 1250.135
675.9290, 1248.920
676.4111, 1247.658
676.8932, 1246.287
677.3753, 1245.205
677.8574, 1244.969
678.3395, 1245.631
678.8217, 1245.879
679.3038, 1245.378
679.7859, 1244.885
680.2680, 1244.999
680.7501, 1244.868
681.2322, 1243.430
681.7144, 1240.796
682.1965, 1238.311
682.6786, 1237.007
683.1607, 1236.301
683.6428, 1235.854
684.1249, 1235.438
684.6071, 1232.698
685.0892, 1226.402
685.5713, 1219.408
686.0534, 1214.858
686.5355, 1212.891
687.0176, 1211.436
687.4998, 1211.419
687.9819, 1210.695
688.4640, 1208.474
688.9461, 1205.448
689.4282, 1201.956
689.9103, 1198.292
690.3925, 1195.198
690.8746, 1193.547
691.3567, 1192.579
691.8388, 1190.395
692.3209, 1186.959
692.8030, 1183.233
693.2852, 1178.930
693.7673, 1175.459
694.2494, 1174.776
694.7315, 1176.670
695.2136, 1177.537
695.6957, 1176.971
696.1779, 1175.700
696.6600, 1173.553
697.1421, 1171.079
697.6242, 1168.561
698.1063, 1166.255
698.5884, 1164.840
699.0706, 1164.989
699.5527, 1166.113
700.0348, 1166.436
700.5169, 1165.774
700.9990, 1165.511
701.4811, 1166.141
701.9633, 1166.912
702.4454, 1167.184
702.9275, 1167.068
703.4096, 1166.896
703.8917, 1166.499
704.3738, 1166.343
704.8560, 1166.699
705.3381, 1167.351
705.8202, 1168.399
706.3023, 1169.585
706.7844, 1169.855
707.2665, 1168.376
707.7487, 1165.896
708.2308, 1164.541
708.7129, 1164.561
709.1950, 1164.574
709.6771, 1164.763
710.1592, 1164.451
710.6414, 1162.773
711.1235, 1160.379
711.6056, 1158.788
712.0877, 1158.859
712.5698, 1158.316
713.0519, 1155.439
713.5341, 1151.744
714.0162, 1149.005
714.4983, 1147.269
714.9804, 1145.601
715.4625, 1143.416
715.9446, 1141.345
716.4268, 1140.907
716.9089, 1142.603
717.3910, 1143.768
717.8731, 1144.998
718.3552, 1144.709
718.8373, 1140.812
719.3195, 1135.581
719.8016, 1132.415
720.2837, 1132.061
720.7658, 1132.104
721.2479, 1131.345
721.7300, 1130.434
722.2122, 1130.059
722.6943, 1130.178
723.1764, 1130.592
723.6585, 1131.220
724.1406, 1131.680
724.6227, 1131.254
725.1049, 1129.775
725.5870, 1129.034
726.0691, 1129.596
726.5512, 1129.982
727.0333, 1129.629
727.5154, 1128.901
727.9976, 1127.775
728.4797, 1126.310
728.9618, 1125.980
729.4439, 1128.493
729.9260, 1131.472
730.4081, 1133.041
730.8903, 1133.319
731.3724, 1132.840
731.8545, 1131.735
732.3366, 1129.440
732.8187, 1125.125
733.3008, 1119.019
733.7830, 1113.689
734.2651, 1108.862
734.7472, 1105.424
735.2293, 1104.839
735.7114, 1104.706
736.1935, 1103.493
736.6757, 1101.264
737.1578, 1098.534
737.6399, 1094.436
738.1220, 1091.220
738.6041, 1091.180
739.0862, 1092.689
739.5684, 1093.255
740.0505, 1092.508
740.5326, 1091.090
741.0147, 1089.305
741.4968, 1087.631
741.9789, 1087.994
742.4611, 1091.650
742.9432, 1092.532
743.4253, 1087.689
743.9074, 1082.977
744.3895, 1082.036
744.8716, 1083.412
745.3538, 1084.510
745.8359, 1084.913
746.3180, 1085.096
746.8001, 1085.962
747.2822, 1086.217
747.7643, 1083.638
748.2465, 1079.177
748.7286, 1076.025
749.2107, 1075.647
749.6928, 1076.659
750.1749, 1077.450
750.6570, 1078.115
751.1392, 1076.117
751.6213, 1069.873
752.1034, 1064.613
752.5855, 1063.207
753.0676, 1063.287
753.5497, 1061.735
754.0319, 1058.442
754.5140, 1056.176
754.9961, 1055.593
755.4782, 1056.215
755.9603, 1059.104
756.4424, 1062.458
756.9246, 1063.221
757.4067, 1061.023
757.8888, 1058.324
758.3709, 1057.190
758.8530, 1057.214
759.3351, 1057.002
759.8173, 1056.497
760.2994, 1056.310
760.7815, 1056.760
761.2636, 1057.227
761.7457, 1057.084
762.2278, 1056.497
762.7100, 1056.284
763.1921, 1057.104
763.6742, 1057.319
764.1563, 1055.855
764.6384, 1054.224
765.1205, 1053.345
765.6027, 1053.413
766.0848, 1054.670
766.5669, 1057.277
767.0490, 1060.313
767.5311, 1063.094
768.0132, 1065.363
768.4954, 1065.384
768.9775, 1062.834
769.4596, 1059.837
769.9417, 1057.260
770.4238, 1054.988
770.9059, 1052.723
771.3881, 1050.205
771.8702, 1048.859
772.3523, 1049.865
772.8344, 1050.582
773.3165, 1049.817
773.7986, 1048.453
774.2808, 1047.364
774.7629, 1046.754
775.2450, 1046.605
775.7271, 1047.273
776.2092, 1048.046
776.6913, 1047.694
777.1735, 1046.485
777.6556, 1045.503
778.1377, 1044.993
778.6198, 1044.828
779.1019, 1045.071
779.5840, 1045.452
780.0662, 1044.465
780.5483, 1040.735
781.0304, 1038.252
781.5125, 1038.176
781.9946, 1038.445
782.4767, 1038.210
782.9589, 1037.563
783.4410, 1036.822
783.9231, 1036.118
784.4052, 1035.029
784.8873, 1032.409
785.3694, 1029.860
785.8516, 1029.961
786.3337, 1032.007
786.8158, 1033.128
787.2979, 1032.190
787.7800, 1030.590
788.2621, 1030.176
788.7443, 1030.911
789.2264, 1031.226
789.7085, 1030.566
790.1906, 1031.083
790.6727, 1033.963
791.1548, 1037.760
791.6370, 1041.335
792.1191, 1044.639
792.6012, 1047.137
793.0833, 1048.587
793.5654, 1049.435
794.0475, 1049.963
794.5297, 1049.876
795.0118, 1049.022
795.4939, 1047.261
795.9760, 1044.031
796.4581, 1038.812
796.9402, 1033.335
797.4224, 1030.242
797.9045, 1029.273
798.3866, 1028.843
798.8687, 1028.834
799.3508, 1029.361
799.8329, 1030.740
800.3151, 1032.282
800.7972, 1032.620
801.2793, 1031.292
801.7614, 1030.577
802.2435, 1030.369
802.7256, 1030.841
803.2078, 1031.922
803.6899, 1033.796
804.1720, 1037.269
804.6541, 1042.004
805.1362, 1045.843
805.6183, 1047.401
806.1005, 1047.816
806.5826, 1047.799
807.0647, 1047.639
807.5468, 1047.946
808.0289, 1048.835
808.5110, 1050.252
808.9932, 1052.217
809.4753, 1054.490
809.9574, 1056.555
810.4395, 1058.566
810.9216, 1059.756
811.4037, 1060.342
811.8859, 1059.652
812.3680, 1055.508
812.8501, 1050.734
813.3322, 1050.113
813.8143, 1054.666
814.2964, 1057.259
814.7786, 1054.488
815.2607, 1051.207
815.7428, 1049.614
816.2249, 1049.585
816.7070, 1051.284
817.1891, 1054.360
817.6713, 1057.374
818.1534, 1059.549
818.6355, 1060.463
819.1176, 1058.408
819.5997, 1053.906
820.0818, 1051.208
820.5640, 1051.152
821.0461, 1052.202
821.5282, 1053.620
822.0103, 1054.971
822.4924, 1054.891
822.9745, 1052.731
823.4567, 1050.573
823.9388, 1048.590
824.4209, 1046.408
824.9030, 1043.340
825.3851, 1040.280
825.8672, 1038.453
826.3494, 1038.017
826.8315, 1037.990
827.3136, 1038.996
827.7957, 1039.216
828.2778, 1036.063
828.7599, 1031.373
829.2421, 1028.513
829.7242, 1028.062
830.2063, 1028.607
830.6884, 1029.182
831.1705, 1029.702
831.6526, 1029.967
832.1348, 1029.968
832.6169, 1029.802
833.0990, 1029.577
833.5811, 1028.708
834.0632, 1026.218
834.5453, 1023.307
835.0275, 1022.811
835.5096, 1025.964
835.9917, 1027.837
836.4738, 1027.632
836.9559, 1027.049
837.4380, 1026.235
837.9202, 1025.665
838.4023, 1026.312
838.8844, 1027.957
839.3665, 1028.565
839.8486, 1026.257
840.3307, 1023.436
840.8129, 1022.641
841.2950, 1023.107
841.7771, 1023.528
842.2592, 1023.621
842.7413, 1023.052
843.2234, 1021.509
843.7056, 1019.854
844.1877, 1020.211
844.6698, 1022.852
845.1519, 1023.937
845.6340, 1022.832
846.1161, 1021.593
846.5983, 1020.748
847.0804, 1020.509
847.5625, 1021.472
848.0446, 1023.745
848.5267, 1025.246
849.0089, 1025.551
849.4910, 1025.501
849.9731, 1024.318
850.4552, 1023.666
850.9373, 1025.911
851.4194, 1030.080
851.9016, 1032.710
852.3837, 1032.063
852.8658, 1030.392
853.3479, 1029.415
853.8300, 1028.974
854.3121, 1028.661
854.7943, 1028.570
855.2764, 1029.565
855.7585, 1032.029
856.2406, 1034.479
856.7227, 1034.824
857.2048, 1033.255
857.6870, 1032.342
858.1691, 1032.253
858.6512, 1032.176
859.1333, 1032.002
859.6154, 1031.606
860.0975, 1030.437
860.5797, 1028.866
861.0618, 1028.943
861.5439, 1032.471
862.0260, 1034.606
862.5081, 1034.062
862.9902, 1032.798
863.4724, 1032.019
863.9545, 1031.311
864.4366, 1029.540
864.9187, 1026.479
865.4008, 1024.078
865.8829, 1023.869
866.3651, 1024.788
866.8472, 1026.529
867.3293, 1028.239
867.8114, 1027.432
868.2935, 1023.899
868.7756, 1020.401
869.2578, 1018.990
869.7399, 1019.225
870.2220, 1020.293
870.7041, 1022.243
871.1862, 1023.944
871.6683, 1025.441
872.1505, 1026.073
872.6326, 1025.091
873.1147, 1023.502
873.5968, 1023.053
874.0789, 1024.002
874.5610, 1024.690
875.0432, 1025.245
875.5253, 1025.380
876.0074, 1025.045
876.4895, 1024.250
876.9716, 1022.656
877.4537, 1020.582
877.9359, 1019.070
878.4180, 1018.564
878.9001, 1018.446
879.3822, 1018.561
879.8643, 1018.704
880.3464, 1018.665
880.8286, 1018.446
881.3107, 1018.024
881.7928, 1017.420
882.2749, 1016.946
882.7570, 1016.911
883.2391, 1017.289
883.7213, 1018.035
884.2034, 1019.139
884.6855, 1020.622
885.1676, 1022.625
885.6497, 1023.977
886.1318, 1023.698
886.6140, 1022.146
887.0961, 1020.422
887.5782, 1017.990
888.0603, 1016.790
888.5424, 1017.573
889.0245, 1018.556
889.5067, 1019.106
889.9888, 1019.421
890.4709, 1019.762
890.9530, 1020.134
891.4351, 1020.223
891.9172, 1019.366
892.3994, 1018.956
892.8815, 1019.971
893.3636, 1021.384
893.8457, 1022.345
894.3278, 1022.768
894.8099, 1022.809
895.2921, 1022.534
895.7742, 1021.949
896.2563, 1020.560
896.7384, 1019.130
897.2205, 1019.192
897.7026, 1020.487
898.1848, 1021.816
898.6669, 1022.799
899.1490, 1023.673
899.6311, 1024.782
900.1132, 1025.837
900.5953, 1025.424
901.0775, 1023.324
901.5596, 1022.438
902.0417, 1023.598
902.5238, 1024.479
903.0059, 1023.352
903.4880, 1021.398
903.9702, 1021.003
904.4523, 1022.334
904.9344, 1024.536
905.4165, 1028.851
905.8986, 1032.407
906.3807, 1034.122
906.8629, 1035.201
907.3450, 1037.138
907.8271, 1039.459
908.3092, 1039.925
908.7913, 1037.071
909.2734, 1034.161
909.7556, 1032.257
910.2377, 1031.261
910.7198, 1031.368
911.2019, 1032.229
911.6840, 1033.511
912.1661, 1034.991
912.6483, 1035.778
913.1304, 1034.527
913.6125, 1032.667
914.0946, 1032.657
914.5767, 1034.017
915.0588, 1035.414
915.5410, 1036.550
916.0231, 1037.062
916.5052, 1036.687
916.9873, 1035.777
917.4694, 1035.030
917.9515, 1034.460
918.4337, 1033.369
918.9158, 1031.391
919.3979, 1030.667
919.8800, 1032.343
920.3621, 1034.747
920.8442, 1036.367
921.3264, 1037.165
921.8085, 1036.659
922.2906, 1033.789
922.7727, 1031.343
923.2548, 1028.916
923.7369, 1027.494
924.2191, 1028.053
924.7012, 1029.697
925.1833, 1031.323
925.6654, 1032.841
926.1475, 1033.493
926.6296, 1032.127
927.1118, 1030.930
927.5939, 1031.422
928.0760, 1032.365
928.5581, 1032.284
929.0402, 1031.323
929.5223, 1030.410
930.0045, 1029.852
930.4866, 1030.105
930.9687, 1032.052
931.4508, 1034.788
931.9329, 1037.282
932.4150, 1039.274
932.8972, 1040.321
933.3793, 1040.271
933.8614, 1038.946
934.3435, 1035.976
934.8256, 1032.114
935.3077, 1028.925
935.7899, 1026.455
936.2720, 1025.609
936.7541, 1026.626
937.2362, 1027.640
937.7183, 1027.724
938.2004, 1027.388
938.6826, 1027.482
939.1647, 1028.034
939.6468, 1027.514
940.1289, 1025.004
940.6110, 1023.689
941.0931, 1024.744
941.5753, 1026.408
942.0574, 1027.944
942.5395, 1029.070
943.0216, 1028.932
943.5037, 1026.882
943.9858, 1025.559
944.4680, 1026.138
944.9501, 1026.311
945.4322, 1024.103
945.9143, 1021.868
946.3964, 1022.689
946.8785, 1025.979
947.3607, 1027.928
947.8428, 1026.611
948.3249, 1025.212
948.8070, 1025.755
949.2891, 1026.724
949.7712, 1026.518
950.2534, 1025.653
950.7355, 1025.370
951.2176, 1025.963
951.6997, 1026.828
952.1818, 1027.856
952.6639, 1028.449
953.1461, 1027.291
953.6282, 1025.189
954.1103, 1023.923
954.5924, 1023.715
955.0745, 1024.492
955.5566, 1026.248
956.0388, 1027.814
956.5209, 1027.413
957.0030, 1025.461
957.4851, 1023.795
957.9672, 1022.419
958.4493, 1022.224
958.9315, 1023.477
959.4136, 1025.557
959.8957, 1028.265
960.3778, 1030.976
960.8599, 1031.814
961.3420, 1030.109
961.8242, 1030.229
962.3063, 1033.614
962.7884, 1035.151
963.2705, 1032.198
963.7526, 1028.009
964.2347, 1025.615
964.7169, 1024.860
965.1990, 1024.599
965.6811, 1025.107
966.1632, 1025.696
966.6453, 1026.664
967.1274, 1027.374
967.6096, 1027.178
968.0917, 1026.800
968.5738, 1027.504
969.0559, 1029.248
969.5380, 1029.849
970.0201, 1027.498
970.5023, 1025.638
970.9844, 1026.231
971.4665, 1027.115
971.9486, 1026.278
972.4307, 1024.434
972.9128, 1023.220
973.3950, 1023.067
973.8771, 1023.391
974.3592, 1024.172
974.8413, 1024.955
975.3234, 1025.391
975.8055, 1025.543
976.2877, 1025.359
976.7698, 1024.983
977.2519, 1024.842
977.7340, 1025.134
978.2161, 1025.660
978.6982, 1026.456
979.1804, 1027.204
979.6625, 1027.054
980.1446, 1026.309
980.6267, 1025.879
981.1088, 1026.018
981.5909, 1027.105
982.0731, 1029.560
982.5552, 1032.145
983.0373, 1032.035
983.5194, 1033.424
984.0015, 1034.341
984.4836, 1033.143
984.9658, 1034.465
985.4479, 1032.596
985.9300, 1029.692
986.4121, 1027.589
986.8942, 1026.259
987.3763, 1025.671
987.8585, 1025.876
988.3406, 1026.553
988.8227, 1027.799
989.3048, 1029.183
989.7869, 1030.715
990.2690, 1031.940
990.7512, 1032.235
991.2333, 1031.674
991.7154, 1031.162
992.1975, 1030.723
992.6796, 1030.251
993.1617, 1029.388
993.6439, 1028.986
994.1260, 1029.910
994.6081, 1031.260
995.0902, 1031.722
995.5723, 1031.273
996.0544, 1030.805
996.5366, 1030.361
997.0187, 1029.892
997.5008, 1029.213
997.9829, 1028.691
998.4650, 1028.461
998.9471, 1028.570
999.4293, 1029.249
999.9114, 1030.573
1000.393, 1031.437
1000.876, 1031.279
1001.358, 1030.925
1001.840, 1030.691
1002.322, 1030.430
1002.804, 1029.710
1003.286, 1028.919
1003.768, 1029.073
1004.250, 1030.513
1004.733, 1031.760
1005.215, 1032.126
1005.697, 1031.904
1006.179, 1030.912
1006.661, 1029.716
1007.143, 1028.762
1007.625, 1028.300
1008.107, 1028.820
1008.589, 1030.582
1009.072, 1032.633
1009.554, 1034.969
1010.036, 1036.486
1010.518, 1034.524
1011.000, 1031.193
1011.482, 1031.222
1011.964, 1034.648
1012.446, 1037.579
1012.929, 1037.897
1013.411, 1037.036
1013.893, 1036.482
1014.375, 1036.121
1014.857, 1034.951
1015.339, 1033.771
1015.821, 1036.183
1016.303, 1042.438
1016.785, 1047.919
1017.268, 1049.538
1017.750, 1048.385
1018.232, 1045.480
1018.714, 1041.358
1019.196, 1038.022
1019.678, 1035.579
1020.160, 1034.398
1020.642, 1034.564
1021.125, 1034.830
1021.607, 1034.184
1022.089, 1032.990
1022.571, 1031.766
1023.053, 1030.579
1023.535, 1031.328
1024.017, 1034.199
1024.499, 1035.742
1024.981, 1034.681
1025.464, 1033.536
1025.946, 1034.726
1026.428, 1037.350
1026.910, 1038.539
1027.392, 1038.162
1027.874, 1037.411
1028.356, 1036.045
1028.838, 1035.642
1029.321, 1036.757
1029.803, 1039.034
1030.285, 1042.323
1030.767, 1046.387
1031.249, 1050.561
1031.731, 1055.915
1032.213, 1056.855
1032.695, 1051.241
1033.177, 1046.277
1033.660, 1044.464
1034.142, 1044.545
1034.624, 1045.265
1035.106, 1046.722
1035.588, 1049.660
1036.070, 1055.610
1036.552, 1059.380
1037.034, 1060.694
1037.516, 1060.055
1037.999, 1056.335
1038.481, 1052.104
1038.963, 1049.948
1039.445, 1049.741
1039.927, 1050.514
1040.409, 1053.114
1040.891, 1055.228
1041.373, 1057.688
1041.855, 1058.579
1042.338, 1055.466
1042.820, 1051.703
1043.302, 1051.015
1043.784, 1052.989
1044.266, 1054.319
1044.748, 1055.283
1045.230, 1054.980
1045.712, 1051.749
1046.195, 1049.186
1046.677, 1048.937
1047.159, 1049.901
1047.641, 1051.153
1048.123, 1052.558
1048.605, 1053.679
1049.087, 1054.655
1049.569, 1055.010
1050.052, 1054.293
1050.534, 1053.379
1051.016, 1052.421
1051.498, 1051.633
1051.980, 1051.221
1052.462, 1051.181
1052.944, 1051.359
1053.426, 1051.219
1053.908, 1052.320
1054.391, 1055.943
1054.873, 1059.808
1055.355, 1063.568
1055.837, 1066.403
1056.319, 1066.834
1056.801, 1065.401
1057.283, 1065.149
1057.765, 1067.805
1058.248, 1069.259
1058.730, 1067.435
1059.212, 1065.106
1059.694, 1063.171
1060.176, 1062.029
1060.658, 1062.458
1061.140, 1064.057
1061.622, 1064.935
1062.104, 1063.911
1062.587, 1064.068
1063.069, 1068.124
1063.551, 1071.835
1064.033, 1072.640
1064.515, 1071.807
1064.997, 1070.654
1065.479, 1069.382
1065.961, 1067.775
1066.443, 1065.449
1066.926, 1063.965
1067.408, 1064.041
1067.890, 1065.038
1068.372, 1067.503
1068.854, 1070.005
1069.336, 1070.924
1069.818, 1070.417
1070.300, 1069.487
1070.782, 1068.244
1071.265, 1067.452
1071.747, 1067.894
1072.229, 1068.359
1072.711, 1067.862
1073.193, 1067.199
1073.675, 1067.175
1074.157, 1067.800
1074.639, 1068.997
1075.122, 1070.912
1075.604, 1072.085
1076.086, 1070.942
1076.568, 1069.954
1077.050, 1070.791
1077.532, 1072.341
1078.014, 1073.720
1078.496, 1074.722
1078.979, 1075.138
1079.461, 1074.889
1079.943, 1074.611
1080.425, 1073.970
1080.907, 1074.141
1081.389, 1076.707
1081.871, 1079.589
1082.353, 1080.355
1082.835, 1079.982
1083.318, 1080.855
1083.800, 1083.506
1084.282, 1086.624
1084.764, 1090.562
1085.246, 1093.666
1085.728, 1094.551
1086.210, 1094.768
1086.692, 1095.801
1087.175, 1097.113
1087.657, 1097.531
1088.139, 1096.871
1088.621, 1095.886
1089.103, 1094.883
1089.585, 1093.593
1090.067, 1091.699
1090.549, 1089.655
1091.031, 1087.488
1091.514, 1085.571
1091.996, 1084.290
1092.478, 1083.747
1092.960, 1084.250
1093.442, 1087.238
1093.924, 1088.781
1094.406, 1086.213
1094.888, 1083.040
1095.370, 1080.956
1095.853, 1080.028
1096.335, 1080.613
1096.817, 1082.349
1097.299, 1083.577
1097.781, 1083.724
1098.263, 1083.722
1098.745, 1084.170
1099.227, 1084.205
1099.709, 1082.764
1100.192, 1081.159
1100.674, 1080.861
1101.156, 1081.652
1101.638, 1082.281
1102.120, 1082.141
1102.602, 1083.238
1103.084, 1088.453
1103.566, 1091.897
1104.049, 1089.667
1104.531, 1086.099
1105.013, 1084.422
1105.495, 1084.478
1105.977, 1085.123
1106.459, 1086.005
1106.941, 1088.940
1107.423, 1096.465
1107.906, 1102.970
1108.388, 1107.820
1108.870, 1110.319
1109.352, 1109.017
1109.834, 1105.488
1110.316, 1102.106
1110.798, 1098.971
1111.280, 1096.691
1111.762, 1096.334
1112.245, 1095.300
1112.727, 1092.871
1113.209, 1090.168
1113.691, 1087.059
1114.173, 1084.416
1114.655, 1083.466
1115.137, 1084.111
1115.619, 1084.989
1116.102, 1086.114
1116.584, 1087.433
1117.066, 1089.034
1117.548, 1090.706
1118.030, 1092.962
1118.512, 1094.624
1118.994, 1094.481
1119.476, 1092.824
1119.958, 1090.725
1120.441, 1087.661
1120.923, 1085.848
1121.405, 1085.604
1121.887, 1085.973
1122.369, 1086.933
1122.851, 1088.065
1123.333, 1089.099
1123.815, 1090.074
1124.297, 1091.162
1124.780, 1092.444
1125.262, 1092.692
1125.744, 1091.458
1126.226, 1090.848
1126.708, 1091.239
1127.190, 1092.262
1127.672, 1093.837
1128.154, 1095.662
1128.636, 1097.434
1129.119, 1099.033
1129.601, 1099.205
1130.083, 1097.728
1130.565, 1097.372
1131.047, 1098.561
1131.529, 1099.371
1132.011, 1098.958
1132.493, 1098.421
1132.976, 1098.926
1133.458, 1100.045
1133.940, 1100.640
1134.422, 1100.716
1134.904, 1099.932
1135.386, 1098.377
1135.868, 1098.267
1136.350, 1100.171
1136.833, 1102.029
1137.315, 1102.351
1137.797, 1102.062
1138.279, 1102.702
1138.761, 1104.023
1139.243, 1105.088
1139.725, 1106.026
1140.207, 1107.802
1140.689, 1110.274
1141.172, 1111.381
1141.654, 1110.168
1142.136, 1108.406
1142.618, 1107.912
1143.100, 1108.146
1143.582, 1108.435
1144.064, 1108.654
1144.546, 1107.708
1145.029, 1106.514
1145.511, 1108.521
1145.993, 1114.289
1146.475, 1119.814
1146.957, 1122.592
1147.439, 1123.501
1147.921, 1123.106
1148.403, 1121.584
1148.885, 1118.272
1149.368, 1114.432
1149.850, 1112.087
1150.332, 1111.448
1150.814, 1111.578
1151.296, 1112.054
1151.778, 1113.566
1152.260, 1116.992
1152.742, 1121.046
1153.224, 1125.921
1153.707, 1130.150
1154.189, 1132.163
1154.671, 1132.321
1155.153, 1131.347
1155.635, 1129.369
1156.117, 1128.313
1156.599, 1130.839
1157.081, 1131.451
1157.563, 1126.046
1158.046, 1120.834
1158.528, 1120.065
1159.010, 1121.548
1159.492, 1122.640
1159.974, 1123.110
1160.456, 1122.709
1160.938, 1120.333
1161.420, 1119.170
1161.903, 1119.752
1162.385, 1120.991
1162.867, 1123.460
1163.349, 1125.440
1163.831, 1125.099
1164.313, 1123.580
1164.795, 1123.809
1165.277, 1126.111
1165.760, 1127.395
1166.242, 1127.381
1166.724, 1127.157
1167.206, 1126.677
1167.688, 1126.729
1168.170, 1127.834
1168.652, 1129.413
1169.134, 1130.899
1169.616, 1132.066
1170.099, 1131.442
1170.581, 1128.993
1171.063, 1127.760
1171.545, 1127.930
1172.027, 1128.983
1172.509, 1130.777
1172.991, 1133.076
1173.473, 1135.839
1173.956, 1138.224
1174.438, 1138.472
1174.920, 1137.230
1175.402, 1135.771
1175.884, 1134.772
1176.366, 1137.688
1176.848, 1143.920
1177.330, 1147.752
1177.813, 1146.836
1178.295, 1144.893
1178.777, 1144.340
1179.259, 1145.836
1179.741, 1152.340
1180.223, 1159.875
1180.705, 1163.358
1181.187, 1162.898
1181.669, 1158.378
1182.151, 1150.957
1182.634, 1145.324
1183.116, 1143.950
1183.598, 1143.409
1184.080, 1141.379
1184.562, 1139.893
1185.044, 1140.708
1185.526, 1142.422
1186.008, 1143.905
1186.490, 1144.938
1186.973, 1145.372
1187.455, 1145.166
1187.937, 1144.632
1188.419, 1141.958
1188.901, 1141.758
1189.383, 1146.780
1189.865, 1152.299
1190.347, 1157.409
1190.830, 1160.609
1191.312, 1159.287
1191.794, 1154.579
1192.276, 1152.092
1192.758, 1152.249
1193.240, 1153.264
1193.722, 1155.439
1194.204, 1157.737
1194.687, 1160.328
1195.169, 1161.584
1195.651, 1160.207
1196.133, 1157.619
1196.615, 1155.863
1197.097, 1155.039
1197.579, 1156.077
1198.061, 1158.859
1198.543, 1161.016
1199.026, 1162.330
1199.508, 1163.175
1199.990, 1163.659
1200.472, 1163.187
1200.954, 1161.068
1201.436, 1158.817
1201.918, 1159.054
1202.400, 1160.619
1202.883, 1161.385
1203.365, 1161.478
1203.847, 1161.355
1204.329, 1161.044
1204.811, 1159.947
1205.293, 1157.937
1205.775, 1157.229
1206.257, 1160.724
1206.740, 1164.130
1207.222, 1163.670
1207.704, 1162.370
1208.186, 1162.830
1208.668, 1164.393
1209.150, 1166.258
1209.632, 1168.022
1210.114, 1168.608
1210.596, 1167.371
1211.078, 1166.297
1211.561, 1165.447
1212.043, 1165.250
1212.525, 1166.532
1213.007, 1167.727
1213.489, 1167.343
1213.971, 1166.619
1214.453, 1167.709
1214.935, 1168.227
1215.417, 1168.987
1215.900, 1171.115
1216.382, 1171.683
1216.864, 1173.973
1217.346, 1176.428
1217.828, 1178.791
1218.310, 1179.784
1218.792, 1178.167
1219.274, 1175.695
1219.757, 1175.941
1220.239, 1175.267
1220.721, 1175.089
1221.203, 1176.398
1221.685, 1176.376
1222.167, 1178.161
1222.649, 1180.254
1223.131, 1182.061
1223.614, 1183.454
1224.096, 1184.444
1224.578, 1184.649
1225.060, 1182.789
1225.542, 1180.666
1226.024, 1180.166
1226.506, 1181.078
1226.988, 1183.731
1227.470, 1187.191
1227.953, 1188.896
1228.435, 1188.052
1228.917, 1187.621
1229.399, 1189.615
1229.881, 1190.923
1230.363, 1189.772
1230.845, 1188.507
1231.327, 1188.177
1231.810, 1188.717
1232.292, 1190.478
1232.774, 1192.992
1233.256, 1194.338
1233.738, 1194.004
1234.220, 1194.765
1234.702, 1197.003
1235.184, 1199.040
1235.667, 1200.455
1236.149, 1202.367
1236.631, 1205.696
1237.113, 1208.103
1237.595, 1206.485
1238.077, 1202.301
1238.559, 1199.939
1239.041, 1198.967
1239.523, 1196.382
1240.005, 1196.462
1240.488, 1192.995
1240.970, 1197.056
1241.452, 1200.877
1241.934, 1202.418
1242.416, 1203.031
1242.898, 1203.457
1243.380, 1204.146
1243.862, 1206.167
1244.344, 1208.168
1244.827, 1208.266
1245.309, 1207.407
1245.791, 1207.015
1246.273, 1207.440
1246.755, 1209.149
1247.237, 1212.968
1247.719, 1215.599
1248.201, 1215.925
1248.684, 1215.512
1249.166, 1214.058
1249.648, 1212.858
1250.130, 1212.598
1250.612, 1213.051
1251.094, 1214.045
1251.576, 1215.475
1252.058, 1216.643
1252.541, 1217.551
1253.023, 1218.093
1253.505, 1218.201
1253.987, 1218.822
1254.469, 1220.179
1254.951, 1221.994
1255.433, 1224.145
1255.915, 1225.925
1256.397, 1226.291
1256.880, 1225.956
1257.362, 1226.235
1257.844, 1226.904
1258.326, 1226.777
1258.808, 1226.897
1259.290, 1230.568
1259.772, 1237.359
1260.254, 1242.909
1260.737, 1245.425
1261.219, 1246.742
1261.701, 1247.594
1262.183, 1247.805
1262.665, 1246.447
1263.147, 1245.310
1263.629, 1246.021
1264.111, 1247.537
1264.594, 1248.663
1265.076, 1249.218
1265.558, 1248.240
1266.040, 1244.275
1266.522, 1244.394
1267.004, 1250.050
1267.486, 1254.758
1267.968, 1257.359
1268.450, 1258.352
1268.932, 1257.794
1269.415, 1257.100
1269.897, 1257.998
1270.379, 1257.641
1270.861, 1259.510
1271.343, 1258.444
1271.825, 1258.536
1272.307, 1259.656
1272.789, 1261.496
1273.271, 1263.637
1273.754, 1264.724
1274.236, 1264.296
1274.718, 1264.160
1275.200, 1265.715
1275.682, 1267.621
1276.164, 1269.605
1276.646, 1271.068
1277.128, 1271.135
1277.611, 1270.798
1278.093, 1271.419
1278.575, 1272.612
1279.057, 1272.564
1279.539, 1273.614
1280.021, 1275.258
1280.503, 1275.575
1280.985, 1278.684
1281.468, 1280.795
1281.950, 1281.935
1282.432, 1281.658
1282.914, 1283.043
1283.396, 1289.113
1283.878, 1296.655
1284.360, 1300.213
1284.842, 1299.702
1285.324, 1295.129
##END=



