##NAMES=Scholzite
##RRUFFID=R080068
##IDEAL CHEMISTRY=CaZn^2+^_2_(PO_4_)_2_&#183;2H_2_O
##LOCALITY=Tip Top mine, Custer Country, South Dakota, USA
##OWNER=RRUFF
##SOURCE=Tom Loomis
##DESCRIPTION=Parallel aggregate of colorless bladed crystals, associated with jahnsite, R080072
##STATUS=The identification of this mineral has been confirmed by single-crystal X-ray diffraction.
##URL=rruff.info/R080068
92.52344, 299.3407
93.00555, 297.8354
93.48767, 298.2442
93.96979, 306.6950
94.45190, 315.1107
94.93402, 322.4107
95.41614, 324.5554
95.89825, 323.0854
96.38037, 320.6934
96.86249, 317.6152
97.34460, 314.7884
97.82672, 312.6894
98.30884, 310.8188
98.79095, 309.3004
99.27307, 307.5746
99.75519, 305.0998
100.2373, 302.3873
100.7194, 299.8807
101.2015, 298.3654
101.6837, 298.4262
102.1658, 298.7671
102.6479, 298.4564
103.1300, 297.4442
103.6121, 296.1180
104.0942, 294.9360
104.5764, 293.6014
105.0585, 291.5161
105.5406, 288.0289
106.0227, 283.5678
106.5048, 279.4662
106.9869, 275.7457
107.4691, 272.2088
107.9512, 268.5644
108.4333, 264.9369
108.9154, 261.6714
109.3975, 259.1035
109.8796, 257.3127
110.3618, 255.6264
110.8439, 253.8720
111.3260, 252.3304
111.8081, 251.1954
112.2902, 250.4606
112.7723, 249.9484
113.2544, 249.4571
113.7366, 249.2847
114.2187, 248.4923
114.7008, 246.5935
115.1829, 244.3691
115.6650, 242.5337
116.1471, 241.3370
116.6293, 240.5329
117.1114, 239.5448
117.5935, 238.1451
118.0756, 236.9951
118.5577, 236.2072
119.0398, 235.7759
119.5220, 235.7516
120.0041, 236.3407
120.4862, 237.1976
120.9683, 237.5358
121.4504, 237.1042
121.9325, 236.5837
122.4147, 236.6043
122.8968, 237.2198
123.3789, 237.7047
123.8610, 237.6720
124.3431, 237.3115
124.8252, 236.6951
125.3074, 235.7215
125.7895, 234.6520
126.2716, 234.0409
126.7537, 234.0413
127.2358, 234.2872
127.7179, 234.7629
128.2001, 235.3380
128.6822, 235.8136
129.1643, 236.0131
129.6464, 235.9895
130.1285, 236.4102
130.6107, 238.0079
131.0928, 239.3816
131.5749, 240.0816
132.0570, 240.2620
132.5391, 240.3280
133.0212, 240.6187
133.5034, 241.1598
133.9855, 241.8244
134.4676, 242.7916
134.9497, 243.7174
135.4318, 244.2998
135.9139, 244.5544
136.3960, 244.8522
136.8782, 245.6375
137.3603, 247.0260
137.8424, 248.3772
138.3245, 249.5410
138.8066, 250.6907
139.2887, 252.1536
139.7709, 254.1034
140.2530, 255.9373
140.7351, 256.6302
141.2172, 256.2948
141.6993, 256.2029
142.1814, 257.1540
142.6636, 258.8458
143.1457, 260.1268
143.6278, 260.4554
144.1099, 260.6240
144.5920, 261.3788
145.0741, 262.7165
145.5563, 264.1013
146.0384, 264.8633
146.5205, 264.8495
147.0026, 265.5102
147.4847, 267.7613
147.9668, 270.3571
148.4490, 272.7055
148.9311, 274.6590
149.4132, 276.3895
149.8953, 278.1207
150.3774, 279.8109
150.8595, 281.6184
151.3417, 283.6476
151.8238, 285.7144
152.3059, 287.7416
152.7880, 289.6746
153.2701, 291.4372
153.7522, 292.8071
154.2344, 293.6152
154.7165, 294.1352
155.1986, 294.6411
155.6807, 294.7996
156.1628, 294.0787
156.6449, 292.1629
157.1271, 289.3613
157.6092, 286.9209
158.0913, 284.8200
158.5734, 282.9930
159.0555, 281.3868
159.5376, 280.0414
160.0198, 279.0832
160.5019, 278.6349
160.9840, 278.6335
161.4661, 278.7274
161.9482, 279.3007
162.4303, 279.5822
162.9125, 279.0634
163.3946, 277.7608
163.8767, 275.9504
164.3588, 273.5476
164.8409, 270.7859
165.3230, 268.0614
165.8052, 265.5717
166.2873, 263.0321
166.7694, 260.0071
167.2515, 256.2997
167.7336, 252.7471
168.2157, 249.9035
168.6979, 247.3920
169.1800, 244.7525
169.6621, 241.7290
170.1442, 238.4978
170.6263, 235.5488
171.1084, 233.0340
171.5906, 230.5923
172.0727, 227.9519
172.5548, 225.3169
173.0369, 222.9264
173.5190, 220.8816
174.0011, 219.2129
174.4833, 218.1919
174.9654, 218.8591
175.4475, 219.1644
175.9296, 218.4824
176.4117, 217.1217
176.8938, 215.6787
177.3760, 214.5913
177.8581, 213.8682
178.3402, 213.1724
178.8223, 212.4296
179.3044, 211.7823
179.7865, 211.2467
180.2687, 210.8462
180.7508, 210.6683
181.2329, 210.8517
181.7150, 211.4555
182.1971, 211.5126
182.6792, 210.6939
183.1614, 209.6944
183.6435, 208.8093
184.1256, 208.0900
184.6077, 207.5754
185.0898, 207.3443
185.5719, 207.4232
186.0541, 207.4422
186.5362, 207.4024
187.0183, 207.2935
187.5004, 207.0686
187.9825, 206.7147
188.4646, 206.3706
188.9468, 206.2142
189.4289, 206.1910
189.9110, 206.0671
190.3931, 205.7253
190.8752, 205.2722
191.3573, 204.8141
191.8395, 204.2897
192.3216, 203.9666
192.8037, 204.2097
193.2858, 204.8137
193.7679, 205.3244
194.2500, 205.6031
194.7322, 205.6402
195.2143, 205.3515
195.6964, 204.5010
196.1785, 203.6868
196.6606, 203.2662
197.1427, 203.1212
197.6249, 202.9971
198.1070, 202.6997
198.5891, 202.2565
199.0712, 201.9377
199.5533, 201.6073
200.0354, 201.5941
200.5176, 202.2610
200.9997, 203.3467
201.4818, 204.2810
201.9639, 204.5472
202.4460, 204.1224
202.9281, 203.9689
203.4103, 204.2769
203.8924, 204.7077
204.3745, 205.2897
204.8566, 205.9337
205.3387, 206.4499
205.8208, 206.6466
206.3030, 206.4725
206.7851, 206.4763
207.2672, 206.7363
207.7493, 207.0792
208.2314, 207.4236
208.7135, 207.7855
209.1957, 208.2402
209.6778, 208.8630
210.1599, 209.6745
210.6420, 210.4999
211.1241, 211.2139
211.6062, 212.0374
212.0884, 213.1362
212.5705, 214.4759
213.0526, 215.8741
213.5347, 217.1736
214.0168, 218.3569
214.4989, 219.5935
214.9811, 220.9165
215.4632, 222.2646
215.9453, 223.5320
216.4274, 224.7387
216.9095, 226.1033
217.3916, 227.8968
217.8737, 230.1280
218.3559, 232.0266
218.8380, 233.2867
219.3201, 234.4182
219.8022, 235.9376
220.2843, 237.8837
220.7664, 239.7850
221.2486, 241.2343
221.7307, 242.3138
222.2128, 243.3394
222.6949, 244.4698
223.1770, 245.5078
223.6591, 246.1979
224.1413, 246.5072
224.6234, 246.6533
225.1055, 246.5780
225.5876, 246.4575
226.0697, 246.6660
226.5518, 247.6151
227.0340, 248.7812
227.5161, 249.2719
227.9982, 248.8610
228.4803, 248.5603
228.9624, 248.9862
229.4445, 249.8675
229.9267, 250.9378
230.4088, 252.1833
230.8909, 253.4911
231.3730, 254.5903
231.8551, 255.3537
232.3372, 256.2332
232.8194, 257.6530
233.3015, 259.2214
233.7836, 260.4617
234.2657, 261.1259
234.7478, 261.4356
235.2299, 261.8831
235.7121, 262.5337
236.1942, 263.2047
236.6763, 264.1898
237.1584, 265.0381
237.6405, 265.2105
238.1227, 264.4301
238.6048, 263.0166
239.0869, 261.7607
239.5690, 260.6613
240.0511, 259.7406
240.5332, 259.4724
241.0154, 259.1563
241.4975, 257.9132
241.9796, 255.3527
242.4617, 252.1516
242.9438, 250.0737
243.4259, 249.9494
243.9081, 249.7056
244.3902, 249.1254
244.8723, 248.3258
245.3544, 247.3610
245.8365, 246.2564
246.3186, 245.1266
246.8008, 244.2263
247.2829, 243.7322
247.7650, 243.2380
248.2471, 242.5891
248.7292, 241.9961
249.2113, 241.6792
249.6935, 241.7065
250.1756, 241.9465
250.6577, 242.1458
251.1398, 242.2550
251.6219, 242.3890
252.1040, 242.6716
252.5862, 242.9109
253.0683, 242.8321
253.5504, 242.3833
254.0325, 241.8842
254.5146, 241.8701
254.9967, 242.6931
255.4789, 243.3987
255.9610, 243.8583
256.4431, 244.2742
256.9252, 244.8052
257.4073, 245.4947
257.8894, 246.3251
258.3716, 247.3058
258.8537, 248.5896
259.3358, 249.5806
259.8179, 249.8335
260.3000, 250.0635
260.7821, 251.0023
261.2643, 252.7511
261.7464, 254.6960
262.2285, 256.1540
262.7106, 256.9831
263.1927, 258.0091
263.6748, 259.2422
264.1570, 260.6728
264.6391, 262.3567
265.1212, 264.2818
265.6033, 266.2546
266.0854, 268.1030
266.5675, 269.8070
267.0497, 271.3878
267.5318, 272.7236
268.0139, 274.0121
268.4960, 275.4919
268.9781, 277.1527
269.4602, 278.6548
269.9424, 279.7018
270.4245, 280.3267
270.9066, 280.9879
271.3887, 281.7422
271.8708, 282.5041
272.3529, 283.1811
272.8351, 283.7844
273.3172, 284.4613
273.7993, 285.4621
274.2814, 286.5463
274.7635, 287.0237
275.2456, 286.3113
275.7278, 285.6254
276.2099, 285.9619
276.6920, 287.2022
277.1741, 288.3660
277.6562, 288.9520
278.1383, 289.1923
278.6205, 289.5987
279.1026, 290.2045
279.5847, 290.9101
280.0668, 291.7626
280.5489, 292.7119
281.0310, 293.4262
281.5132, 293.7236
281.9953, 293.7788
282.4774, 293.8540
282.9595, 293.9474
283.4416, 294.0643
283.9237, 294.2622
284.4059, 294.5013
284.8880, 294.5940
285.3701, 294.4113
285.8522, 294.1807
286.3343, 294.2668
286.8164, 294.6474
287.2986, 294.7305
287.7807, 294.0219
288.2628, 292.7435
288.7449, 291.6153
289.2270, 290.7349
289.7091, 290.0209
290.1913, 289.5465
290.6734, 289.2125
291.1555, 288.6110
291.6376, 287.2477
292.1197, 285.5152
292.6018, 284.4376
293.0840, 284.3610
293.5661, 284.2382
294.0482, 283.1435
294.5303, 281.5367
295.0124, 280.2453
295.4945, 279.7490
295.9767, 279.6806
296.4588, 279.3810
296.9409, 278.7872
297.4230, 278.1781
297.9051, 277.5539
298.3872, 277.0378
298.8694, 276.8620
299.3515, 277.2481
299.8336, 277.7292
300.3157, 277.5467
300.7978, 276.5390
301.2799, 275.8451
301.7621, 276.2741
302.2442, 277.0307
302.7263, 277.3823
303.2084, 277.1474
303.6905, 276.8091
304.1726, 276.8625
304.6548, 277.3218
305.1369, 277.8452
305.6190, 278.4336
306.1011, 278.9951
306.5832, 279.5651
307.0653, 280.1281
307.5475, 280.3781
308.0296, 279.7877
308.5117, 278.4652
308.9938, 277.7638
309.4759, 278.3033
309.9580, 278.9910
310.4402, 279.1424
310.9223, 278.8185
311.4044, 278.2926
311.8865, 277.6227
312.3686, 276.8663
312.8507, 276.2864
313.3329, 275.9908
313.8150, 275.6916
314.2971, 275.1513
314.7792, 274.5005
315.2613, 273.9893
315.7434, 273.7990
316.2256, 273.7702
316.7077, 273.5705
317.1898, 273.1796
317.6719, 272.6583
318.1540, 271.8691
318.6361, 271.0288
319.1183, 270.3896
319.6004, 270.0494
320.0825, 269.8582
320.5646, 269.6407
321.0467, 269.4023
321.5288, 269.1011
322.0110, 268.5413
322.4931, 268.0309
322.9752, 267.9395
323.4573, 268.3378
323.9394, 268.6461
324.4215, 268.2518
324.9037, 267.1720
325.3858, 266.0847
325.8679, 264.8987
326.3500, 263.9778
326.8321, 263.7111
327.3142, 263.9974
327.7964, 264.2201
328.2785, 263.9460
328.7606, 263.2552
329.2427, 262.4792
329.7248, 261.4544
330.2069, 260.6753
330.6891, 260.6965
331.1712, 261.1530
331.6533, 261.2553
332.1354, 260.4880
332.6175, 259.2259
333.0996, 258.2079
333.5818, 257.4641
334.0639, 256.8544
334.5460, 256.4677
335.0281, 256.1229
335.5102, 255.5864
335.9923, 254.7362
336.4745, 253.8137
336.9566, 253.1630
337.4387, 252.8138
337.9208, 252.2590
338.4029, 251.1629
338.8850, 249.9010
339.3671, 248.8367
339.8492, 248.0003
340.3314, 247.2637
340.8135, 246.6204
341.2956, 246.0276
341.7777, 245.2165
342.2598, 243.9958
342.7419, 242.7520
343.2241, 241.7842
343.7062, 241.0639
344.1883, 240.5022
344.6704, 240.3208
345.1525, 240.2262
345.6346, 239.4911
346.1168, 237.9214
346.5989, 236.2244
347.0810, 234.6709
347.5631, 233.3654
348.0452, 232.5983
348.5273, 232.7278
349.0095, 233.1719
349.4916, 233.3187
349.9737, 233.1648
350.4558, 232.8715
350.9379, 232.5067
351.4200, 232.0358
351.9022, 231.3936
352.3843, 230.5049
352.8664, 229.6543
353.3485, 228.9702
353.8306, 228.4682
354.3127, 228.2459
354.7949, 228.4129
355.2770, 228.7351
355.7591, 229.0022
356.2412, 229.2287
356.7233, 229.1764
357.2054, 228.4765
357.6876, 227.5341
358.1697, 227.0147
358.6518, 227.0328
359.1339, 227.2644
359.6160, 227.5415
360.0981, 227.8230
360.5803, 227.8826
361.0624, 227.4556
361.5445, 226.9752
362.0266, 226.7897
362.5087, 226.8845
362.9908, 227.1313
363.4730, 227.5852
363.9551, 228.0587
364.4372, 227.9943
364.9193, 227.0620
365.4014, 226.1924
365.8835, 225.8542
366.3657, 225.8415
366.8478, 225.7010
367.3299, 225.2547
367.8120, 224.7576
368.2941, 224.6578
368.7762, 225.0634
369.2584, 225.3511
369.7405, 225.2692
370.2226, 225.1284
370.7047, 225.3369
371.1868, 225.9132
371.6689, 226.3863
372.1511, 226.3132
372.6332, 225.6596
373.1153, 225.0763
373.5974, 224.6151
374.0795, 224.1624
374.5616, 223.5663
375.0438, 222.9276
375.5259, 222.5256
376.0080, 222.5440
376.4901, 222.8402
376.9722, 222.9098
377.4543, 222.3130
377.9365, 222.0557
378.4186, 222.4682
378.9007, 223.1666
379.3828, 223.7870
379.8649, 224.2129
380.3470, 224.4494
380.8292, 224.4947
381.3113, 224.2991
381.7934, 224.0325
382.2755, 223.4936
382.7576, 223.0651
383.2397, 222.9650
383.7219, 223.1792
384.2040, 223.6176
384.6861, 224.2465
385.1682, 225.0401
385.6503, 225.5455
386.1324, 225.2396
386.6146, 225.2237
387.0967, 225.7853
387.5788, 226.7126
388.0609, 227.7825
388.5430, 228.8952
389.0251, 229.9875
389.5073, 230.8943
389.9894, 231.3630
390.4715, 232.1945
390.9536, 233.7025
391.4357, 235.3176
391.9178, 236.6464
392.4000, 237.6811
392.8821, 238.7139
393.3642, 240.0306
393.8463, 241.6408
394.3284, 243.2765
394.8105, 244.9807
395.2927, 246.6767
395.7748, 248.2813
396.2569, 249.8677
396.7390, 251.5467
397.2211, 253.3474
397.7032, 255.3303
398.1854, 257.6751
398.6675, 260.5374
399.1496, 263.3194
399.6317, 265.7334
400.1138, 268.0970
400.5959, 270.6494
401.0781, 273.4261
401.5602, 276.2912
402.0423, 279.0854
402.5244, 281.8192
403.0065, 284.6957
403.4886, 287.8073
403.9708, 290.9514
404.4529, 293.9445
404.9350, 296.8433
405.4171, 299.8478
405.8992, 303.2386
406.3813, 306.6669
406.8635, 309.6909
407.3456, 312.3311
407.8277, 314.3974
408.3098, 315.7102
408.7919, 316.3998
409.2740, 316.7966
409.7562, 317.0209
410.2383, 316.6886
410.7204, 315.4981
411.2025, 313.5606
411.6846, 311.2963
412.1667, 308.9232
412.6489, 305.8842
413.1310, 301.0888
413.6131, 294.5813
414.0952, 288.4561
414.5773, 283.3503
415.0594, 278.5849
415.5416, 273.4822
416.0237, 268.0688
416.5058, 262.9177
416.9879, 258.4258
417.4700, 254.5059
417.9521, 250.6535
418.4343, 246.6903
418.9164, 242.9898
419.3985, 239.6435
419.8806, 236.6179
420.3627, 233.9326
420.8448, 231.5811
421.3270, 229.4268
421.8091, 227.2510
422.2912, 224.9666
422.7733, 222.9760
423.2554, 221.3891
423.7375, 219.9786
424.2197, 218.7381
424.7018, 217.5841
425.1839, 216.2863
425.6660, 214.6302
426.1481, 212.7391
426.6302, 211.4252
427.1124, 211.2378
427.5945, 211.0068
428.0766, 210.6133
428.5587, 210.1019
429.0408, 209.5104
429.5229, 208.8559
430.0051, 208.1521
430.4872, 207.4021
430.9693, 206.5884
431.4514, 205.8214
431.9335, 205.1383
432.4156, 204.4708
432.8978, 203.7166
433.3799, 202.9517
433.8620, 202.3603
434.3441, 202.1037
434.8262, 202.0665
435.3083, 201.9347
435.7905, 201.7109
436.2726, 201.3828
436.7547, 200.6800
437.2368, 200.0096
437.7189, 199.9188
438.2010, 200.5618
438.6832, 201.0029
439.1653, 200.1824
439.6474, 198.3701
440.1295, 196.9953
440.6116, 196.2662
441.0938, 196.0407
441.5759, 196.4763
442.0580, 197.3531
442.5401, 197.9961
443.0222, 198.3620
443.5043, 198.3087
443.9865, 197.4726
444.4686, 195.9495
444.9507, 194.5488
445.4328, 193.6320
445.9149, 193.0904
446.3970, 192.6875
446.8792, 192.4171
447.3613, 192.2621
447.8434, 192.4374
448.3255, 192.6250
448.8076, 192.2958
449.2897, 191.3974
449.7719, 190.5707
450.2540, 190.5007
450.7361, 191.2474
451.2182, 191.3689
451.7003, 190.2195
452.1824, 189.2507
452.6646, 189.1671
453.1467, 189.5808
453.6288, 189.8470
454.1109, 189.6829
454.5930, 189.2004
455.0751, 188.5822
455.5573, 187.5846
456.0394, 186.9448
456.5215, 186.8795
457.0036, 186.9243
457.4857, 186.8011
457.9678, 186.5273
458.4500, 186.2867
458.9321, 186.2437
459.4142, 186.3431
459.8963, 186.2346
460.3784, 185.7281
460.8605, 185.3556
461.3427, 185.3656
461.8248, 185.4989
462.3069, 185.5016
462.7890, 185.3107
463.2711, 185.0491
463.7532, 184.8056
464.2354, 184.5849
464.7175, 184.4994
465.1996, 184.6727
465.6817, 184.8051
466.1638, 184.6089
466.6459, 184.2074
467.1281, 183.9125
467.6102, 183.8946
468.0923, 183.9659
468.5744, 183.9083
469.0565, 183.7366
469.5386, 183.6065
470.0208, 183.5703
470.5029, 183.6172
470.9850, 183.8017
471.4671, 184.2054
471.9492, 184.3199
472.4313, 183.7651
472.9135, 183.0050
473.3956, 182.5179
473.8777, 182.3481
474.3598, 182.3232
474.8419, 182.3242
475.3240, 182.3553
475.8062, 182.4528
476.2883, 182.7077
476.7704, 182.9114
477.2525, 183.0813
477.7346, 183.1523
478.2167, 182.9530
478.6989, 182.4745
479.1810, 182.0284
479.6631, 182.0523
480.1452, 182.6807
480.6273, 183.0869
481.1094, 183.1916
481.5916, 183.1468
482.0737, 182.9329
482.5558, 182.6111
483.0379, 182.2540
483.5200, 181.8840
484.0021, 181.5497
484.4843, 181.3774
484.9664, 181.4221
485.4485, 181.3722
485.9306, 181.1735
486.4127, 180.8482
486.8948, 180.3009
487.3770, 179.5949
487.8591, 179.0562
488.3412, 178.9174
488.8233, 179.0565
489.3054, 179.3017
489.7875, 179.6716
490.2697, 179.9299
490.7518, 179.8872
491.2339, 179.6906
491.7160, 179.6623
492.1981, 179.8807
492.6802, 180.0384
493.1624, 179.9769
493.6445, 179.7850
494.1266, 179.5492
494.6087, 179.2887
495.0908, 179.1290
495.5729, 179.2219
496.0551, 179.5610
496.5372, 179.6715
497.0193, 179.3442
497.5014, 179.0687
497.9835, 179.0054
498.4656, 179.0801
498.9478, 179.2612
499.4299, 179.5169
499.9120, 179.6423
500.3941, 179.2690
500.8762, 178.1505
501.3583, 177.5075
501.8405, 177.6005
502.3226, 177.9067
502.8047, 178.3640
503.2868, 178.8853
503.7689, 179.3694
504.2510, 179.7865
504.7331, 180.0738
505.2152, 180.0481
505.6974, 179.6346
506.1795, 179.3798
506.6616, 179.5486
507.1437, 179.7657
507.6258, 179.7072
508.1079, 179.4239
508.5901, 179.2235
509.0722, 179.3255
509.5543, 179.5621
510.0364, 179.6521
510.5185, 179.5978
511.0006, 179.6701
511.4828, 180.0884
511.9649, 180.6243
512.4470, 180.7503
512.9291, 180.3340
513.4113, 180.0374
513.8934, 180.1306
514.3755, 180.3636
514.8576, 180.4429
515.3397, 180.3677
515.8218, 180.3716
516.3040, 180.6410
516.7861, 181.1351
517.2682, 181.5550
517.7503, 181.9450
518.2324, 182.1960
518.7145, 182.1936
519.1967, 182.1120
519.6788, 182.1375
520.1609, 182.2868
520.6430, 182.4137
521.1251, 182.3569
521.6072, 182.1222
522.0894, 181.9389
522.5715, 181.8243
523.0536, 181.7357
523.5357, 181.6022
524.0178, 181.5075
524.4999, 181.5383
524.9821, 181.7145
525.4642, 182.0414
525.9463, 182.5474
526.4284, 183.2124
526.9105, 184.0000
527.3926, 184.9564
527.8748, 185.8668
528.3569, 186.4794
528.8390, 186.9035
529.3211, 187.5328
529.8032, 188.6432
530.2853, 189.6937
530.7675, 190.2532
531.2496, 190.5645
531.7317, 191.0479
532.2138, 191.8260
532.6959, 192.9360
533.1780, 194.4333
533.6602, 196.3566
534.1423, 198.4659
534.6244, 200.8078
535.1065, 203.2650
535.5886, 205.8183
536.0707, 208.4428
536.5529, 211.1152
537.0350, 213.8082
537.5171, 216.5269
537.9992, 219.1961
538.4813, 221.7520
538.9634, 224.5677
539.4456, 227.7283
539.9277, 231.0819
540.4098, 234.3952
540.8919, 237.8387
541.3740, 241.7717
541.8561, 246.3986
542.3383, 251.4239
542.8204, 256.3914
543.3025, 261.3515
543.7846, 266.8638
544.2667, 273.2458
544.7488, 279.8493
545.2310, 285.8037
545.7131, 291.2127
546.1952, 297.3016
546.6773, 304.4456
547.1594, 312.0950
547.6415, 320.1825
548.1237, 328.4839
548.6058, 336.7258
549.0879, 344.7726
549.5700, 352.4726
550.0521, 359.6386
550.5342, 366.5596
551.0164, 371.8619
551.4985, 376.6873
551.9806, 379.0018
552.4627, 377.5458
552.9448, 372.9943
553.4269, 366.6408
553.9091, 359.0847
554.3912, 350.1254
554.8733, 339.1320
555.3554, 325.7686
555.8375, 312.2787
556.3196, 298.1847
556.8018, 284.9435
557.2839, 273.3501
557.7660, 263.1768
558.2481, 253.9008
558.7302, 245.3079
559.2123, 237.6145
559.6945, 231.2519
560.1766, 226.0683
560.6587, 221.5279
561.1408, 217.5459
561.6229, 213.8753
562.1050, 210.1174
562.5872, 206.2143
563.0693, 202.9471
563.5514, 200.7572
564.0335, 198.7840
564.5156, 196.5557
564.9977, 194.2534
565.4799, 192.1965
565.9620, 190.5230
566.4441, 189.2172
566.9262, 188.3566
567.4083, 188.1690
567.8904, 187.4946
568.3726, 185.7931
568.8547, 184.1445
569.3368, 182.7822
569.8189, 181.7515
570.3010, 181.1838
570.7831, 181.1931
571.2653, 181.2944
571.7474, 180.8153
572.2295, 179.8492
572.7116, 179.1647
573.1937, 178.9569
573.6758, 178.8708
574.1580, 178.5501
574.6401, 178.0986
575.1222, 177.9295
575.6043, 178.3273
576.0864, 178.7361
576.5685, 178.8937
577.0507, 178.8775
577.5328, 178.7693
578.0149, 178.6012
578.4970, 178.4869
578.9791, 178.5692
579.4612, 178.8617
579.9434, 179.0179
580.4255, 178.8283
580.9076, 178.7490
581.3897, 178.9864
581.8718, 179.3121
582.3539, 179.4273
582.8361, 179.2871
583.3182, 179.1666
583.8003, 179.4179
584.2824, 179.9696
584.7645, 180.2406
585.2466, 180.0962
585.7288, 180.0530
586.2108, 180.4454
586.6929, 181.0557
587.1750, 181.5939
587.6572, 182.0546
588.1393, 182.3762
588.6214, 182.3922
589.1035, 182.3226
589.5856, 182.4697
590.0677, 182.8491
590.5499, 183.3267
591.0320, 183.8621
591.5141, 184.3670
591.9962, 184.4975
592.4783, 183.5622
592.9604, 183.2404
593.4426, 184.0689
593.9247, 185.0807
594.4068, 185.5969
594.8889, 185.6703
595.3710, 185.7451
595.8531, 186.1222
596.3353, 186.6492
596.8174, 186.9436
597.2995, 186.9532
597.7816, 187.0357
598.2637, 187.3766
598.7458, 187.6972
599.2280, 187.7329
599.7101, 187.5304
600.1922, 187.3463
600.6743, 187.2421
601.1564, 187.2027
601.6385, 187.2869
602.1207, 187.4284
602.6028, 187.4565
603.0849, 187.3197
603.5670, 186.9743
604.0491, 186.3085
604.5313, 185.2138
605.0134, 184.4808
605.4955, 184.2482
605.9776, 184.1629
606.4597, 184.3483
606.9418, 184.5150
607.4240, 184.2392
607.9061, 183.4290
608.3882, 182.4782
608.8703, 181.8574
609.3524, 181.5371
609.8345, 181.0723
610.3167, 180.3840
610.7988, 179.7467
611.2809, 179.4330
611.7630, 179.1883
612.2451, 178.5995
612.7272, 177.5335
613.2094, 176.6064
613.6915, 176.1818
614.1736, 176.0029
614.6557, 175.8188
615.1378, 175.5816
615.6199, 175.1906
616.1021, 174.5562
616.5842, 173.8025
617.0663, 173.2939
617.5484, 173.1535
618.0305, 173.0544
618.5126, 173.1635
618.9948, 173.1544
619.4769, 172.7140
619.9590, 172.0120
620.4411, 171.4532
620.9232, 171.2408
621.4053, 171.2518
621.8875, 171.3955
622.3696, 171.6655
622.8517, 171.5794
623.3338, 170.8142
623.8159, 170.1525
624.2980, 170.5108
624.7802, 171.5298
625.2623, 172.0064
625.7444, 171.3342
626.2265, 170.7079
626.7086, 170.8276
627.1907, 171.2642
627.6729, 171.3652
628.1550, 171.0374
628.6371, 170.6834
629.1192, 170.6755
629.6013, 170.9534
630.0834, 171.0223
630.5656, 170.7803
631.0477, 170.4889
631.5298, 170.1490
632.0119, 169.8095
632.4940, 169.4992
632.9761, 169.2222
633.4583, 168.9793
633.9404, 168.8347
634.4225, 168.6709
634.9046, 168.2085
635.3867, 167.4816
635.8688, 166.9942
636.3510, 166.9775
636.8331, 167.0723
637.3152, 166.8076
637.7973, 166.1301
638.2794, 165.6910
638.7615, 165.7143
639.2437, 165.7353
639.7258, 165.5766
640.2079, 165.2901
640.6900, 164.9125
641.1721, 164.4749
641.6542, 164.1009
642.1364, 163.9625
642.6185, 164.0291
643.1006, 163.8752
643.5827, 163.3558
644.0648, 162.9361
644.5469, 162.7310
645.0291, 162.7350
645.5112, 163.0832
645.9933, 163.7734
646.4754, 164.2343
646.9575, 163.9712
647.4396, 163.5225
647.9218, 163.4772
648.4039, 163.7802
648.8860, 164.1294
649.3681, 164.4119
649.8502, 164.6263
650.3323, 164.7488
650.8145, 164.7158
651.2966, 164.8883
651.7787, 165.3682
652.2608, 165.9250
652.7429, 166.6355
653.2250, 167.3159
653.7072, 167.6718
654.1893, 167.6501
654.6714, 167.6220
655.1535, 167.9477
655.6356, 168.5454
656.1177, 169.1630
656.5999, 169.7972
657.0820, 170.4123
657.5641, 171.0056
658.0462, 171.5569
658.5283, 171.9849
659.0104, 172.2203
659.4926, 172.6837
659.9747, 173.7227
660.4568, 174.7306
660.9389, 175.3475
661.4210, 175.6323
661.9031, 175.7511
662.3853, 175.7712
662.8674, 175.6558
663.3495, 175.2390
663.8316, 174.4691
664.3137, 174.2943
664.7958, 175.2655
665.2780, 175.8251
665.7601, 174.8399
666.2422, 173.2798
666.7243, 172.3261
667.2064, 172.1921
667.6885, 171.8779
668.1707, 170.8408
668.6528, 169.4334
669.1349, 167.8811
669.6170, 166.2988
670.0991, 165.0616
670.5812, 164.3687
671.0634, 163.9439
671.5455, 163.3158
672.0276, 162.4618
672.5097, 161.5058
672.9918, 160.1466
673.4739, 159.0248
673.9561, 158.5143
674.4382, 158.2832
674.9203, 157.9037
675.4024, 157.2710
675.8845, 156.5591
676.3666, 155.8091
676.8488, 155.1112
677.3309, 154.7200
677.8130, 154.6409
678.2951, 154.5267
678.7772, 154.1962
679.2593, 153.7683
679.7415, 153.4530
680.2236, 153.2779
680.7057, 153.1425
681.1878, 153.2002
681.6699, 153.1311
682.1520, 152.5953
682.6342, 151.9104
683.1163, 151.6202
683.5984, 151.8637
684.0805, 152.1826
684.5626, 151.9718
685.0447, 151.3776
685.5269, 151.3278
686.0090, 151.9936
686.4911, 152.2758
686.9732, 151.4338
687.4553, 150.1918
687.9374, 149.8243
688.4196, 150.4396
688.9017, 150.7549
689.3838, 150.2607
689.8659, 149.7308
690.3480, 149.6098
690.8301, 149.7841
691.3123, 150.0955
691.7944, 150.4645
692.2765, 150.7046
692.7586, 150.5601
693.2407, 150.0615
693.7228, 149.6209
694.2050, 149.1687
694.6871, 148.9606
695.1692, 149.2942
695.6513, 149.7606
696.1334, 149.9215
696.6155, 149.7724
697.0977, 149.5713
697.5798, 149.2989
698.0619, 149.0908
698.5440, 149.1303
699.0261, 149.2918
699.5082, 149.2947
699.9904, 149.0681
700.4725, 148.8083
700.9546, 148.7520
701.4367, 148.8740
701.9188, 148.7332
702.4009, 148.0659
702.8831, 147.6648
703.3652, 148.0406
703.8473, 148.5203
704.3294, 148.5637
704.8115, 148.2156
705.2936, 147.9288
705.7758, 147.8973
706.2579, 147.9794
706.7400, 148.1647
707.2221, 148.3565
707.7042, 148.2770
708.1863, 147.8786
708.6685, 147.4792
709.1506, 147.3687
709.6327, 147.5160
710.1148, 147.7034
710.5969, 147.9847
711.0790, 148.2052
711.5612, 148.3169
712.0433, 148.3905
712.5254, 148.5596
713.0075, 148.7333
713.4896, 148.5981
713.9717, 147.8428
714.4539, 147.1002
714.9360, 147.0249
715.4181, 147.3698
715.9002, 147.6323
716.3823, 147.7209
716.8644, 147.5762
717.3466, 147.0991
717.8287, 146.4355
718.3108, 146.1296
718.7929, 146.3802
719.2750, 146.6187
719.7571, 146.8479
720.2393, 147.0412
720.7214, 147.2393
721.2035, 147.3782
721.6856, 147.3263
722.1677, 147.0191
722.6498, 146.6299
723.1320, 146.2356
723.6141, 145.8828
724.0962, 145.6579
724.5783, 145.5687
725.0604, 145.6464
725.5425, 144.8453
726.0247, 146.1293
726.5068, 146.8182
726.9889, 146.9440
727.4710, 144.8200
727.9531, 145.6011
728.4352, 145.2180
728.9174, 144.7871
729.3995, 145.9772
729.8816, 144.1804
730.3637, 145.3447
730.8458, 145.3270
731.3279, 145.8503
731.8101, 145.2021
732.2922, 144.9158
732.7743, 145.8012
733.2564, 146.0379
733.7385, 145.2549
734.2206, 145.8125
734.7028, 143.9748
735.1849, 144.2391
735.6670, 145.4102
736.1491, 144.6861
736.6312, 145.2652
737.1133, 145.3480
737.5955, 143.6312
738.0776, 143.2883
738.5597, 143.1386
739.0418, 143.2827
739.5239, 144.0205
740.0060, 144.7702
740.4882, 144.7705
740.9703, 144.2280
741.4524, 143.7502
741.9345, 143.4648
742.4166, 143.2722
742.8987, 143.0929
743.3809, 142.9373
743.8630, 142.8608
744.3451, 142.8936
744.8272, 142.9510
745.3093, 142.9955
745.7914, 143.0926
746.2736, 143.4343
746.7557, 143.8237
747.2378, 143.8127
747.7199, 143.1640
748.2020, 142.5184
748.6841, 142.4763
749.1663, 142.7124
749.6484, 142.6649
750.1305, 142.3187
750.6126, 141.9064
751.0947, 141.5331
751.5768, 141.2491
752.0590, 141.1771
752.5411, 141.4095
753.0232, 141.4065
753.5053, 140.8650
753.9874, 140.4978
754.4695, 140.6329
754.9517, 140.9703
755.4338, 141.2366
755.9159, 141.3916
756.3980, 141.4129
756.8801, 141.2486
757.3622, 140.9792
757.8444, 140.5931
758.3265, 140.1755
758.8086, 139.9282
759.2907, 139.9019
759.7728, 140.0201
760.2549, 140.2454
760.7371, 140.5289
761.2192, 140.5616
761.7013, 140.3134
762.1834, 139.8820
762.6655, 138.9591
763.1476, 138.2035
763.6298, 138.1646
764.1119, 138.6270
764.5940, 138.9943
765.0761, 139.1697
765.5582, 139.1875
766.0403, 138.8996
766.5225, 138.5723
767.0046, 138.5973
767.4867, 138.8850
767.9688, 139.0007
768.4509, 138.7202
768.9330, 138.2329
769.4152, 137.7838
769.8973, 137.3598
770.3794, 137.3285
770.8615, 137.9508
771.3436, 138.2501
771.8257, 137.4961
772.3079, 136.4072
772.7900, 136.1404
773.2721, 136.7785
773.7542, 137.1101
774.2363, 136.4609
774.7184, 135.9986
775.2006, 136.7281
775.6827, 137.7884
776.1648, 137.9141
776.6469, 136.9940
777.1290, 135.9230
777.6111, 135.3443
778.0933, 135.1565
778.5754, 135.2433
779.0575, 135.5889
779.5396, 135.7171
780.0217, 135.4936
780.5038, 135.1955
780.9860, 135.0280
781.4681, 134.9626
781.9502, 134.8762
782.4323, 134.8129
782.9144, 134.6540
783.3965, 134.1161
783.8787, 133.7581
784.3608, 134.0962
784.8429, 134.7798
785.3250, 135.1887
785.8071, 135.1277
786.2892, 134.8331
786.7714, 134.3340
787.2535, 133.8124
787.7356, 133.6848
788.2177, 133.9004
788.6998, 134.0262
789.1819, 133.9041
789.6641, 133.6438
790.1462, 133.3648
790.6283, 133.0676
791.1104, 132.7920
791.5925, 132.4124
792.0746, 132.2740
792.5568, 132.7335
793.0389, 133.1889
793.5210, 133.1522
794.0031, 132.7440
794.4852, 132.4324
794.9673, 132.3842
795.4495, 132.4017
795.9316, 132.3981
796.4137, 132.3674
796.8958, 132.3298
797.3779, 132.2618
797.8600, 132.0279
798.3422, 131.5483
798.8243, 131.0719
799.3064, 131.1003
799.7885, 131.6608
800.2706, 131.8424
800.7527, 131.4986
801.2349, 131.2177
801.7170, 131.3099
802.1991, 131.5110
802.6812, 131.4213
803.1633, 131.0409
803.6454, 130.7691
804.1276, 130.7253
804.6097, 130.6971
805.0918, 130.5218
805.5739, 130.3844
806.0560, 130.5993
806.5381, 131.0706
807.0203, 131.3200
807.5024, 131.0199
807.9845, 130.5235
808.4666, 130.3035
808.9487, 130.3072
809.4308, 130.3681
809.9130, 130.4681
810.3951, 130.4628
810.8772, 130.2512
811.3593, 129.9230
811.8414, 129.6335
812.3235, 129.3115
812.8057, 129.2982
813.2878, 130.0961
813.7699, 130.5699
814.2520, 130.1718
814.7341, 129.4721
815.2162, 128.9727
815.6984, 128.7366
816.1805, 128.7262
816.6626, 129.2358
817.1447, 129.6451
817.6268, 129.3224
818.1089, 128.6743
818.5911, 128.3664
819.0732, 128.4530
819.5553, 128.5701
820.0374, 128.4821
820.5195, 128.2717
821.0016, 128.0623
821.4838, 127.8485
821.9659, 127.8877
822.4480, 128.3042
822.9301, 128.6210
823.4122, 128.5854
823.8943, 128.3185
824.3765, 127.9988
824.8586, 127.5969
825.3407, 127.2966
825.8228, 127.1359
826.3049, 127.0404
826.7870, 127.0487
827.2692, 127.0666
827.7513, 126.9743
828.2334, 126.7858
828.7155, 126.6373
829.1976, 126.6263
829.6797, 126.6398
830.1619, 126.5902
830.6440, 126.4587
831.1261, 126.0895
831.6082, 125.5190
832.0903, 125.2329
832.5724, 125.5393
833.0546, 126.1264
833.5367, 126.3815
834.0188, 126.2576
834.5009, 126.1096
834.9830, 125.8341
835.4651, 125.7530
835.9473, 126.2372
836.4294, 126.7734
836.9115, 126.6966
837.3936, 125.0816
837.8757, 126.3760
838.3578, 127.0753
838.8400, 127.2115
839.3221, 125.0979
839.8042, 125.8895
840.2863, 125.5168
840.7684, 125.0963
841.2505, 126.2968
841.7327, 124.5104
842.2148, 125.6851
842.6969, 125.6778
843.1790, 126.2115
843.6611, 125.5738
844.1432, 125.2979
844.6254, 126.1937
845.1075, 126.4408
845.5896, 125.6682
846.0717, 126.2363
846.5538, 124.4090
847.0359, 124.6837
847.5181, 125.8653
848.0002, 125.1516
848.4823, 125.7411
848.9644, 125.8342
849.4465, 123.6718
849.9286, 125.4321
850.4108, 125.4959
850.8929, 124.7072
851.3750, 125.0350
851.8571, 125.1488
852.3392, 125.0648
852.8214, 124.6810
853.3035, 124.1410
853.7856, 123.7179
854.2677, 123.4940
854.7498, 123.3226
855.2319, 123.0090
855.7141, 122.6772
856.1962, 122.6331
856.6783, 122.8470
857.1604, 123.1443
857.6425, 123.4920
858.1246, 123.7614
858.6068, 123.8377
859.0889, 123.7585
859.5710, 123.6687
860.0531, 123.6060
860.5352, 123.4240
861.0173, 122.9754
861.4995, 122.5955
861.9816, 122.3834
862.4637, 122.3463
862.9458, 122.6111
863.4279, 123.2192
863.9100, 123.4834
864.3922, 122.9121
864.8743, 122.3175
865.3564, 122.1306
865.8385, 122.1588
866.3206, 122.2355
866.8027, 122.2862
867.2849, 122.1600
867.7670, 121.7023
868.2491, 121.3068
868.7312, 121.6987
869.2133, 122.5340
869.6954, 122.7033
870.1776, 122.1839
870.6597, 121.8874
871.1418, 122.2477
871.6239, 122.8259
872.1060, 123.0366
872.5881, 122.8800
873.0703, 122.4465
873.5524, 121.5159
874.0345, 120.8771
874.5166, 120.7947
874.9987, 120.9475
875.4808, 121.2333
875.9630, 121.5498
876.4451, 121.5504
876.9272, 120.9873
877.4093, 120.5988
877.8914, 120.6832
878.3735, 120.8261
878.8557, 120.7620
879.3378, 120.5904
879.8199, 120.5197
880.3020, 120.5788
880.7841, 120.5610
881.2662, 120.1756
881.7484, 119.7802
882.2305, 119.9504
882.7126, 120.4297
883.1947, 120.5265
883.6768, 120.1892
884.1589, 119.9703
884.6411, 120.2324
885.1232, 120.7745
885.6053, 121.2773
886.0874, 121.7502
886.5695, 121.7998
887.0516, 121.2978
887.5338, 120.8686
888.0159, 120.7625
888.4980, 120.8130
888.9801, 120.8444
889.4622, 120.8569
889.9443, 120.8310
890.4265, 120.7144
890.9086, 120.6358
891.3907, 120.6467
891.8728, 120.6606
892.3549, 120.5119
892.8370, 120.3588
893.3192, 120.6058
893.8013, 121.4200
894.2834, 121.9489
894.7655, 121.4722
895.2476, 120.8289
895.7297, 120.7162
896.2119, 120.9375
896.6940, 121.1550
897.1761, 121.2821
897.6582, 121.3319
898.1403, 121.2852
898.6224, 121.2531
899.1046, 121.4484
899.5867, 121.8224
900.0688, 122.1819
900.5509, 122.5073
901.0330, 122.7660
901.5151, 122.9438
901.9973, 123.0413
902.4794, 123.0244
902.9615, 122.8930
903.4436, 123.0278
903.9257, 123.5252
904.4078, 124.0308
904.8900, 124.3685
905.3721, 124.8344
905.8542, 125.8622
906.3363, 127.1836
906.8184, 127.9128
907.3005, 127.6748
907.7827, 127.7312
908.2648, 128.3466
908.7469, 129.1658
909.2290, 130.2125
909.7111, 131.2503
910.1932, 131.9212
910.6754, 132.2491
911.1575, 132.7213
911.6396, 133.5312
912.1217, 134.6369
912.6038, 136.1474
913.0859, 137.8465
913.5681, 139.3723
914.0502, 140.7870
914.5323, 142.4909
915.0144, 144.6528
915.4965, 146.8956
915.9786, 148.6910
916.4607, 150.2236
916.9428, 152.2267
917.4249, 154.6609
917.9070, 156.8853
918.3892, 158.7231
918.8713, 160.5923
919.3534, 162.8301
919.8355, 165.3184
920.3176, 167.7060
920.7997, 170.1086
921.2819, 172.0454
921.7640, 173.4481
922.2461, 174.5034
922.7282, 175.2388
923.2103, 175.6925
923.6924, 175.9402
924.1746, 175.9773
924.6567, 175.5803
925.1388, 174.5394
925.6209, 173.3432
926.1030, 172.0909
926.5851, 170.6956
927.0673, 169.1042
927.5494, 167.3326
928.0315, 165.3624
928.5136, 163.1947
928.9957, 161.0572
929.4778, 159.1042
929.9600, 157.2012
930.4421, 155.1441
930.9242, 153.0883
931.4063, 151.2821
931.8884, 149.7253
932.3705, 148.2762
932.8527, 146.8561
933.3348, 145.4464
933.8169, 143.9517
934.2990, 142.4597
934.7811, 141.2641
935.2632, 140.3428
935.7454, 139.4822
936.2275, 138.6129
936.7096, 137.6390
937.1917, 136.4140
937.6738, 135.0868
938.1559, 134.2642
938.6381, 134.0108
939.1202, 133.7903
939.6023, 133.5875
940.0844, 133.2840
940.5665, 132.7709
941.0486, 132.1857
941.5308, 131.7371
942.0129, 131.4257
942.4950, 131.2319
942.9771, 131.3904
943.4592, 131.3071
943.9413, 130.6342
944.4235, 129.9629
944.9056, 129.6546
945.3877, 129.6185
945.8698, 129.6902
946.3519, 129.9241
946.8340, 129.9251
947.3162, 129.3381
947.7983, 128.7868
948.2804, 128.6031
948.7625, 128.6299
949.2446, 128.7607
949.7267, 128.9146
950.2089, 128.8731
950.6910, 128.4283
951.1731, 128.1414
951.6552, 128.6759
952.1373, 129.4546
952.6194, 129.7234
953.1016, 129.6250
953.5837, 129.6254
954.0658, 129.8529
954.5479, 130.1245
955.0300, 130.2588
955.5121, 130.4110
955.9943, 130.9498
956.4764, 131.7609
956.9585, 132.3180
957.4406, 132.5996
957.9227, 133.1042
958.4048, 134.0765
958.8870, 135.2066
959.3691, 136.0620
959.8512, 136.6980
960.3333, 137.5625
960.8154, 138.6642
961.2975, 139.9745
961.7797, 141.6199
962.2618, 142.9761
962.7439, 143.4670
963.2260, 143.6015
963.7081, 144.5982
964.1902, 146.8635
964.6724, 147.8028
965.1545, 146.5878
965.6366, 145.4178
966.1187, 144.8261
966.6008, 144.4229
967.0829, 143.9766
967.5651, 143.4717
968.0472, 142.8092
968.5293, 141.7314
969.0114, 141.1637
969.4935, 141.4895
969.9756, 142.0438
970.4578, 142.4467
970.9399, 142.9851
971.4220, 144.1675
971.9041, 145.8479
972.3862, 147.1705
972.8683, 147.5862
973.3505, 148.1730
973.8326, 149.6599
974.3147, 151.4028
974.7968, 152.7435
975.2789, 153.9388
975.7610, 155.5763
976.2432, 157.7233
976.7253, 159.8658
977.2074, 161.5663
977.6895, 163.2873
978.1716, 165.5513
978.6537, 168.1683
979.1359, 170.7432
979.6180, 173.3803
980.1001, 176.5595
980.5822, 180.4599
981.0643, 184.8319
981.5464, 189.4568
982.0286, 194.3106
982.5107, 199.0007
982.9928, 203.7330
983.4749, 209.6920
983.9570, 216.9725
984.4391, 224.7469
984.9213, 232.5747
985.4034, 240.4814
985.8855, 248.3854
986.3676, 256.4046
986.8497, 265.3409
987.3318, 275.2285
987.8140, 285.6582
988.2961, 296.5807
988.7782, 307.8933
989.2603, 319.6305
989.7424, 331.6784
990.2245, 343.9778
990.7067, 356.5884
991.1888, 369.1216
991.6709, 381.7460
992.1530, 394.0822
992.6351, 405.8215
993.1172, 417.6750
993.5994, 430.3916
994.0815, 443.6725
994.5636, 456.5373
995.0457, 468.9846
995.5278, 480.9815
996.0099, 492.1082
996.4921, 503.4164
996.9742, 516.2293
997.4563, 528.4415
997.9384, 538.2690
998.4205, 546.0034
998.9026, 552.8681
999.3848, 559.6620
999.8669, 563.8163
1000.349, 564.8359
1000.831, 563.1089
1001.313, 558.9160
1001.795, 552.0110
1002.277, 541.8695
1002.760, 528.7333
1003.242, 513.2880
1003.724, 495.3178
1004.206, 476.4245
1004.688, 457.2020
1005.170, 437.4033
1005.652, 416.2422
1006.134, 394.5546
1006.617, 373.2144
1007.099, 352.5490
1007.581, 333.0106
1008.063, 314.7451
1008.545, 297.6193
1009.027, 281.3706
1009.509, 266.2933
1009.991, 252.4944
1010.473, 240.0715
1010.956, 229.7038
1011.438, 221.2674
1011.920, 213.4224
1012.402, 205.1204
1012.884, 197.2112
1013.366, 190.7226
1013.848, 185.3826
1014.330, 180.8285
1014.813, 176.9005
1015.295, 173.3106
1015.777, 169.9559
1016.259, 166.9913
1016.741, 164.5790
1017.223, 162.5583
1017.705, 160.5877
1018.187, 158.7550
1018.669, 157.4078
1019.152, 156.5532
1019.634, 156.0986
1020.116, 155.9980
1020.598, 155.9162
1021.080, 155.4944
1021.562, 154.8704
1022.044, 154.4663
1022.526, 154.2525
1023.008, 153.8935
1023.491, 153.3554
1023.973, 152.9353
1024.455, 152.7946
1024.937, 152.4613
1025.419, 151.3378
1025.901, 149.6114
1026.383, 148.1603
1026.865, 147.0113
1027.348, 145.7235
1027.830, 144.2395
1028.312, 142.6438
1028.794, 140.9295
1029.276, 139.2536
1029.758, 137.8049
1030.240, 136.5805
1030.722, 135.6613
1031.204, 135.1394
1031.687, 134.4855
1032.169, 133.5203
1032.651, 132.8502
1033.133, 132.9508
1033.615, 133.1314
1034.097, 132.3570
1034.579, 130.7373
1035.061, 130.0596
1035.544, 130.8236
1036.026, 131.2090
1036.508, 130.8197
1036.990, 130.5179
1037.472, 130.8559
1037.954, 131.3147
1038.436, 130.1164
1038.918, 130.6191
1039.401, 130.9162
1039.883, 131.0188
1040.365, 130.3441
1040.847, 130.6730
1041.329, 130.5997
1041.811, 130.5100
1042.293, 130.9802
1042.775, 130.4185
1043.257, 130.8799
1043.740, 130.9329
1044.222, 131.1727
1044.704, 131.8045
1045.186, 132.6160
1045.668, 133.1556
1046.150, 132.8174
1046.632, 132.2434
1047.114, 132.2350
1047.596, 132.7757
1048.079, 133.2813
1048.561, 133.5842
1049.043, 134.0265
1049.525, 134.8046
1050.007, 135.5477
1050.489, 135.9622
1050.971, 136.3226
1051.453, 136.9681
1051.936, 137.8955
1052.418, 138.8748
1052.900, 139.9125
1053.382, 140.9289
1053.864, 142.1106
1054.346, 143.0507
1054.828, 143.4655
1055.310, 143.5740
1055.792, 143.5208
1056.275, 143.3876
1056.757, 143.4992
1057.239, 144.1771
1057.721, 144.5818
1058.203, 144.1110
1058.685, 143.7336
1059.167, 144.1881
1059.649, 144.8889
1060.131, 145.1060
1060.614, 144.8780
1061.096, 144.7202
1061.578, 144.7329
1062.060, 144.9136
1062.542, 145.3603
1063.024, 145.8611
1063.506, 146.3206
1063.988, 146.7510
1064.471, 147.1552
1064.953, 147.5482
1065.435, 147.9685
1065.917, 148.4269
1066.399, 148.9253
1066.881, 149.3629
1067.363, 149.9594
1067.845, 151.1565
1068.328, 152.3476
1068.810, 151.7005
1069.292, 152.7394
1069.774, 153.4633
1070.256, 153.8891
1070.738, 153.1238
1071.220, 153.8965
1071.702, 154.0528
1072.184, 154.1838
1072.667, 155.1737
1073.149, 154.5816
1073.631, 155.5927
1074.113, 156.1575
1074.595, 156.7945
1075.077, 157.3739
1075.559, 157.7944
1076.041, 158.1849
1076.523, 158.4642
1077.006, 158.8742
1077.488, 159.7921
1077.970, 160.9905
1078.452, 161.8800
1078.934, 162.3229
1079.416, 162.9844
1079.898, 164.2984
1080.380, 165.7348
1080.862, 167.0717
1081.345, 168.3694
1081.827, 169.7364
1082.309, 171.0857
1082.791, 172.1885
1083.273, 173.0269
1083.755, 173.9001
1084.237, 174.8999
1084.719, 176.0197
1085.202, 177.4502
1085.684, 178.8073
1086.166, 179.7962
1086.648, 180.4927
1087.130, 181.0681
1087.612, 181.5259
1088.094, 181.6914
1088.576, 181.4360
1089.058, 181.0047
1089.541, 180.4463
1090.023, 179.8070
1090.505, 179.2138
1090.987, 178.4990
1091.469, 177.3275
1091.951, 175.7906
1092.433, 174.4490
1092.915, 173.6062
1093.397, 172.5947
1093.880, 171.1225
1094.362, 169.4475
1094.844, 167.5839
1095.326, 165.7137
1095.808, 163.9946
1096.290, 162.4444
1096.772, 161.0576
1097.254, 159.8914
1097.737, 158.6304
1098.219, 157.1306
1098.701, 155.5729
1099.183, 153.8493
1099.665, 152.2645
1100.147, 151.1394
1100.629, 150.3498
1101.111, 149.5872
1101.594, 148.7950
1102.076, 148.0615
1102.558, 147.4677
1103.040, 146.8538
1103.522, 146.0073
1104.004, 145.2821
1104.486, 145.0739
1104.968, 145.0854
1105.450, 144.7723
1105.932, 144.0982
1106.415, 143.6343
1106.897, 143.3388
1107.379, 143.4846
1107.861, 144.4546
1108.343, 145.4969
1108.825, 146.1746
1109.307, 146.7453
1109.789, 147.5224
1110.272, 148.5022
1110.754, 149.5671
1111.236, 150.7888
1111.718, 151.9267
1112.200, 152.7110
1112.682, 153.7301
1113.164, 155.8077
1113.646, 157.6946
1114.129, 158.1886
1114.611, 157.5770
1115.093, 156.8494
1115.575, 156.0816
1116.057, 154.9924
1116.539, 153.3221
1117.021, 151.7275
1117.503, 150.5478
1117.985, 149.2214
1118.468, 147.2502
1118.950, 144.9701
1119.432, 143.0000
1119.914, 141.3499
1120.396, 139.8872
1120.878, 138.6678
1121.360, 137.5133
1121.842, 136.4057
1122.324, 135.3623
1122.807, 134.3684
1123.289, 133.4790
1123.771, 132.7851
1124.253, 132.2598
1124.735, 131.6284
1125.217, 130.7447
1125.699, 130.3060
1126.181, 130.5217
1126.664, 130.5958
1127.146, 130.1532
1127.628, 129.7626
1128.110, 129.9794
1128.592, 130.6015
1129.074, 131.1109
1129.556, 131.5485
1130.038, 131.2687
1130.521, 130.0983
1131.003, 129.5166
1131.485, 129.9371
1131.967, 130.4308
1132.449, 130.3735
1132.931, 130.1739
1133.413, 130.5485
1133.895, 131.3920
1134.377, 131.9914
1134.859, 132.3524
1135.342, 132.4908
1135.824, 132.4134
1136.306, 132.3742
1136.788, 132.4859
1137.270, 132.5987
1137.752, 132.5385
1138.234, 132.3992
1138.716, 132.4313
1139.199, 132.5890
1139.681, 132.6399
1140.163, 132.6065
1140.645, 132.7406
1141.127, 133.0877
1141.609, 133.3846
1142.091, 133.4443
1142.573, 133.4077
1143.056, 133.5374
1143.538, 133.6751
1144.020, 133.3736
1144.502, 132.8427
1144.984, 132.6363
1145.466, 132.7885
1145.948, 133.0880
1146.430, 133.4345
1146.912, 133.5627
1147.395, 132.9492
1147.877, 132.3303
1148.359, 132.7388
1148.841, 133.5289
1149.323, 133.8397
1149.805, 133.7361
1150.287, 133.5258
1150.769, 133.3075
1151.251, 133.1143
1151.734, 132.9441
1152.216, 132.8548
1152.698, 132.8809
1153.180, 133.0086
1153.662, 133.3263
1154.144, 133.6713
1154.626, 133.6934
1155.108, 133.5550
1155.591, 133.9113
1156.073, 135.0396
1156.555, 135.9833
1157.037, 136.2199
1157.519, 136.4550
1158.001, 137.0343
1158.483, 137.6683
1158.965, 138.1225
1159.448, 138.4810
1159.930, 138.8684
1160.412, 139.2990
1160.894, 139.9014
1161.376, 140.8176
1161.858, 141.7005
1162.340, 142.4412
1162.822, 143.2466
1163.304, 144.3381
1163.786, 145.3696
1164.269, 145.9233
1164.751, 146.1783
1165.233, 146.7745
1165.715, 147.8002
1166.197, 148.7754
1166.679, 149.6818
1167.161, 150.6030
1167.643, 151.6059
1168.126, 152.4949
1168.608, 153.1349
1169.090, 153.6343
1169.572, 154.1120
1170.054, 154.6156
1170.536, 155.6924
1171.018, 157.4169
1171.500, 157.8579
1171.983, 156.8039
1172.465, 156.0117
1172.947, 156.1025
1173.429, 156.2671
1173.911, 155.8312
1174.393, 155.0268
1174.875, 154.1604
1175.357, 153.3140
1175.839, 152.8329
1176.322, 152.6526
1176.804, 152.6253
1177.286, 152.6221
1177.768, 152.0168
1178.250, 150.5521
1178.732, 149.2913
1179.214, 149.4108
1179.696, 150.0612
1180.178, 150.1638
1180.661, 149.9961
1181.143, 149.9242
1181.625, 149.9680
1182.107, 150.1210
1182.589, 150.3449
1183.071, 150.4885
1183.553, 150.4636
1184.035, 150.4141
1184.518, 150.1805
1185.000, 150.2417
1185.482, 151.3481
1185.964, 152.5860
1186.446, 152.9014
1186.928, 152.5654
1187.410, 152.3440
1187.892, 152.3693
1188.375, 152.5089
1188.857, 152.7682
1189.339, 153.0845
1189.821, 153.5820
1190.303, 153.9702
1190.785, 153.9543
1191.267, 153.8846
1191.749, 154.1668
1192.231, 154.7133
1192.714, 155.2061
1193.196, 155.6956
1193.678, 155.8858
1194.160, 155.4963
1194.642, 155.6426
1195.124, 156.7747
1195.606, 157.7905
1196.088, 158.0283
1196.570, 157.8866
1197.053, 157.8900
1197.535, 158.0252
1198.017, 158.2075
1198.499, 158.4407
1198.981, 158.9940
1199.463, 159.8544
1199.945, 160.2269
1200.427, 159.9044
1200.910, 159.4860
1201.392, 159.3637
1201.874, 159.5445
1202.356, 160.2200
1202.838, 161.1006
1203.320, 161.5512
1203.802, 161.7124
1204.284, 161.8696
1204.766, 162.0646
1205.249, 162.2403
1205.731, 162.3985
1206.213, 162.7051
1206.695, 163.3290
1207.177, 163.9766
1207.659, 164.4839
1208.141, 164.8515
1208.623, 164.9941
1209.105, 165.0566
1209.588, 165.1366
1210.070, 165.3098
1210.552, 165.8024
1211.034, 166.7240
1211.516, 167.3252
1211.998, 167.1136
1212.480, 167.0356
1212.962, 167.4449
1213.445, 167.8946
1213.927, 168.0347
1214.409, 168.1942
1214.891, 168.8407
1215.373, 169.8047
1215.855, 170.2801
1216.337, 170.0483
1216.819, 170.3403
1217.302, 171.3820
1217.784, 172.0065
1218.266, 171.8748
1218.748, 171.7987
1219.230, 172.2501
1219.712, 172.8658
1220.194, 173.1759
1220.676, 173.2813
1221.158, 173.4730
1221.641, 173.7596
1222.123, 174.2333
1222.605, 174.8495
1223.087, 175.3604
1223.569, 175.7202
1224.051, 176.0207
1224.533, 176.3018
1225.015, 176.7758
1225.497, 177.8734
1225.980, 179.0682
1226.462, 179.6772
1226.944, 180.0586
1227.426, 180.7049
1227.908, 181.5098
1228.390, 182.1792
1228.872, 182.6626
1229.354, 182.9990
1229.837, 183.0067
1230.319, 183.4444
1230.801, 185.0774
1231.283, 186.5319
1231.765, 186.8969
1232.247, 187.1790
1232.729, 188.3822
1233.211, 189.9433
1233.693, 190.7599
1234.176, 190.8663
1234.658, 191.2303
1235.140, 191.8308
1235.622, 192.7818
1236.104, 194.1485
1236.586, 195.7075
1237.068, 197.4677
1237.550, 199.0623
1238.032, 200.1950
1238.515, 201.0714
1238.997, 201.9804
1239.479, 202.9495
1239.961, 204.1629
1240.443, 205.5566
1240.925, 206.7962
1241.407, 207.9024
1241.889, 209.0996
1242.372, 210.4741
1242.854, 212.1664
1243.336, 214.3623
1243.818, 216.2926
1244.300, 216.7257
1244.782, 217.1005
1245.264, 219.0854
1245.746, 221.6274
1246.229, 223.3919
1246.711, 224.6770
1247.193, 226.3611
1247.675, 228.5320
1248.157, 230.4777
1248.639, 231.7030
1249.121, 233.3470
1249.603, 235.8966
1250.085, 238.4860
1250.568, 240.8548
1251.050, 243.1456
1251.532, 245.5289
1252.014, 247.8296
1252.496, 249.6812
1252.978, 251.1660
1253.460, 253.2902
1253.942, 256.1423
1254.424, 258.6896
1254.907, 260.8557
1255.389, 263.0643
1255.871, 265.4214
1256.353, 268.0262
1256.835, 270.9513
1257.317, 273.9199
1257.799, 276.5083
1258.281, 279.0023
1258.764, 281.9299
1259.246, 285.1308
1259.728, 288.3595
1260.210, 291.6299
1260.692, 295.1658
1261.174, 298.8617
1261.656, 302.0472
1262.138, 304.3109
1262.620, 306.7730
1263.103, 309.9789
1263.585, 313.4426
1264.067, 317.0177
1264.549, 320.6924
1265.031, 324.6225
1265.513, 328.5824
1265.995, 332.2657
1266.477, 335.6966
1266.959, 339.0506
1267.442, 342.2813
1267.924, 345.7218
1268.406, 349.4714
1268.888, 352.8886
1269.370, 355.7157
1269.852, 359.3124
1270.334, 364.4020
1270.816, 369.7909
1271.299, 374.1841
1271.781, 378.0763
1272.263, 382.5945
1272.745, 387.3755
1273.227, 391.5050
1273.709, 395.1628
1274.191, 398.9307
1274.673, 402.7940
1275.156, 406.2220
1275.638, 409.0870
1276.120, 412.4712
1276.602, 417.0324
1277.084, 422.1264
1277.566, 427.7977
1278.048, 433.4427
1278.530, 438.5818
1279.012, 443.5883
1279.495, 448.6694
1279.977, 453.9188
1280.459, 459.5891
1280.941, 465.6512
1281.423, 471.0872
1281.905, 475.6275
1282.387, 480.7408
1282.869, 486.5450
1283.351, 492.7336
1283.834, 499.2798
1284.316, 505.8364
1284.798, 512.1645
1285.280, 518.4744
1285.762, 525.0748
1286.244, 532.2665
##END=



