##NAMES=Sodalite
##RRUFFID=R060435
##IDEAL CHEMISTRY=Na_4_Si_3_Al_3_O_12_Cl
##LOCALITY=Koksha Valley, Badakshan Province, Afghanistan
##OWNER=RRUFF
##SOURCE=Herb Obodda
##DESCRIPTION=Pale purple fragment
##STATUS=The identification of this mineral has been confirmed by X-ray diffraction and chemical analysis
##URL=rruff.info/R060435
##MEASURED CHEMISTRY=(Na_0.99_K_0.01_)_8_Al_6.00_Si_6.00_O_24_Cl_2_
151.7819, 17.12277
152.2640, 17.59295
152.7462, 18.64637
153.2283, 19.50766
153.7104, 19.92922
154.1925, 20.31726
154.6746, 20.74984
155.1567, 20.88267
155.6389, 21.66928
156.1210, 23.79219
156.6031, 26.69524
157.0852, 29.02951
157.5673, 30.06039
158.0495, 30.77883
158.5316, 31.69192
159.0137, 33.09157
159.4958, 34.38667
159.9779, 35.36594
160.4600, 36.11155
160.9422, 36.89177
161.4243, 37.01518
161.9064, 37.65171
162.3885, 39.64131
162.8706, 44.37991
163.3527, 49.13934
163.8349, 52.77924
164.3170, 55.47889
164.7991, 58.09534
165.2812, 61.06292
165.7633, 64.11507
166.2454, 67.02370
166.7276, 70.08894
167.2097, 72.65163
167.6918, 74.49763
168.1739, 75.58632
168.6560, 75.73597
169.1381, 74.42357
169.6203, 72.19852
170.1024, 69.29452
170.5845, 66.22431
171.0666, 63.13637
171.5487, 59.64596
172.0309, 55.82909
172.5130, 52.70629
172.9951, 51.46084
173.4772, 51.28506
173.9593, 50.92287
174.4414, 49.56716
174.9236, 47.96058
175.4057, 46.99289
175.8878, 46.65948
176.3699, 46.42333
176.8520, 45.53562
177.3341, 44.38812
177.8163, 43.84122
178.2984, 45.01963
178.7805, 46.75048
179.2626, 47.18121
179.7447, 46.21799
180.2268, 44.74424
180.7090, 43.46547
181.1911, 42.36632
181.6732, 41.42249
182.1553, 40.87424
182.6374, 40.44316
183.1195, 39.42132
183.6017, 37.68641
184.0838, 35.90694
184.5659, 34.97657
185.0480, 34.73289
185.5301, 34.30642
186.0123, 32.91190
186.4944, 30.97295
186.9765, 29.96717
187.4586, 30.05091
187.9407, 30.61427
188.4228, 30.85278
188.9050, 30.79423
189.3871, 30.73562
189.8692, 30.90138
190.3513, 31.22078
190.8334, 31.28594
191.3155, 31.01211
191.7977, 30.65247
192.2798, 30.72953
192.7619, 31.24267
193.2440, 31.54716
193.7261, 31.17154
194.2082, 30.18809
194.6904, 29.37539
195.1725, 28.72698
195.6546, 28.34286
196.1367, 28.64760
196.6188, 29.71452
197.1009, 30.52594
197.5831, 30.33836
198.0652, 29.15653
198.5473, 28.40162
199.0294, 28.23637
199.5115, 28.40937
199.9937, 28.38284
200.4758, 28.11215
200.9579, 27.92337
201.4400, 28.03771
201.9221, 28.47946
202.4042, 28.90478
202.8864, 29.35860
203.3685, 29.72270
203.8506, 29.61499
204.3327, 28.90655
204.8148, 28.25405
205.2969, 28.08372
205.7791, 28.48395
206.2612, 28.67029
206.7433, 28.45697
207.2254, 28.10987
207.7075, 28.47361
208.1896, 29.87740
208.6718, 31.03755
209.1539, 31.09391
209.6360, 29.74529
210.1181, 28.83821
210.6002, 28.53668
211.0823, 28.69639
211.5645, 28.99456
212.0466, 29.56836
212.5287, 29.96039
213.0108, 29.78502
213.4929, 28.75203
213.9750, 28.31547
214.4572, 28.71279
214.9393, 29.68979
215.4214, 30.55852
215.9035, 31.37696
216.3856, 31.97482
216.8678, 32.18298
217.3499, 31.82940
217.8320, 31.66390
218.3141, 31.76279
218.7962, 32.05811
219.2783, 32.33186
219.7605, 32.52927
220.2426, 32.79818
220.7247, 33.25420
221.2068, 34.02727
221.6889, 34.59885
222.1710, 34.86631
222.6532, 34.93591
223.1353, 35.14183
223.6174, 35.57013
224.0995, 35.99591
224.5816, 36.29339
225.0637, 36.39070
225.5459, 36.54820
226.0280, 36.76361
226.5101, 37.04735
226.9922, 37.44309
227.4743, 38.05041
227.9564, 38.61866
228.4386, 39.00103
228.9207, 39.02706
229.4028, 39.26660
229.8849, 39.77965
230.3670, 40.49751
230.8492, 41.26867
231.3313, 42.16905
231.8134, 42.99632
232.2955, 43.66631
232.7776, 44.13063
233.2597, 44.52022
233.7419, 44.80115
234.2240, 45.02035
234.7061, 45.30803
235.1882, 45.76367
235.6703, 46.13813
236.1524, 46.32150
236.6346, 46.24524
237.1167, 46.13585
237.5988, 46.02298
238.0809, 45.86795
238.5630, 45.51425
239.0451, 44.62183
239.5273, 44.04760
240.0094, 44.22533
240.4915, 45.58868
240.9736, 46.53725
241.4557, 46.78006
241.9378, 46.74130
242.4200, 47.34578
242.9021, 48.99807
243.3842, 50.67409
243.8663, 51.96711
244.3484, 52.70040
244.8306, 53.57970
245.3127, 54.61377
245.7948, 55.78011
246.2769, 57.04462
246.7590, 58.42762
247.2411, 59.84995
247.7233, 61.28132
248.2054, 62.71259
248.6875, 64.19455
249.1696, 65.71668
249.6517, 67.28230
250.1338, 68.86787
250.6160, 70.38925
251.0981, 72.09041
251.5802, 74.04047
252.0623, 76.27557
252.5444, 78.64540
253.0265, 81.20075
253.5087, 83.83395
253.9908, 86.35448
254.4729, 88.79612
254.9550, 91.07832
255.4371, 93.03593
255.9192, 94.52122
256.4014, 96.79339
256.8835, 100.2153
257.3656, 104.0661
257.8477, 107.5712
258.3298, 110.6240
258.8120, 113.5884
259.2941, 116.5852
259.7762, 119.6367
260.2583, 122.5315
260.7404, 125.2836
261.2225, 127.8925
261.7047, 130.4347
262.1868, 132.9386
262.6689, 135.3520
263.1510, 137.9389
263.6331, 140.6383
264.1152, 141.8347
264.5974, 141.1010
265.0795, 139.5034
265.5616, 138.0359
266.0437, 136.7248
266.5258, 135.4244
267.0079, 134.2813
267.4901, 133.1869
267.9722, 131.1865
268.4543, 128.0360
268.9364, 124.4326
269.4185, 120.8741
269.9006, 117.3475
270.3828, 113.9374
270.8649, 110.6185
271.3470, 107.4087
271.8291, 104.3003
272.3112, 101.1991
272.7933, 98.34557
273.2755, 95.88713
273.7576, 93.79417
274.2397, 92.33553
274.7218, 91.88835
275.2039, 91.90957
275.6860, 90.53017
276.1682, 87.37463
276.6503, 84.18391
277.1324, 82.05215
277.6145, 81.05948
278.0966, 80.31396
278.5787, 79.78162
279.0609, 79.42569
279.5430, 79.16551
280.0251, 79.00500
280.5072, 78.94032
280.9893, 79.04891
281.4715, 79.32915
281.9536, 79.37365
282.4357, 79.11116
282.9178, 78.71273
283.3999, 78.37309
283.8820, 78.07664
284.3642, 78.09158
284.8463, 78.62083
285.3284, 79.62930
285.8105, 80.68708
286.2926, 81.79345
286.7747, 82.95021
287.2569, 84.12209
287.7390, 85.31306
288.2211, 86.65591
288.7032, 88.09692
289.1853, 89.71660
289.6674, 91.99038
290.1496, 94.99031
290.6317, 98.23264
291.1138, 101.3391
291.5959, 104.2921
292.0780, 106.8592
292.5602, 108.9637
293.0423, 110.6602
293.5244, 112.2182
294.0065, 113.6495
294.4886, 114.4697
294.9707, 114.1880
295.4529, 112.9182
295.9350, 111.0891
296.4171, 108.7947
296.8992, 105.9971
297.3813, 102.5797
297.8634, 98.58288
298.3456, 94.23812
298.8277, 89.63451
299.3098, 84.85533
299.7919, 80.02896
300.2740, 75.05531
300.7561, 70.33640
301.2383, 66.66547
301.7204, 63.85756
302.2025, 61.32593
302.6846, 58.47601
303.1667, 55.70699
303.6488, 53.59048
304.1310, 52.29251
304.6131, 51.47301
305.0952, 51.18734
305.5773, 51.18410
306.0594, 50.78608
306.5415, 49.05835
307.0237, 47.03806
307.5058, 45.88695
307.9879, 45.80996
308.4700, 45.98655
308.9521, 45.84967
309.4343, 45.53020
309.9164, 45.25718
310.3985, 45.31367
310.8806, 45.32567
311.3627, 44.83150
311.8448, 43.79932
312.3270, 43.07158
312.8091, 43.60663
313.2912, 44.58433
313.7733, 45.03594
314.2554, 43.96455
314.7375, 42.84569
315.2197, 42.51592
315.7018, 42.89463
316.1839, 43.28077
316.6660, 43.32912
317.1481, 43.26623
317.6302, 43.28053
318.1124, 43.52834
318.5945, 43.72172
319.0766, 43.83533
319.5587, 43.83422
320.0408, 43.60344
320.5229, 42.66723
321.0051, 41.79934
321.4872, 41.45849
321.9693, 41.97872
322.4514, 42.53796
322.9335, 42.96381
323.4156, 43.31907
323.8978, 43.72477
324.3799, 44.53468
324.8620, 45.10946
325.3441, 45.13191
325.8262, 44.32995
326.3083, 43.76613
326.7905, 43.68713
327.2726, 43.83464
327.7547, 43.89130
328.2368, 43.67828
328.7189, 43.54897
329.2010, 43.60887
329.6832, 43.88219
330.1653, 44.06640
330.6474, 44.08025
331.1295, 44.06343
331.6116, 44.14721
332.0938, 44.54402
332.5759, 44.69399
333.0580, 44.42485
333.5401, 43.80649
334.0222, 43.35802
334.5043, 43.00541
334.9865, 42.91730
335.4686, 43.29812
335.9507, 44.51498
336.4328, 45.16936
336.9149, 45.00823
337.3970, 44.32959
337.8792, 43.91533
338.3613, 43.79107
338.8434, 43.83858
339.3255, 44.05580
339.8076, 44.48064
340.2898, 44.80042
340.7719, 45.02522
341.2540, 45.13491
341.7361, 45.01587
342.2182, 44.62764
342.7003, 44.43215
343.1825, 44.74459
343.6646, 45.43409
344.1467, 45.53595
344.6288, 44.97388
345.1109, 44.21441
345.5930, 43.62600
346.0752, 43.22290
346.5573, 43.10516
347.0394, 43.44048
347.5215, 43.94946
348.0036, 43.89756
348.4857, 43.29953
348.9679, 42.77625
349.4500, 42.89124
349.9321, 43.44942
350.4142, 43.91824
350.8963, 44.25776
351.3784, 44.38340
351.8606, 43.93452
352.3427, 43.09730
352.8248, 42.55314
353.3069, 43.18363
353.7890, 44.14925
354.2711, 44.14997
354.7533, 42.98939
355.2354, 41.77242
355.7175, 41.30206
356.1996, 41.44597
356.6817, 41.97354
357.1638, 43.59901
357.6460, 44.98140
358.1281, 44.70448
358.6102, 42.91214
359.0923, 41.49205
359.5744, 41.80225
360.0565, 42.88750
360.5387, 43.84220
361.0208, 44.55404
361.5029, 44.91893
361.9850, 44.57455
362.4671, 43.78428
362.9492, 43.36423
363.4314, 44.06998
363.9135, 44.87914
364.3956, 45.21701
364.8777, 44.85573
365.3598, 44.37839
365.8419, 43.74474
366.3241, 43.10516
366.8062, 42.69034
367.2883, 42.54100
367.7704, 42.61050
368.2526, 42.99625
368.7347, 43.80381
369.2168, 44.30809
369.6989, 44.32155
370.1810, 44.14168
370.6631, 44.00103
371.1453, 43.81930
371.6274, 43.81764
372.1095, 44.24676
372.5916, 44.95681
373.0737, 44.84735
373.5558, 43.27776
374.0380, 41.83789
374.5201, 41.52235
375.0022, 42.81681
375.4843, 43.64087
375.9664, 43.90166
376.4485, 43.68327
376.9307, 42.99574
377.4128, 41.66901
377.8949, 40.62580
378.3770, 40.37045
378.8591, 40.85281
379.3412, 41.02295
379.8234, 40.81864
380.3055, 40.51637
380.7876, 40.44123
381.2697, 40.57961
381.7518, 40.70329
382.2339, 40.76485
382.7161, 40.76471
383.1982, 40.71332
383.6803, 40.61024
384.1624, 40.42017
384.6445, 40.00349
385.1266, 39.48362
385.6088, 39.17290
386.0909, 39.13398
386.5730, 39.26247
387.0551, 39.56707
387.5372, 39.96217
388.0193, 40.20586
388.5015, 39.94102
388.9836, 39.58031
389.4657, 39.68385
389.9478, 40.29911
390.4299, 40.76329
390.9120, 40.37096
391.3942, 39.64369
391.8763, 39.23269
392.3584, 39.70722
392.8405, 40.22180
393.3226, 40.28025
393.8047, 39.98271
394.2869, 39.78700
394.7690, 39.91546
395.2511, 40.17113
395.7332, 40.43840
396.2154, 40.70007
396.6975, 40.96997
397.1796, 41.29688
397.6617, 41.62964
398.1438, 41.87878
398.6259, 42.04362
399.1081, 42.11601
399.5902, 42.05326
400.0723, 41.82323
400.5544, 41.67685
401.0365, 41.50787
401.5186, 41.50165
402.0008, 41.84872
402.4829, 42.86795
402.9650, 43.62634
403.4471, 43.91677
403.9292, 43.87086
404.4113, 44.05828
404.8935, 44.58140
405.3756, 45.10402
405.8577, 45.38401
406.3398, 45.34431
406.8219, 45.64528
407.3040, 46.35915
407.7862, 47.29252
408.2683, 48.23077
408.7504, 49.17773
409.2325, 50.03087
409.7146, 50.77297
410.1967, 51.38774
410.6789, 51.92840
411.1610, 52.40451
411.6431, 52.58886
412.1252, 52.13690
412.6073, 51.22679
413.0894, 50.36292
413.5716, 49.67553
414.0537, 49.03459
414.5358, 48.20531
415.0179, 47.27886
415.5000, 46.52541
415.9821, 46.06914
416.4643, 45.88118
416.9464, 46.03296
417.4285, 46.55166
417.9106, 47.02997
418.3927, 47.29584
418.8748, 47.34133
419.3570, 47.15352
419.8391, 46.29453
420.3212, 45.61974
420.8033, 45.57155
421.2854, 46.04566
421.7675, 46.53953
422.2497, 46.92000
422.7318, 47.26622
423.2139, 47.59501
423.6960, 47.82054
424.1781, 48.22243
424.6602, 49.03268
425.1424, 49.98285
425.6245, 50.67390
426.1066, 51.02216
426.5887, 51.20375
427.0709, 51.21285
427.5530, 51.04932
428.0351, 50.83294
428.5172, 50.26624
428.9993, 50.05178
429.4814, 50.86141
429.9636, 53.08941
430.4457, 54.83650
430.9278, 55.96141
431.4099, 56.50962
431.8920, 56.31677
432.3741, 55.23228
432.8563, 54.57206
433.3384, 55.16345
433.8205, 56.79286
434.3026, 57.94910
434.7847, 58.59692
435.2668, 59.10516
435.7490, 60.02532
436.2311, 61.16174
436.7132, 61.70522
437.1953, 61.13352
437.6774, 60.31363
438.1595, 60.39610
438.6417, 61.25735
439.1238, 62.38643
439.6059, 63.53027
440.0880, 64.75715
440.5701, 66.10204
441.0522, 67.55571
441.5344, 69.27449
442.0165, 71.37857
442.4986, 73.79520
442.9807, 76.42669
443.4628, 79.63625
443.9449, 82.66753
444.4271, 84.72978
444.9092, 86.13578
445.3913, 88.68717
445.8734, 93.48744
446.3555, 98.97459
446.8376, 104.3124
447.3198, 108.8930
447.8019, 114.4488
448.2840, 121.1616
448.7661, 128.7396
449.2482, 136.8594
449.7303, 145.9664
450.2125, 154.7061
450.6946, 162.6148
451.1767, 169.8316
451.6588, 177.8162
452.1409, 186.6376
452.6230, 196.2060
453.1052, 206.4526
453.5873, 217.5022
454.0694, 228.6011
454.5515, 239.3927
455.0337, 250.7780
455.5158, 263.9841
455.9979, 279.0793
456.4800, 295.3439
456.9621, 312.7856
457.4442, 331.2493
457.9264, 350.4272
458.4085, 370.2481
458.8906, 391.2950
459.3727, 414.0070
459.8548, 438.1132
460.3369, 462.8256
460.8191, 488.5170
461.3012, 514.2025
461.7833, 540.0800
462.2654, 565.4177
462.7475, 588.5907
463.2296, 610.7336
463.7118, 629.3147
464.1939, 643.3785
464.6760, 653.0009
465.1581, 657.0588
465.6402, 656.1261
466.1223, 648.9229
466.6045, 634.4824
467.0866, 609.8716
467.5687, 581.5321
468.0508, 548.1266
468.5329, 511.2544
469.0150, 473.6407
469.4972, 433.8732
469.9793, 396.1914
470.4614, 362.1967
470.9435, 331.9586
471.4256, 304.0607
471.9077, 278.3548
472.3899, 255.2952
472.8720, 235.7155
473.3541, 219.5684
473.8362, 204.7254
474.3183, 190.7216
474.8004, 177.8998
475.2826, 167.2110
475.7647, 158.5634
476.2468, 150.6770
476.7289, 142.9012
477.2110, 135.3943
477.6931, 128.6424
478.1753, 122.6164
478.6574, 117.1630
479.1395, 112.3217
479.6216, 107.9261
480.1037, 103.6928
480.5858, 99.37101
481.0680, 95.50603
481.5501, 92.84048
482.0322, 90.88454
482.5143, 88.64075
482.9964, 84.96938
483.4786, 81.56937
483.9607, 79.47678
484.4428, 78.88044
484.9249, 77.91514
485.4070, 75.90676
485.8892, 73.61919
486.3713, 71.57909
486.8534, 69.71486
487.3355, 68.26009
487.8176, 67.42638
488.2997, 66.93923
488.7819, 66.16381
489.2640, 64.91187
489.7461, 63.79216
490.2282, 63.04138
490.7103, 62.62827
491.1924, 62.10638
491.6746, 61.43413
492.1567, 60.80809
492.6388, 60.46391
493.1209, 60.35787
493.6030, 60.13168
494.0851, 59.70382
494.5673, 59.22325
495.0494, 58.92555
495.5315, 58.76582
496.0136, 58.59352
496.4957, 58.30701
496.9778, 57.98860
497.4600, 57.77193
497.9421, 57.63741
498.4242, 57.38611
498.9063, 56.90575
499.3884, 56.25203
499.8705, 55.43676
500.3527, 54.39164
500.8348, 53.37756
501.3169, 52.70942
501.7990, 52.08760
502.2811, 51.07980
502.7632, 48.80123
503.2454, 47.01390
503.7275, 46.35513
504.2096, 46.69542
504.6917, 46.56429
505.1738, 45.67889
505.6559, 44.71209
506.1381, 44.02856
506.6202, 43.70444
507.1023, 43.35412
507.5844, 42.96409
508.0665, 42.57404
508.5486, 42.20705
509.0308, 41.85911
509.5129, 41.68934
509.9950, 41.80202
510.4771, 42.05042
510.9592, 42.15655
511.4413, 42.11884
511.9235, 41.94123
512.4056, 41.44805
512.8877, 40.88276
513.3698, 40.63184
513.8519, 40.73748
514.3340, 40.94226
514.8162, 41.20623
515.2983, 41.40733
515.7804, 41.39833
516.2625, 41.09291
516.7446, 40.62378
517.2267, 39.74562
517.7089, 38.73509
518.1910, 38.28487
518.6731, 39.13941
519.1552, 40.01913
519.6373, 40.53669
520.1194, 40.69864
520.6016, 40.46508
521.0837, 39.52397
521.5658, 38.53836
522.0479, 38.03613
522.5300, 38.21173
523.0121, 38.14821
523.4943, 37.69489
523.9764, 37.09652
524.4585, 36.78722
524.9406, 36.77581
525.4227, 36.87847
525.9048, 37.15544
526.3870, 37.44004
526.8691, 37.14115
527.3513, 36.30737
527.8334, 35.68410
528.3155, 36.07545
528.7976, 36.90997
529.2797, 37.33292
529.7618, 37.19649
530.2440, 36.93195
530.7261, 36.73925
531.2082, 36.63204
531.6903, 36.63109
532.1724, 37.00343
532.6545, 37.20673
533.1367, 36.82807
533.6188, 36.09486
534.1009, 35.80619
534.5830, 36.79715
535.0651, 37.55678
535.5472, 37.48618
536.0294, 36.42370
536.5115, 35.69915
536.9936, 35.42303
537.4757, 35.33033
537.9578, 35.18446
538.4399, 34.94722
538.9221, 34.93211
539.4042, 35.25360
539.8863, 35.66634
540.3684, 35.74220
540.8505, 35.49699
541.3326, 35.11271
541.8148, 34.58722
542.2969, 34.01617
542.7790, 33.50848
543.2611, 33.08017
543.7432, 32.83506
544.2253, 33.01447
544.7075, 33.32191
545.1896, 33.43929
545.6717, 33.29691
546.1538, 33.11594
546.6359, 32.98940
547.1180, 32.88700
547.6002, 32.77823
548.0823, 32.61966
548.5644, 32.49577
549.0465, 32.42086
549.5286, 32.39094
550.0107, 32.39854
550.4929, 32.48386
550.9750, 32.55046
551.4571, 32.60679
551.9392, 32.65302
552.4213, 32.40332
552.9034, 31.76146
553.3856, 31.12053
553.8677, 30.92314
554.3498, 31.10734
554.8319, 30.82931
555.3140, 29.90194
555.7961, 28.88238
556.2783, 28.48223
556.7604, 28.58212
557.2425, 28.86294
557.7246, 29.27208
558.2067, 29.74514
558.6888, 30.44175
559.1710, 31.20047
559.6531, 31.45489
560.1352, 30.16299
560.6173, 28.88744
561.0994, 28.77343
561.5815, 30.09656
562.0637, 30.90691
562.5458, 30.38560
563.0279, 29.49778
563.5100, 28.94316
563.9921, 28.86830
564.4742, 28.89441
564.9564, 29.10976
565.4385, 29.34603
565.9206, 29.23116
566.4027, 28.64543
566.8848, 28.34942
567.3669, 28.72624
567.8491, 29.46163
568.3312, 29.40633
568.8133, 28.59263
569.2954, 27.84999
569.7775, 27.82296
570.2596, 28.20288
570.7418, 28.44769
571.2239, 28.52550
571.7060, 28.54190
572.1881, 28.59391
572.6702, 28.62201
573.1523, 28.52783
573.6345, 28.09700
574.1166, 27.88979
574.5987, 28.52842
575.0808, 29.44442
575.5629, 29.69916
576.0450, 28.18066
576.5272, 27.06828
577.0093, 26.95176
577.4914, 27.65333
577.9735, 27.99277
578.4556, 27.84324
578.9377, 27.58584
579.4199, 27.32364
579.9020, 27.05467
580.3841, 27.22868
580.8662, 27.93239
581.3483, 28.61354
581.8304, 28.58522
582.3126, 28.05129
582.7947, 27.68367
583.2768, 27.56783
583.7589, 27.76784
584.2410, 28.77695
584.7231, 30.11779
585.2053, 30.84541
585.6874, 29.93409
586.1696, 28.88350
586.6517, 28.51574
587.1338, 28.70583
587.6159, 28.86325
588.0980, 28.76605
588.5801, 28.66498
589.0623, 28.72268
589.5444, 29.00593
590.0265, 28.97551
590.5086, 28.36741
590.9907, 27.78347
591.4728, 27.73842
591.9550, 28.32616
592.4371, 28.91140
592.9192, 29.52791
593.4013, 29.93247
593.8834, 29.54436
594.3655, 28.51324
594.8477, 27.79115
595.3298, 27.77749
595.8119, 28.11315
596.2940, 28.43124
596.7761, 28.71122
597.2582, 28.89412
597.7404, 28.87637
598.2225, 28.80471
598.7046, 28.71110
599.1867, 28.60399
599.6688, 28.71604
600.1509, 29.54828
600.6331, 30.30917
601.1152, 30.44741
601.5973, 29.57916
602.0794, 28.95916
602.5615, 28.56488
603.0436, 28.44621
603.5258, 28.81653
604.0079, 29.86358
604.4900, 30.30162
604.9721, 29.70611
605.4542, 28.71731
605.9363, 28.78067
606.4185, 29.76864
606.9006, 30.54810
607.3827, 30.43408
607.8648, 29.90986
608.3469, 29.56696
608.8290, 29.40853
609.3112, 29.47161
609.7933, 30.18264
610.2754, 30.83804
610.7575, 30.81651
611.2396, 29.95887
611.7217, 29.16286
612.2039, 28.49317
612.6860, 28.10107
613.1681, 28.13428
613.6502, 29.13319
614.1323, 29.57865
614.6144, 29.17627
615.0966, 28.45748
615.5787, 28.18088
616.0608, 28.39885
616.5429, 28.78235
617.0250, 29.36553
617.5071, 29.94331
617.9893, 29.85248
618.4714, 29.19742
618.9535, 28.79197
619.4356, 29.43486
619.9177, 30.35863
620.3998, 30.47609
620.8820, 29.86175
621.3641, 29.29821
621.8462, 29.33071
622.3283, 29.50072
622.8104, 29.46808
623.2925, 29.14246
623.7747, 28.80737
624.2568, 28.49482
624.7389, 28.20422
625.2210, 27.91556
625.7031, 27.50853
626.1852, 27.38880
626.6674, 27.66534
627.1495, 28.13758
627.6316, 28.52300
628.1137, 28.82497
628.5958, 28.93498
629.0779, 28.73358
629.5601, 28.42406
630.0422, 28.48759
630.5243, 28.83699
631.0064, 29.06158
631.4885, 28.79682
631.9706, 28.39450
632.4528, 28.17842
632.9349, 28.14934
633.4170, 28.15604
633.8991, 28.10173
634.3812, 28.08686
634.8633, 28.18012
635.3455, 28.42105
635.8276, 28.67538
636.3097, 29.05388
636.7918, 29.33874
637.2739, 29.28609
637.7560, 28.75348
638.2382, 28.47615
638.7203, 28.56497
639.2024, 28.82792
639.6845, 28.96875
640.1666, 29.00848
640.6487, 29.14161
641.1309, 29.53911
641.6130, 29.89985
642.0951, 29.65296
642.5772, 29.00284
643.0594, 28.53651
643.5415, 28.74391
644.0236, 29.03969
644.5057, 29.01378
644.9879, 28.70418
645.4700, 28.57014
645.9521, 28.96823
646.4342, 29.33625
646.9163, 29.40732
647.3984, 29.12482
647.8806, 28.95017
648.3627, 28.94479
648.8448, 28.93152
649.3269, 28.74457
649.8090, 28.38411
650.2911, 28.02074
650.7733, 27.62647
651.2554, 27.39057
651.7375, 27.60375
652.2196, 28.14686
652.7017, 28.76974
653.1838, 29.54049
653.6660, 30.09702
654.1481, 29.88111
654.6302, 29.30017
655.1123, 29.07246
655.5944, 29.83761
656.0765, 30.56736
656.5587, 30.96015
657.0408, 31.05099
657.5229, 31.04611
658.0050, 30.89548
658.4871, 30.73149
658.9692, 30.59255
659.4514, 30.47856
659.9335, 30.37306
660.4156, 30.26758
660.8977, 30.24046
661.3798, 30.49077
661.8619, 30.85053
662.3441, 30.75401
662.8262, 30.15456
663.3083, 29.67168
663.7904, 30.00019
664.2725, 30.61481
664.7546, 30.90011
665.2368, 30.57406
665.7189, 30.35170
666.2010, 30.54724
666.6831, 30.93679
667.1652, 31.28213
667.6473, 31.81178
668.1295, 31.85888
668.6116, 31.07920
669.0937, 30.01281
669.5758, 29.81794
670.0579, 30.59110
670.5400, 31.27932
671.0222, 31.55156
671.5043, 31.57440
671.9864, 31.69955
672.4685, 31.89834
672.9506, 32.03062
673.4327, 32.05796
673.9149, 31.95292
674.3970, 31.58767
674.8791, 31.01163
675.3612, 30.58587
675.8433, 30.47534
676.3254, 30.52838
676.8076, 30.73419
677.2897, 31.14437
677.7718, 31.33634
678.2539, 31.24556
678.7360, 31.02634
679.2181, 30.69323
679.7003, 30.20340
680.1824, 30.12066
680.6645, 30.50875
681.1466, 31.10905
681.6287, 31.80119
682.1108, 32.48188
682.5930, 32.78070
683.0751, 32.52345
683.5572, 32.23734
684.0393, 32.49416
684.5214, 32.96753
685.0035, 33.19185
685.4857, 32.64240
685.9678, 32.26099
686.4499, 32.51582
686.9320, 33.06807
687.4141, 33.15620
687.8962, 32.50350
688.3784, 31.89158
688.8605, 31.43900
689.3426, 31.16954
689.8247, 31.23402
690.3068, 31.64590
690.7889, 32.05653
691.2711, 32.34469
691.7532, 32.49694
692.2353, 32.39009
692.7174, 32.07181
693.1995, 31.83556
693.6816, 31.86380
694.1638, 32.03983
694.6459, 32.40728
695.1280, 32.98486
695.6101, 33.18107
696.0922, 32.40997
696.5743, 31.58559
697.0565, 31.21317
697.5386, 31.41159
698.0207, 31.55201
698.5028, 31.60987
698.9849, 31.66276
699.4670, 31.77833
699.9492, 31.95435
700.4313, 32.21722
700.9135, 32.60420
701.3956, 32.87496
701.8777, 32.61951
702.3598, 32.10119
702.8419, 31.78077
703.3240, 31.86267
703.8062, 32.00241
704.2883, 32.05038
704.7704, 32.03704
705.2525, 32.00628
705.7346, 31.81348
706.2167, 31.81544
706.6989, 32.18435
707.1810, 32.70709
707.6631, 32.85304
708.1452, 32.53915
708.6273, 32.35238
709.1094, 32.55298
709.5916, 32.90844
710.0737, 32.78497
710.5558, 32.28480
711.0379, 31.93023
711.5200, 32.11847
712.0021, 32.48949
712.4843, 32.79071
712.9664, 33.00880
713.4485, 33.10823
713.9306, 32.99023
714.4127, 32.82582
714.8948, 32.64980
715.3770, 32.45906
715.8591, 32.45154
716.3412, 32.71512
716.8233, 32.98850
717.3054, 33.13009
717.7875, 33.14401
718.2697, 33.08106
718.7518, 32.93473
719.2339, 32.79646
719.7160, 32.70998
720.1981, 32.69554
720.6802, 32.79011
721.1624, 32.99991
721.6445, 33.29087
722.1266, 33.79502
722.6087, 34.27983
723.0908, 34.54173
723.5729, 34.50326
724.0551, 34.30365
724.5372, 33.79009
725.0193, 33.27008
725.5014, 33.00688
725.9835, 32.97094
726.4656, 33.47235
726.9478, 34.70559
727.4299, 36.06443
727.9120, 36.59470
728.3941, 36.52278
728.8762, 36.52892
729.3583, 36.80097
729.8405, 37.21227
730.3226, 37.72818
730.8047, 38.29971
731.2868, 38.82959
731.7689, 39.38087
732.2510, 39.78544
732.7332, 39.78627
733.2153, 39.66035
733.6974, 40.06336
734.1795, 41.34533
734.6616, 42.16414
735.1437, 42.07129
735.6259, 41.40419
736.1080, 41.06664
736.5901, 41.00624
737.0722, 40.75809
737.5543, 39.99542
738.0364, 39.00817
738.5186, 38.07020
739.0007, 37.19033
739.4828, 36.36927
739.9649, 35.62470
740.4470, 34.92452
740.9291, 34.15392
741.4113, 33.35713
741.8934, 33.01511
742.3755, 33.44713
742.8576, 33.75748
743.3397, 33.54857
743.8218, 32.88526
744.3040, 32.21613
744.7861, 31.54091
745.2682, 31.08337
745.7503, 31.17677
746.2324, 31.51225
746.7145, 31.53836
747.1967, 31.26111
747.6788, 31.08320
748.1609, 31.64227
748.6430, 32.05669
749.1251, 31.57123
749.6072, 29.81969
750.0894, 28.78466
750.5715, 28.82859
751.0536, 29.19943
751.5357, 29.49037
752.0178, 29.70914
752.4999, 29.73678
752.9821, 29.54401
753.4642, 29.35505
753.9463, 29.53155
754.4284, 29.83074
754.9105, 29.60289
755.3926, 28.68213
755.8748, 28.09049
756.3569, 28.85980
756.8390, 30.03046
757.3211, 30.77648
757.8032, 30.92588
758.2853, 30.65411
758.7675, 29.61912
759.2496, 28.54787
759.7318, 28.16700
760.2139, 28.59692
760.6960, 28.76445
761.1781, 28.50768
761.6602, 28.25570
762.1423, 28.77865
762.6245, 29.69429
763.1066, 29.94178
763.5887, 29.03566
764.0708, 28.31019
764.5529, 29.18715
765.0350, 30.57309
765.5172, 31.17106
765.9993, 29.69732
766.4814, 28.78332
766.9635, 28.88487
767.4456, 29.36896
767.9277, 29.38037
768.4099, 28.82967
768.8920, 28.37382
769.3741, 28.08738
769.8562, 28.00171
770.3383, 28.28876
770.8204, 28.81249
771.3026, 29.20414
771.7847, 29.32702
772.2668, 29.33052
772.7489, 29.25912
773.2310, 29.14995
773.7131, 29.06221
774.1953, 29.03843
774.6774, 29.00234
775.1595, 28.98030
775.6416, 28.92235
776.1237, 28.68219
776.6058, 28.21318
777.0880, 27.94618
777.5701, 28.05278
778.0522, 28.28591
778.5343, 28.17814
779.0164, 27.84717
779.4985, 27.63298
779.9807, 27.68065
780.4628, 27.87908
780.9449, 28.40611
781.4270, 29.00723
781.9091, 29.16456
782.3912, 28.15412
782.8734, 27.47906
783.3555, 27.43993
783.8376, 27.81905
784.3197, 28.09788
784.8018, 28.27250
785.2839, 28.44892
785.7661, 28.74987
786.2482, 28.94102
786.7303, 28.29621
787.2124, 27.18535
787.6945, 26.64387
788.1766, 27.92916
788.6588, 29.12643
789.1409, 29.00223
789.6230, 28.03115
790.1051, 27.60137
790.5872, 28.36438
791.0693, 28.85448
791.5515, 28.67665
792.0336, 28.09380
792.5157, 27.89890
792.9978, 28.09413
793.4799, 28.23154
793.9620, 28.06510
794.4442, 27.84677
794.9263, 28.08198
795.4084, 28.58173
795.8905, 28.82279
796.3726, 28.16937
796.8547, 27.62795
797.3369, 27.76402
797.8190, 28.36662
798.3011, 28.66647
798.7832, 28.53171
799.2653, 28.32261
799.7474, 28.07649
800.2296, 27.84848
800.7117, 27.79255
801.1938, 27.90358
801.6759, 28.14294
802.1580, 28.66581
802.6401, 29.12417
803.1223, 29.02466
803.6044, 28.53107
804.0865, 28.07404
804.5686, 27.68723
805.0507, 27.49834
805.5328, 27.64293
806.0150, 28.00951
806.4971, 28.34404
806.9792, 28.67651
807.4613, 28.89102
807.9434, 28.98486
808.4255, 28.90886
808.9077, 28.32762
809.3898, 27.40612
809.8719, 26.90018
810.3540, 27.50279
810.8361, 28.26707
811.3182, 28.42698
811.8004, 28.17688
812.2825, 27.98281
812.7646, 28.11821
813.2467, 28.11607
813.7288, 27.77336
814.2109, 27.28506
814.6931, 27.22062
815.1752, 27.64322
815.6573, 27.88935
816.1394, 27.70586
816.6215, 27.35294
817.1037, 27.25709
817.5858, 27.34695
818.0679, 27.43061
818.5500, 27.31112
819.0322, 27.29380
819.5143, 27.65194
819.9964, 28.19855
820.4785, 28.53699
820.9606, 28.57597
821.4427, 28.53656
821.9249, 28.43822
822.4070, 28.29060
822.8891, 28.06609
823.3712, 27.78218
823.8533, 27.65647
824.3354, 27.82282
824.8176, 28.01564
825.2997, 27.98243
825.7818, 27.75434
826.2639, 27.38574
826.7460, 26.18888
827.2281, 25.70875
827.7103, 26.90912
828.1924, 28.73021
828.6745, 29.84419
829.1566, 30.17580
829.6387, 29.98496
830.1208, 29.16735
830.6030, 28.16881
831.0851, 27.70961
831.5672, 27.64149
832.0493, 27.54418
832.5314, 27.25698
833.0135, 27.05389
833.4957, 27.05566
833.9778, 27.27882
834.4599, 27.74723
834.9420, 29.10857
835.4241, 29.73585
835.9063, 29.35728
836.3884, 28.56822
836.8705, 28.03235
837.3526, 27.74426
837.8347, 27.47597
838.3168, 27.17534
838.7990, 27.01225
839.2811, 27.23150
839.7632, 27.66719
840.2453, 28.16639
840.7274, 28.83919
841.2095, 29.08950
841.6917, 28.14070
842.1738, 27.10226
842.6559, 26.89609
843.1380, 27.89594
843.6201, 28.37804
844.1022, 28.26977
844.5844, 27.89368
845.0665, 27.31376
845.5486, 26.72632
846.0307, 26.83706
846.5128, 27.72423
846.9949, 28.47912
847.4771, 28.26335
847.9592, 27.83816
848.4413, 27.83997
848.9234, 28.46493
849.4055, 28.81833
849.8876, 28.84079
850.3698, 28.63832
850.8519, 28.13375
851.3340, 27.37999
851.8161, 27.18586
852.2982, 27.54735
852.7803, 27.94275
853.2625, 27.98339
853.7446, 27.86388
854.2267, 27.68667
854.7088, 27.49121
855.1909, 27.58254
855.6730, 28.39628
856.1552, 29.17090
856.6373, 29.68182
857.1194, 29.91902
857.6015, 29.72280
858.0836, 29.01860
858.5657, 28.43542
859.0479, 28.31587
859.5300, 28.47121
860.0121, 28.65995
860.4942, 28.82944
860.9763, 28.78769
861.4584, 28.13512
861.9406, 27.56175
862.4227, 27.40286
862.9048, 27.59438
863.3869, 27.86385
863.8690, 28.27272
864.3511, 28.61252
864.8333, 28.83854
865.3154, 28.96786
865.7975, 29.08268
866.2796, 29.15031
866.7617, 29.00818
867.2438, 28.43776
867.7260, 27.91297
868.2081, 27.81650
868.6902, 27.99191
869.1723, 28.18883
869.6544, 28.50618
870.1365, 28.59630
870.6187, 28.23298
871.1008, 27.87235
871.5829, 28.33654
872.0650, 29.56225
872.5471, 30.17888
873.0292, 29.90070
873.5114, 29.40142
873.9935, 29.28770
874.4756, 29.40530
874.9577, 29.58991
875.4399, 29.86992
875.9220, 30.02172
876.4041, 30.07133
876.8862, 29.89765
877.3683, 29.27774
877.8505, 28.04511
878.3326, 27.59969
878.8147, 28.02309
879.2968, 28.63385
879.7789, 28.95884
880.2610, 29.02937
880.7432, 28.76563
881.2253, 28.18990
881.7074, 27.85049
882.1895, 28.21831
882.6716, 28.70170
883.1537, 29.01761
883.6359, 29.16398
884.1180, 29.16901
884.6001, 29.02379
885.0822, 28.76704
885.5643, 28.29351
886.0464, 27.79236
886.5286, 27.88559
887.0107, 28.40841
887.4928, 28.68192
887.9749, 28.02471
888.4570, 27.34879
888.9391, 27.16551
889.4213, 27.33861
889.9034, 27.37509
890.3855, 27.15237
890.8676, 27.07802
891.3497, 27.31696
891.8318, 27.62468
892.3140, 27.40135
892.7961, 26.81753
893.2782, 26.59188
893.7603, 27.10781
894.2424, 27.64180
894.7245, 27.60355
895.2067, 27.29356
895.6888, 27.07673
896.1709, 27.04678
896.6530, 27.07883
897.1351, 27.23544
897.6172, 27.35544
898.0994, 27.18700
898.5815, 26.79268
899.0636, 26.69747
899.5457, 26.96951
900.0278, 27.20394
900.5099, 26.86190
900.9921, 26.46605
901.4742, 26.58361
901.9563, 27.36931
902.4384, 27.89597
902.9205, 27.90256
903.4026, 27.86411
903.8848, 28.05615
904.3669, 28.41973
904.8490, 28.40809
905.3311, 28.03402
905.8132, 27.65830
906.2953, 27.47169
906.7775, 27.40788
907.2596, 27.43671
907.7417, 27.53355
908.2238, 27.61937
908.7059, 27.74961
909.1880, 27.76381
909.6702, 27.61816
910.1523, 27.34636
910.6344, 26.89956
911.1165, 26.29008
911.5986, 26.19028
912.0807, 26.97835
912.5629, 27.85657
913.0450, 27.80703
913.5271, 27.28542
914.0092, 26.97031
914.4913, 27.15619
914.9734, 27.37799
915.4556, 27.65305
915.9377, 27.85238
916.4198, 27.81600
916.9019, 27.52422
917.3840, 27.35152
917.8661, 27.32319
918.3483, 27.35278
918.8304, 27.29095
919.3125, 27.28031
919.7946, 27.60207
920.2767, 28.28489
920.7589, 28.71971
921.2410, 28.43102
921.7231, 28.16065
922.2052, 28.23679
922.6873, 28.60548
923.1694, 28.76307
923.6516, 28.70120
924.1337, 28.67847
924.6158, 28.90251
925.0979, 29.16796
925.5800, 29.30096
926.0621, 29.25493
926.5443, 28.91357
927.0264, 27.67386
927.5085, 26.85853
927.9906, 26.87149
928.4727, 27.32358
928.9548, 27.58186
929.4370, 27.63669
929.9191, 27.76169
930.4012, 28.01048
930.8833, 28.30604
931.3654, 28.55758
931.8475, 28.80278
932.3297, 29.10312
932.8118, 29.48352
933.2939, 29.86758
933.7761, 30.48013
934.2582, 30.84122
934.7403, 30.55164
935.2224, 29.58636
935.7045, 28.99046
936.1866, 28.76681
936.6688, 28.70029
937.1509, 28.59693
937.6330, 28.59650
938.1151, 29.03249
938.5972, 29.77919
939.0793, 30.17232
939.5615, 29.39730
940.0436, 29.03869
940.5257, 29.74719
941.0078, 30.98281
941.4899, 31.12289
941.9720, 30.21750
942.4542, 29.62747
942.9363, 29.83693
943.4184, 30.25396
943.9005, 30.16446
944.3826, 29.90061
944.8647, 29.95278
945.3469, 30.78715
945.8290, 31.23892
946.3111, 30.95429
946.7932, 30.61071
947.2753, 30.90191
947.7574, 31.78328
948.2396, 32.16906
948.7217, 32.02157
949.2038, 31.83873
949.6859, 31.98467
950.1680, 32.28861
950.6501, 32.65855
951.1323, 33.07520
951.6144, 33.35488
952.0965, 33.30231
952.5786, 33.40440
953.0607, 33.80663
953.5428, 34.46618
954.0250, 35.40487
954.5071, 36.54082
954.9892, 37.36264
955.4713, 37.44809
955.9534, 37.52412
956.4355, 38.15264
956.9177, 39.10492
957.3998, 40.06001
957.8819, 40.89197
958.3640, 41.87226
958.8461, 42.98151
959.3282, 44.30193
959.8104, 46.09429
960.2925, 48.15243
960.7746, 49.42649
961.2567, 49.84989
961.7388, 50.93518
962.2209, 54.78707
962.7031, 58.70752
963.1852, 60.48175
963.6673, 60.18504
964.1494, 61.06026
964.6315, 63.46611
965.1136, 65.80410
965.5958, 67.57332
966.0779, 68.78863
966.5600, 69.29354
967.0421, 69.28720
967.5242, 69.29739
968.0063, 69.58089
968.4885, 69.85188
968.9706, 70.09289
969.4527, 70.21190
969.9348, 69.97725
970.4169, 69.15206
970.8990, 69.30533
971.3812, 70.66546
971.8633, 72.20710
972.3454, 72.83031
972.8275, 73.00614
973.3096, 73.35660
973.7917, 73.94519
974.2739, 74.80238
974.7560, 76.47314
975.2381, 77.77984
975.7202, 77.90450
976.2023, 77.31776
976.6844, 78.58084
977.1666, 81.68354
977.6487, 84.91977
978.1308, 87.46281
978.6129, 89.99264
979.0950, 92.90099
979.5771, 96.39983
980.0593, 100.8479
980.5414, 106.8425
981.0235, 113.0188
981.5056, 118.9797
981.9877, 125.6770
982.4698, 134.5739
982.9520, 145.2937
983.4341, 155.3893
983.9162, 164.7110
984.3983, 174.1830
984.8804, 185.1591
985.3625, 195.9951
985.8447, 206.1198
986.3268, 215.2091
986.8089, 220.9461
987.2910, 223.4336
987.7731, 222.3046
988.2552, 217.5006
988.7374, 208.8994
989.2195, 194.8413
989.7016, 176.9431
990.1837, 159.3946
990.6658, 143.2451
991.1479, 128.3537
991.6301, 114.3868
992.1122, 101.9250
992.5944, 91.35571
993.0765, 82.92606
993.5586, 76.16448
994.0407, 71.17519
994.5228, 66.98200
995.0049, 62.72886
995.4871, 58.83844
995.9692, 55.97176
996.4513, 54.01953
996.9334, 52.15079
997.4155, 50.04915
997.8976, 48.06761
998.3798, 46.18917
998.8619, 44.55975
999.3440, 43.70269
999.8261, 43.50640
1000.308, 42.85225
1000.790, 41.26551
1001.272, 39.77366
1001.755, 39.33332
1002.237, 39.37868
1002.719, 39.31158
1003.201, 38.97485
1003.683, 38.81844
1004.165, 38.95644
1004.647, 38.98388
1005.129, 38.49894
1005.612, 37.72712
1006.094, 37.34135
1006.576, 37.27830
1007.058, 37.21960
1007.540, 36.98553
1008.022, 36.74589
1008.504, 36.42141
1008.986, 36.19193
1009.468, 36.49400
1009.951, 37.44197
1010.433, 37.88209
1010.915, 37.53434
1011.397, 37.15631
1011.879, 37.97747
1012.361, 39.06755
1012.843, 39.15863
1013.325, 37.93102
1013.807, 36.87786
1014.290, 36.38776
1014.772, 35.90285
1015.254, 35.08588
1015.736, 34.11975
1016.218, 33.96430
1016.700, 34.43605
1017.182, 34.45706
1017.664, 33.11055
1018.147, 31.72648
1018.629, 31.11678
1019.111, 31.02752
1019.593, 31.06531
1020.075, 31.25381
1020.557, 31.45812
1021.039, 31.71807
1021.521, 31.81450
1022.003, 31.36393
1022.486, 30.67788
1022.968, 30.33896
1023.450, 30.35273
1023.932, 30.38037
1024.414, 30.21264
1024.896, 30.13705
1025.378, 30.29370
1025.860, 30.57974
1026.343, 30.67957
1026.825, 30.60722
1027.307, 30.62304
1027.789, 30.88132
1028.271, 30.97448
1028.753, 30.18567
1029.235, 29.22420
1029.717, 28.94681
1030.199, 29.72906
1030.682, 30.26463
1031.164, 30.53855
1031.646, 30.61700
1032.128, 30.44485
1032.610, 30.14415
1033.092, 29.90530
1033.574, 29.79583
1034.056, 30.07302
1034.539, 31.56716
1035.021, 32.58738
1035.503, 32.33430
1035.985, 31.50230
1036.467, 30.90542
1036.949, 30.54716
1037.431, 30.47780
1037.913, 30.71538
1038.396, 31.12913
1038.878, 31.81973
1039.360, 32.47764
1039.842, 32.68777
1040.324, 32.42751
1040.806, 32.64439
1041.288, 33.67826
1041.770, 34.46867
1042.252, 34.56467
1042.734, 34.39106
1043.217, 34.93245
1043.699, 35.92324
1044.181, 36.64834
1044.663, 36.77800
1045.145, 36.90697
1045.627, 37.19232
1046.109, 37.63873
1046.591, 38.24674
1047.074, 39.01718
1047.556, 40.05092
1048.038, 41.35773
1048.520, 42.36812
1049.002, 42.24113
1049.484, 42.05223
1049.966, 42.91142
1050.448, 44.46444
1050.931, 45.66429
1051.413, 46.17376
1051.895, 46.82927
1052.377, 47.69830
1052.859, 48.79543
1053.341, 50.22550
1053.823, 51.90113
1054.305, 53.79280
1054.787, 55.89751
1055.270, 57.52933
1055.752, 57.73987
1056.234, 58.13564
1056.716, 59.63946
1057.198, 61.78845
1057.680, 62.58582
1058.162, 62.12236
1058.644, 61.88100
1059.126, 62.53471
1059.609, 63.05474
1060.091, 62.45742
1060.573, 61.26062
1061.055, 60.03184
1061.537, 58.88356
1062.019, 57.41371
1062.501, 55.46907
1062.983, 53.76631
1063.466, 53.07992
1063.948, 52.80896
1064.430, 51.83096
1064.912, 50.29915
1065.394, 48.66574
1065.876, 46.50089
1066.358, 45.16803
1066.840, 45.31514
1067.323, 45.82414
1067.805, 45.15520
1068.287, 43.51603
1068.769, 42.48066
1069.251, 42.16943
1069.733, 41.94668
1070.215, 41.42703
1070.697, 40.79572
1071.179, 40.18093
1071.661, 39.56537
1072.144, 38.81419
1072.626, 37.87224
1073.108, 37.25191
1073.590, 37.17031
1074.072, 37.21708
1074.554, 36.99511
1075.036, 36.53373
1075.518, 35.77180
1076.001, 34.53927
1076.483, 33.82009
1076.965, 33.83451
1077.447, 34.04689
1077.929, 34.27684
1078.411, 34.45247
1078.893, 34.25212
1079.375, 33.80471
1079.858, 33.53446
1080.340, 33.77364
1080.822, 33.98702
1081.304, 34.07264
1081.786, 33.98298
1082.268, 33.55766
1082.750, 32.78674
1083.232, 32.44818
1083.714, 32.55437
1084.197, 32.78843
1084.679, 33.10167
1085.161, 33.29142
1085.643, 33.13641
1086.125, 32.72763
1086.607, 32.37559
1087.089, 32.09291
1087.571, 31.88523
1088.054, 31.78996
1088.536, 31.63095
1089.018, 30.93776
1089.500, 30.17790
1089.982, 30.15481
1090.464, 30.96308
1090.946, 31.57843
1091.428, 31.74656
1091.911, 31.77758
1092.393, 31.73312
1092.875, 31.64392
1093.357, 31.58981
1093.839, 31.55415
1094.321, 31.49638
1094.803, 31.43366
1095.285, 31.25437
1095.767, 30.66789
1096.250, 30.17150
1096.732, 30.15396
1097.214, 30.58163
1097.696, 30.70102
1098.178, 30.53332
1098.660, 30.50548
1099.142, 30.99195
1099.624, 31.51850
1100.106, 31.73409
1100.589, 31.74819
1101.071, 31.76400
1101.553, 31.91254
1102.035, 31.57005
1102.517, 30.61089
1102.999, 29.80102
1103.481, 30.06265
1103.963, 30.67544
1104.446, 30.55758
1104.928, 29.89908
1105.410, 29.62528
1105.892, 30.32114
1106.374, 30.75794
1106.856, 30.72071
1107.338, 30.47715
1107.820, 30.34791
1108.302, 30.30680
1108.785, 30.29976
1109.267, 30.32026
1109.749, 30.32065
1110.231, 30.21435
1110.713, 30.16632
1111.195, 30.25557
1111.677, 30.42997
1112.159, 30.54402
1112.641, 30.60829
1113.124, 30.69923
1113.606, 30.85604
1114.088, 30.96034
1114.570, 30.87196
1115.052, 30.74857
1115.534, 30.72591
1116.016, 30.79915
1116.498, 30.80032
1116.981, 30.72547
1117.463, 30.70912
1117.945, 30.87406
1118.427, 31.01998
1118.909, 30.93909
1119.391, 30.71506
1119.873, 30.45165
1120.355, 30.11781
1120.838, 29.87623
1121.320, 29.72481
1121.802, 29.67351
1122.284, 29.73258
1122.766, 29.89332
1123.248, 30.24862
1123.730, 30.69468
1124.212, 30.95660
1124.694, 30.79172
1125.177, 30.65990
1125.659, 30.56555
1126.141, 30.56610
1126.623, 30.88660
1127.105, 31.31309
1127.587, 31.15279
1128.069, 30.46424
1128.551, 29.94541
1129.033, 30.10489
1129.516, 30.22354
1129.998, 30.07421
1130.480, 29.80317
1130.962, 29.65252
1131.444, 29.60175
1131.926, 29.52302
1132.408, 29.39468
1132.890, 29.33178
1133.373, 29.50304
1133.855, 29.66059
1134.337, 29.58264
1134.819, 29.87544
1135.301, 29.62224
1135.783, 30.24446
1136.265, 30.67378
1136.747, 30.73175
1137.229, 30.67309
1137.712, 30.81447
1138.194, 30.86765
1138.676, 30.44541
1139.158, 29.55194
1139.640, 29.06832
1140.122, 29.02021
1140.604, 29.11335
1141.086, 29.29323
1141.569, 29.43950
1142.051, 29.35857
1142.533, 29.19069
1143.015, 29.11844
1143.497, 29.16574
1143.979, 29.36727
1144.461, 29.78609
1144.943, 30.10452
1145.426, 30.12182
1145.908, 29.92056
1146.390, 29.45357
1146.872, 28.89875
1147.354, 28.62388
1147.836, 28.78938
1148.318, 29.25805
1148.800, 30.21693
1149.282, 31.02428
1149.765, 30.98955
1150.247, 30.46268
1150.729, 30.19261
1151.211, 30.15034
1151.693, 30.13063
1152.175, 30.17184
1152.657, 30.04822
1153.139, 29.66859
1153.621, 29.21226
1154.104, 28.76879
1154.586, 28.43341
1155.068, 28.70987
1155.550, 29.55158
1156.032, 30.10166
1156.514, 29.66822
1156.996, 29.20334
1157.478, 28.98498
1157.961, 28.93945
1158.443, 28.92814
1158.925, 28.96781
1159.407, 29.19046
1159.889, 29.61786
1160.371, 30.03414
1160.853, 30.62162
1161.335, 30.79692
1161.818, 29.98286
1162.300, 28.66537
1162.782, 28.34381
1163.264, 28.93339
1163.746, 29.36249
1164.228, 29.37576
1164.710, 29.34232
1165.192, 29.77444
1165.674, 30.03664
1166.156, 29.43509
1166.639, 28.19539
1167.121, 27.81663
1167.603, 28.29652
1168.085, 28.82797
1168.567, 29.21310
1169.049, 29.40525
1169.531, 29.27747
1170.013, 28.99459
1170.496, 28.67895
1170.978, 28.33745
1171.460, 28.11518
1171.942, 28.00762
1172.424, 28.08798
1172.906, 28.50112
1173.388, 28.91724
1173.870, 29.02076
1174.353, 28.91598
1174.835, 28.68887
1175.317, 28.28866
1175.799, 28.21070
1176.281, 28.51913
1176.763, 28.61328
1177.245, 27.75821
1177.727, 26.94526
1178.209, 27.64504
1178.692, 29.05634
1179.174, 29.78830
1179.656, 29.41802
1180.138, 29.07228
1180.620, 28.73150
1181.102, 28.50045
1181.584, 28.57313
1182.066, 28.70679
1182.548, 28.43780
1183.031, 28.69233
1183.513, 28.02278
1183.995, 28.93412
1184.477, 29.45710
1184.959, 29.52339
1185.441, 29.27439
1185.923, 28.57081
1186.405, 27.80751
1186.888, 27.64288
1187.370, 27.91549
1187.852, 27.99847
1188.334, 27.51751
1188.816, 27.45682
1189.298, 28.03242
1189.780, 28.60697
1190.262, 28.37755
1190.745, 27.80564
1191.227, 27.50541
1191.709, 27.50954
1192.191, 27.81131
1192.673, 28.87627
1193.155, 29.22186
1193.637, 28.44612
1194.119, 27.46290
1194.601, 27.44253
1195.084, 27.89736
1195.566, 28.03263
1196.048, 27.82251
1196.530, 27.71420
1197.012, 27.78383
1197.494, 28.01782
1197.976, 28.51045
1198.458, 28.93547
1198.941, 28.78473
1199.423, 28.26770
1199.905, 27.59230
1200.387, 26.79964
1200.869, 26.53802
1201.351, 27.36223
1201.833, 27.78071
1202.315, 27.26737
1202.797, 26.52266
1203.280, 26.91840
1203.762, 27.78330
1204.244, 27.78510
1204.726, 26.66976
1205.208, 26.10210
1205.690, 26.56214
1206.172, 27.20139
1206.654, 27.90664
1207.136, 28.42023
1207.619, 28.01139
1208.101, 27.19919
1208.583, 26.96762
1209.065, 27.58892
1209.547, 27.95314
1210.029, 27.76196
1210.511, 27.62351
1210.993, 27.79168
1211.476, 28.07035
1211.958, 28.04267
1212.440, 27.88538
1212.922, 27.94028
1213.404, 28.32890
1213.886, 28.64162
1214.368, 28.83566
1214.850, 28.95433
1215.333, 29.02733
1215.815, 29.01864
1216.297, 28.71271
1216.779, 28.32534
1217.261, 28.33226
1217.743, 29.06316
1218.225, 29.16670
1218.707, 28.24594
1219.189, 27.51954
1219.672, 27.64844
1220.154, 28.18187
1220.636, 28.46664
1221.118, 28.49121
1221.600, 28.15120
1222.082, 27.13208
1222.564, 26.82124
1223.046, 27.60665
1223.528, 28.07196
1224.011, 27.14226
1224.493, 25.86663
1224.975, 26.24188
1225.457, 27.49943
1225.939, 28.32224
1226.421, 28.34262
1226.903, 27.94417
1227.385, 26.91971
1227.868, 26.25014
1228.350, 26.68976
1228.832, 27.56592
1229.314, 28.02104
1229.796, 28.11673
1230.278, 27.90421
1230.760, 27.17883
1231.242, 26.79626
1231.724, 26.82224
1232.207, 26.86529
1232.689, 26.64042
1233.171, 26.36179
1233.653, 26.19628
1234.135, 26.20871
1234.617, 26.56695
1235.099, 27.50392
1235.581, 28.04082
1236.063, 28.15187
1236.546, 28.01374
1237.028, 27.55358
1237.510, 27.08921
1237.992, 27.10043
1238.474, 27.27827
1238.956, 27.02741
1239.438, 26.05972
1239.920, 25.86907
1240.403, 26.50944
1240.885, 27.21421
1241.367, 27.61355
1241.849, 27.73823
1242.331, 27.43163
1242.813, 26.94411
1243.295, 26.63952
1243.777, 26.52468
1244.260, 26.65310
1244.742, 27.02611
1245.224, 27.30705
1245.706, 27.23588
1246.188, 27.05945
1246.670, 26.91614
1247.152, 26.78200
1247.634, 26.61833
1248.116, 26.41752
1248.599, 26.24328
1249.081, 26.10383
1249.563, 26.10404
1250.045, 26.41435
1250.527, 26.75737
1251.009, 27.06314
1251.491, 27.26607
1251.973, 27.25457
1252.455, 27.04211
1252.938, 26.99351
1253.420, 27.08723
1253.902, 27.12594
1254.384, 26.89503
1254.866, 26.72791
1255.348, 26.79316
1255.830, 26.92472
1256.313, 26.94730
1256.795, 26.90098
1257.277, 27.08157
1257.759, 27.44620
1258.241, 27.76060
1258.723, 28.28523
1259.205, 28.14553
1259.687, 26.76458
1260.169, 25.38302
1260.651, 25.20457
1261.134, 25.87564
1261.616, 26.34733
1262.098, 26.65524
1262.580, 26.98538
1263.062, 27.72677
1263.544, 27.91906
1264.026, 27.27983
1264.508, 26.58459
1264.991, 26.64499
1265.473, 27.01043
1265.955, 26.59884
1266.437, 25.77648
1266.919, 25.53295
1267.401, 26.55352
1267.883, 27.46044
1268.365, 28.31567
1268.848, 28.75083
1269.330, 28.05406
1269.812, 27.10647
1270.294, 27.21532
1270.776, 27.91067
1271.258, 28.11770
1271.740, 27.57889
1272.222, 27.08018
1272.704, 26.62078
1273.187, 26.32265
1273.669, 26.12101
1274.151, 26.64793
1274.633, 26.01213
1275.115, 26.36477
1275.597, 26.52718
1276.079, 26.49185
1276.561, 27.10679
1277.043, 27.14993
1277.526, 27.07862
1278.008, 27.14932
1278.490, 27.21143
1278.972, 27.26427
1279.454, 27.19107
1279.936, 26.74285
1280.418, 25.95727
1280.900, 25.92651
1281.383, 26.53842
1281.865, 27.06793
1282.347, 27.18632
1282.829, 27.11638
1283.311, 26.75632
1283.793, 26.44414
1284.275, 26.55947
1284.757, 26.21684
1285.240, 26.66796
1285.722, 25.98838
1286.204, 25.51308
1286.686, 25.62202
1287.168, 25.70062
1287.650, 25.65122
1288.132, 25.61675
1288.614, 25.71398
1289.096, 25.87936
1289.578, 25.97865
1290.061, 26.04576
1290.543, 26.15631
1291.025, 26.38584
1291.507, 26.51063
1291.989, 26.52113
1292.471, 26.46528
1292.953, 26.32626
1293.435, 26.19160
1293.918, 26.25148
1294.400, 26.34239
1294.882, 26.15042
1295.364, 25.59760
1295.846, 25.50785
1296.328, 25.89056
1296.810, 26.22311
1297.292, 26.23091
1297.775, 26.15416
1298.257, 26.14997
1298.739, 26.17342
1299.221, 26.17699
1299.703, 26.16468
1300.185, 26.19065
1300.667, 26.24734
1301.149, 26.27251
1301.631, 26.18078
1302.114, 26.20590
1302.596, 26.46150
##END=



