##NAMES=Stilbite-Ca
##RRUFFID=R050106
##IDEAL CHEMISTRY=NaCa_4_(Si_27_Al_9_)O_72_&#183;28H_2_O
##LOCALITY=Corea, Sonora, Mexico
##OWNER=RRUFF
##SOURCE=Fred Devito
##DESCRIPTION=White to colorless sheaflike aggregates of flattened single crystals
##STATUS=The identification of this mineral has been confirmed by X-ray diffraction and chemical analysis
##URL=rruff.info/R050106
##MEASURED CHEMISTRY=Na_1.42_Ca_4.28_(Si_26.02_Al_9.98_)O_72_·27.61H_2_O; trace amounts of K; H_2_O estimated by difference
187.630, 16060.000
189.008, 15853.000
190.387, 15874.000
191.765, 15917.000
193.143, 15826.000
194.520, 15966.000
195.898, 15699.000
197.275, 15796.000
198.652, 15808.000
200.029, 16005.000
201.405, 15945.000
202.782, 15986.000
204.158, 15843.000
205.534, 16010.000
206.909, 16254.000
208.285, 15961.000
209.660, 15949.000
211.035, 16025.000
212.410, 15872.000
213.784, 15909.000
215.159, 15950.000
216.533, 16022.000
217.907, 16180.000
219.281, 16118.000
220.654, 16257.000
222.027, 16332.000
223.400, 16535.000
224.773, 16535.000
226.146, 16725.000
227.518, 16596.000
228.891, 16716.000
230.263, 16812.000
231.634, 16826.000
233.006, 16966.000
234.377, 17010.000
235.748, 16919.000
237.119, 16992.000
238.490, 16774.000
239.860, 17039.000
241.231, 16841.000
242.601, 16901.000
243.970, 16939.000
245.340, 16921.000
246.709, 16850.000
248.079, 16844.924
249.448, 16823.000
250.816, 16736.000
252.185, 16730.000
253.553, 16624.000
254.921, 16713.000
256.289, 16754.000
257.657, 16729.000
259.024, 16661.000
260.391, 16761.000
261.758, 16857.000
263.125, 16610.000
264.492, 16810.000
265.858, 16814.000
267.224, 16857.000
268.590, 17058.000
269.956, 16827.000
271.321, 17137.000
272.687, 17284.000
274.052, 17389.000
275.416, 17333.000
276.781, 17628.000
278.146, 17597.000
279.510, 17512.000
280.874, 17767.000
282.237, 17728.000
283.601, 17899.000
284.964, 17895.867
286.327, 17667.000
287.690, 17831.000
289.053, 17770.000
290.416, 17676.000
291.778, 18042.000
293.140, 17699.000
294.502, 18078.000
295.863, 17926.000
297.225, 17892.000
298.586, 17731.000
299.947, 17697.000
301.308, 17873.000
302.668, 17758.000
304.029, 17776.000
305.389, 17976.000
306.749, 17930.000
308.108, 18027.000
309.468, 18076.000
310.827, 17859.000
312.186, 17898.000
313.545, 17941.000
314.903, 18075.000
316.262, 18038.000
317.620, 18114.000
318.978, 18152.000
320.336, 18199.000
321.693, 18172.000
323.051, 18169.000
324.408, 18179.740
325.765, 18093.000
327.121, 18160.000
328.478, 18100.000
329.834, 18044.000
331.190, 18211.000
332.546, 18282.000
333.902, 18142.000
335.257, 18346.000
336.612, 18188.000
337.967, 18300.000
339.322, 18331.000
340.677, 18214.000
342.031, 18435.000
343.385, 18182.000
344.739, 18340.000
346.093, 18287.000
347.446, 18279.000
348.799, 18446.000
350.153, 18438.000
351.505, 18478.000
352.858, 18556.000
354.210, 18499.000
355.563, 18604.000
356.915, 18771.000
358.267, 18796.000
359.618, 18851.000
360.969, 18896.000
362.321, 19131.000
363.672, 19177.000
365.022, 19339.000
366.373, 19462.000
367.723, 19492.000
369.073, 19799.000
370.423, 19808.000
371.773, 20062.000
373.122, 20172.000
374.471, 20318.000
375.821, 20897.000
377.169, 20834.000
378.518, 21354.000
379.866, 21329.000
381.215, 21515.000
382.563, 21977.000
383.910, 22136.000
385.258, 22483.000
386.605, 23018.000
387.952, 23354.482
389.299, 23597.000
390.646, 24362.000
391.992, 24882.000
393.339, 25546.000
394.685, 26272.000
396.031, 27018.000
397.376, 28193.000
398.722, 28686.000
400.067, 29788.000
401.412, 30288.000
402.757, 31406.000
404.101, 32551.000
405.446, 32795.000
406.790, 33002.000
408.134, 33287.000
409.478, 33524.000
410.821, 33238.000
412.165, 32633.000
413.508, 31692.000
414.851, 31572.000
416.193, 30718.000
417.536, 29672.000
418.878, 29200.000
420.220, 28648.000
421.562, 27835.000
422.904, 27579.533
424.245, 26752.000
425.586, 26867.000
426.927, 26180.000
428.268, 25730.000
429.609, 25063.000
430.949, 24851.000
432.289, 24605.000
433.629, 24558.000
434.969, 24226.000
436.309, 24202.000
437.648, 24013.000
438.987, 23846.635
440.326, 24011.000
441.665, 23674.000
443.003, 23774.000
444.342, 23950.000
445.680, 24094.000
447.018, 24017.000
448.355, 24088.000
449.693, 24202.000
451.030, 24444.000
452.367, 24463.000
453.704, 24889.000
455.041, 24498.000
456.377, 24960.000
457.713, 24860.000
459.049, 24798.000
460.385, 24667.000
461.721, 24379.000
463.056, 24280.000
464.391, 23808.000
465.726, 23371.000
467.061, 23392.000
468.395, 22825.000
469.730, 22570.000
471.064, 22528.000
472.398, 22104.000
473.731, 22235.000
475.065, 21875.000
476.398, 22019.000
477.731, 21974.000
479.064, 22279.000
480.397, 22341.000
481.729, 22621.000
483.062, 22665.000
484.394, 23084.000
485.725, 23516.000
487.057, 24049.000
488.389, 24785.000
489.720, 25570.000
491.051, 26040.000
492.382, 26946.000
493.712, 27494.000
495.043, 27946.000
496.373, 27922.000
497.703, 27613.000
499.032, 27217.000
500.362, 26526.000
501.691, 25564.000
503.020, 24780.000
504.349, 23775.000
505.678, 23212.000
507.007, 22784.000
508.335, 22208.000
509.663, 21881.000
510.991, 21613.000
512.319, 21539.000
513.646, 21150.000
514.973, 21159.000
516.300, 20869.000
517.627, 21048.000
518.954, 20918.000
520.280, 20678.000
521.607, 20667.000
522.933, 20547.506
524.259, 20644.000
525.584, 20471.000
526.910, 20480.000
528.235, 20524.000
529.560, 20648.000
530.885, 20552.000
532.209, 20349.000
533.534, 20388.000
534.858, 20421.000
536.182, 20526.000
537.506, 20589.000
538.829, 20548.000
540.152, 20552.000
541.476, 20353.000
542.799, 20660.000
544.121, 20480.000
545.444, 20558.000
546.766, 20733.000
548.088, 20520.000
549.410, 20745.000
550.732, 20544.000
552.053, 20832.000
553.375, 20831.000
554.696, 20645.000
556.017, 20791.000
557.337, 20795.000
558.658, 20851.000
559.978, 20835.000
561.298, 20753.000
562.618, 20955.000
563.938, 20845.000
565.257, 20930.000
566.576, 21070.000
567.895, 20955.000
569.214, 21142.000
570.533, 21256.000
571.851, 21082.000
573.170, 21098.000
574.488, 21372.000
575.805, 21221.000
577.123, 21377.000
578.440, 21283.000
579.758, 21360.000
581.075, 21534.000
582.391, 21406.000
583.708, 21662.000
585.024, 21664.000
586.341, 21526.000
587.657, 21699.000
588.972, 21918.000
590.288, 22032.000
591.603, 21885.000
592.918, 21824.000
594.233, 21939.000
595.548, 22002.000
596.863, 22233.000
598.177, 22181.000
599.491, 22302.000
600.805, 22226.000
602.119, 22404.000
603.432, 22480.000
604.746, 22631.000
606.059, 22595.000
607.372, 22681.000
608.685, 22634.000
609.997, 22681.074
611.309, 22681.000
612.621, 22840.000
613.933, 22685.000
615.245, 22945.000
616.557, 22869.000
617.868, 22971.000
619.179, 22825.000
620.490, 22956.000
621.801, 22799.000
623.111, 23192.000
624.421, 22863.000
625.731, 23124.000
627.041, 22688.000
628.351, 23080.000
629.660, 22830.000
630.970, 22730.000
632.279, 23193.000
633.588, 22964.000
634.896, 23004.000
636.205, 22969.000
637.513, 23160.000
638.821, 22820.000
640.129, 23051.000
641.437, 23040.000
642.744, 23020.000
644.051, 22807.000
645.358, 22978.000
646.665, 23028.000
647.972, 23123.000
649.278, 22969.000
650.584, 23003.000
651.890, 22912.000
653.196, 23275.000
654.502, 22929.000
655.807, 23089.000
657.113, 22904.000
658.418, 23058.000
659.722, 23272.000
661.027, 23076.000
662.331, 23150.000
663.636, 23056.000
664.940, 23338.000
666.244, 22946.000
667.547, 23408.000
668.851, 23064.000
670.154, 23136.000
671.457, 23040.000
672.760, 23145.000
674.062, 23249.000
675.365, 23189.000
676.667, 23280.000
677.969, 23371.000
679.271, 23397.000
680.572, 23495.104
681.874, 23508.705
683.175, 23575.000
684.476, 23566.000
685.777, 23449.000
687.077, 23516.000
688.378, 23282.000
689.678, 23638.000
690.978, 23620.000
692.278, 23929.000
693.577, 23181.000
694.877, 23802.000
696.176, 23433.000
697.475, 23740.000
698.774, 23592.000
700.072, 23816.000
701.371, 23744.000
702.669, 23808.000
703.967, 23608.000
705.265, 24005.000
706.562, 24140.000
707.860, 24067.000
709.157, 23738.000
710.454, 24070.000
711.751, 23842.000
713.047, 24172.000
714.344, 23970.000
715.640, 24161.000
716.936, 23870.000
718.232, 24267.000
719.527, 24393.000
720.823, 24295.000
722.118, 24328.000
723.413, 24356.000
724.708, 24330.000
726.002, 24342.000
727.297, 24601.000
728.591, 24368.000
729.885, 24494.000
731.179, 24638.000
732.472, 24529.000
733.766, 24411.000
735.059, 24616.000
736.352, 24596.000
737.645, 24744.000
738.937, 24694.000
740.230, 24827.000
741.522, 24710.000
742.814, 24878.000
744.106, 24960.000
745.397, 24905.000
746.689, 24858.000
747.980, 24872.000
749.271, 25042.000
750.562, 25012.000
751.853, 25131.000
753.143, 24786.000
754.433, 25017.000
755.723, 25114.000
757.013, 24898.000
758.303, 25316.000
759.592, 24980.000
760.881, 25280.000
762.170, 25180.000
763.459, 25395.000
764.748, 25480.000
766.036, 25096.000
767.325, 25518.000
768.613, 25389.000
769.901, 25654.000
771.188, 25718.000
772.476, 25435.000
773.763, 25828.000
775.050, 25637.000
776.337, 25895.000
777.624, 25722.000
778.910, 25913.000
780.196, 26088.000
781.482, 26155.000
782.768, 26068.000
784.054, 26022.000
785.339, 26107.000
786.625, 26187.000
787.910, 26115.000
789.195, 26340.000
790.479, 26200.000
791.764, 26171.000
793.048, 26389.000
794.332, 26272.000
795.616, 26296.000
796.900, 26330.000
798.183, 26344.000
799.467, 26136.000
800.750, 26370.000
802.033, 26344.000
803.316, 26118.000
804.598, 26655.000
805.880, 25878.000
807.163, 26602.000
808.445, 26215.000
809.726, 26216.000
811.008, 26187.000
812.289, 26293.000
813.570, 26323.000
814.851, 26369.000
816.132, 26612.000
817.413, 26245.000
818.693, 26246.000
819.973, 26611.000
821.253, 26354.000
822.533, 26486.000
823.813, 26547.000
825.092, 26563.000
826.371, 26516.000
827.650, 26609.000
828.929, 26558.000
830.208, 26776.000
831.486, 26684.000
832.764, 26528.000
834.042, 26644.000
835.320, 26766.000
836.598, 26749.000
837.875, 26818.000
839.152, 26780.000
840.429, 26911.000
841.706, 27073.000
842.983, 26809.000
844.259, 26806.000
845.536, 27593.000
846.812, 27462.000
848.088, 27421.000
849.363, 26863.000
850.639, 27197.000
851.914, 27277.000
853.189, 27089.000
854.464, 27112.000
855.739, 27403.000
857.013, 27597.000
858.288, 27158.000
859.562, 27410.000
860.836, 27425.000
862.110, 27602.000
863.383, 27615.938
864.656, 27693.000
865.930, 27621.000
867.203, 27546.000
868.475, 27576.000
869.748, 27550.000
871.020, 27746.000
872.292, 27700.000
873.564, 27794.000
874.836, 27817.000
876.108, 27784.000
877.379, 27744.000
878.650, 27800.225
879.922, 27955.000
881.192, 27928.000
882.463, 27993.000
883.733, 28134.000
885.004, 28073.000
886.274, 28153.000
887.544, 28308.000
888.813, 28304.000
890.083, 28354.957
891.352, 28260.000
892.621, 28366.000
893.890, 28402.000
895.159, 28417.000
896.427, 28452.000
897.695, 28479.531
898.964, 28605.000
900.232, 28520.000
901.499, 28496.000
902.767, 28472.000
904.034, 28618.000
905.301, 28624.000
906.568, 28602.000
907.835, 28779.000
909.102, 28795.000
910.368, 28718.000
911.634, 28857.000
912.900, 29137.000
914.166, 28956.000
915.432, 29272.000
916.697, 29003.000
917.962, 28873.000
919.227, 29243.000
920.492, 29132.000
921.757, 29260.000
923.021, 29137.000
924.285, 29389.000
925.550, 29521.000
926.813, 29176.000
928.077, 29340.000
929.341, 29358.000
930.604, 29313.000
931.867, 29633.000
933.130, 29513.000
934.393, 29579.000
935.655, 29726.000
936.918, 29495.000
938.180, 29942.000
939.442, 29578.000
940.703, 29665.000
941.965, 29787.000
943.226, 29832.000
944.488, 29910.914
945.749, 29889.000
947.009, 29977.000
948.270, 29950.000
949.530, 29875.000
950.791, 30006.000
952.051, 30018.000
953.311, 30040.000
954.570, 30117.248
955.830, 30068.000
957.089, 30238.000
958.348, 30183.000
959.607, 30281.000
960.866, 30395.000
962.124, 30356.000
963.383, 30205.000
964.641, 30497.000
965.899, 30320.000
967.156, 30520.000
968.414, 30640.000
969.671, 30636.000
970.928, 30784.000
972.185, 30632.000
973.442, 30761.000
974.699, 30691.000
975.955, 30679.109
977.211, 30864.000
978.468, 30721.000
979.723, 31005.000
980.979, 31182.000
982.234, 31091.000
983.490, 31457.000
984.745, 31006.000
986.000, 31626.000
987.254, 31624.000
988.509, 31320.000
989.763, 31712.000
991.017, 31365.000
992.271, 31536.000
993.525, 31644.000
994.779, 31601.000
996.032, 31710.000
997.285, 31808.000
998.538, 32010.000
999.791, 31462.000
1001.044, 32114.000
1002.296, 31751.000
1003.548, 32174.000
1004.800, 32052.000
1006.052, 32138.000
1007.304, 32120.000
1008.555, 31970.000
1009.807, 32345.000
1011.058, 32414.000
1012.309, 32238.000
1013.559, 32458.000
1014.810, 32425.000
1016.060, 32313.000
1017.310, 32632.000
1018.560, 32723.000
1019.810, 32395.000
1021.060, 32638.000
1022.309, 32998.000
1023.558, 32538.000
1024.807, 32745.000
1026.056, 32629.000
1027.305, 32932.000
1028.553, 32934.000
1029.801, 33196.000
1031.049, 33122.000
1032.297, 32917.000
1033.545, 32912.000
1034.793, 32899.605
1036.040, 33160.000
1037.287, 33078.000
1038.534, 33097.000
1039.781, 33385.000
1041.027, 33355.625
1042.274, 33435.324
1043.520, 33452.000
1044.766, 33560.000
1046.012, 33397.000
1047.257, 33601.000
1048.503, 33527.000
1049.748, 33786.000
1050.993, 33596.000
1052.238, 33883.000
1053.483, 33818.000
1054.727, 33637.000
1055.971, 33598.000
1057.216, 33651.438
1058.459, 33832.000
1059.703, 33840.000
1060.947, 33952.000
1062.190, 34036.000
1063.433, 33985.000
1064.676, 34075.000
1065.919, 34080.000
1067.162, 33901.000
1068.404, 34369.000
1069.646, 34012.000
1070.888, 34380.000
1072.130, 34510.000
1073.372, 34273.000
1074.613, 34526.000
1075.855, 34682.000
1077.096, 34682.000
1078.337, 34560.000
1079.578, 35029.000
1080.818, 34866.000
1082.059, 35138.000
1083.299, 35072.000
1084.539, 35386.000
1085.779, 35286.000
1087.018, 35464.000
1088.258, 35470.000
1089.497, 35432.000
1090.736, 35458.000
1091.975, 35449.000
1093.213, 35352.000
1094.452, 35563.000
1095.690, 35777.000
1096.928, 35623.000
1098.166, 35712.000
1099.404, 35758.000
1100.642, 35864.000
1101.879, 35899.000
1103.116, 36032.000
1104.353, 35966.000
1105.590, 36028.000
1106.827, 35906.000
1108.063, 36291.000
1109.299, 36126.000
1110.536, 36238.000
1111.771, 36118.000
1113.007, 36176.000
1114.243, 36436.000
1115.478, 36416.000
1116.713, 36390.000
1117.948, 36267.000
1119.183, 36560.000
1120.418, 36354.348
1121.652, 36638.172
1122.886, 36803.180
1124.120, 36855.750
1125.354, 36459.141
1126.588, 36642.555
1127.821, 36593.512
1129.055, 36534.949
1130.288, 36672.000
1131.521, 36608.000
1132.753, 36651.000
1133.986, 36384.000
1135.218, 36450.000
1136.450, 36902.000
1137.682, 36473.000
1138.914, 36858.000
1140.146, 36650.000
1141.377, 36615.000
1142.609, 36603.000
1143.840, 36404.000
1145.071, 36865.000
1146.301, 36924.000
1147.532, 36878.000
1148.762, 36841.000
1149.992, 36686.000
1151.222, 36784.000
1152.452, 36697.000
1153.682, 36981.000
1154.911, 36734.000
1156.140, 37132.000
1157.369, 36749.000
1158.598, 36656.000
1159.827, 36782.000
1161.055, 36830.000
1162.284, 36606.000
1163.512, 36777.000
1164.740, 36596.000
1165.967, 36747.000
1167.195, 36480.000
1168.422, 36793.000
1169.650, 36784.000
1170.877, 36675.703
1172.103, 36595.000
1173.330, 36636.000
1174.557, 36576.000
1175.783, 36848.000
1177.009, 36857.000
1178.235, 36442.000
1179.461, 36661.000
1180.686, 36518.000
1181.912, 36744.000
1183.137, 37025.000
1184.362, 36824.000
1185.587, 36625.000
1186.811, 36736.000
1188.036, 36950.000
1189.260, 36908.000
1190.484, 36741.000
1191.708, 36992.000
1192.932, 36897.000
1194.155, 36920.000
1195.378, 36898.000
1196.602, 36950.000
1197.825, 37104.000
1199.047, 36892.000
1200.270, 37148.000
1201.492, 36886.000
1202.715, 37470.000
1203.937, 36787.000
1205.159, 37317.000
1206.380, 37342.000
1207.602, 37416.000
1208.823, 37126.000
1210.044, 37214.000
1211.265, 37297.000
1212.486, 37505.000
1213.707, 37429.000
1214.927, 37408.000
1216.147, 37648.000
1217.367, 37499.000
1218.587, 37616.000
1219.807, 37653.000
1221.027, 37592.000
1222.246, 37770.000
1223.465, 37432.000
1224.684, 37780.000
1225.903, 38104.000
1227.121, 37739.000
1228.340, 37871.000
1229.558, 38007.000
1230.776, 38216.000
1231.994, 38238.000
1233.212, 37849.000
1234.429, 38248.000
1235.646, 38134.000
1236.864, 37994.000
1238.081, 38529.000
1239.297, 38252.000
1240.514, 38424.000
1241.730, 38531.000
1242.947, 38531.000
1244.163, 38553.000
1245.378, 38394.000
1246.594, 38717.000
1247.810, 38789.000
1249.025, 38317.000
1250.240, 38849.000
1251.455, 38658.000
1252.670, 38736.000
1253.885, 38881.000
1255.099, 38880.000
1256.313, 38904.000
1257.527, 38630.000
1258.741, 39099.000
1259.955, 39143.000
1261.168, 38656.000
1262.382, 39159.000
1263.595, 39173.000
1264.808, 39268.000
1266.021, 39157.000
1267.233, 39329.000
1268.446, 39067.000
1269.658, 39546.000
1270.870, 39068.000
1272.082, 39262.000
1273.294, 39368.000
1274.505, 39379.000
1275.716, 39433.000
1276.928, 39537.000
1278.139, 39360.000
1279.349, 39770.000
1280.560, 39712.000
1281.770, 39812.000
1282.981, 39704.000
1284.191, 39693.000
1285.401, 39939.000
1286.610, 39944.000
1287.820, 39765.000
1289.029, 40145.000
1290.239, 39848.000
1291.448, 40138.000
1292.656, 40197.000
1293.865, 40112.000
1295.073, 40352.000
1296.282, 40208.000
1297.490, 40009.000
1298.698, 40336.000
1299.906, 40488.000
1301.113, 40449.000
1302.320, 40496.000
1303.528, 40390.000
1304.735, 40496.000
1305.942, 40476.000
1307.148, 40653.000
1308.355, 40731.000
1309.561, 40753.000
1310.767, 40988.000
1311.973, 40864.000
1313.179, 41018.000
1314.384, 41070.391
1315.590, 41061.000
1316.795, 41098.000
1318.000, 41145.000
1319.205, 40969.000
1320.410, 41320.000
1321.614, 41261.000
1322.819, 40987.000
1324.023, 41395.000
1325.227, 41318.000
1326.431, 41536.000
1327.634, 41532.000
1328.838, 41487.000
1330.041, 41412.000
1331.244, 41520.133
1332.447, 41888.000
1333.650, 41742.000
1334.852, 41856.000
1336.055, 42003.000
1337.257, 41909.000
1338.459, 42112.000
1339.661, 41893.000
1340.862, 42005.930
1342.064, 42161.000
1343.265, 42146.000
1344.466, 42297.000
1345.667, 42486.000
1346.868, 42484.000
1348.068, 42808.000
1349.269, 42664.000
1350.469, 42681.000
1351.669, 42969.000
1352.869, 42740.000
1354.069, 42883.000
1355.268, 43185.000
1356.468, 42816.000
1357.667, 43304.000
1358.866, 43209.000
1360.065, 43221.000
1361.263, 43332.000
1362.462, 43243.000
1363.660, 43316.000
1364.858, 43405.113
1366.056, 43606.000
1367.254, 43605.000
1368.451, 43750.000
1369.649, 43832.000
1370.846, 43568.000
1372.043, 43945.000
1373.240, 43918.000
1374.436, 43840.000
1375.633, 44024.000
1376.829, 44008.000
1378.025, 44004.000
1379.221, 44150.000
1380.417, 44184.000
1381.613, 44344.000
1382.808, 44284.000
1384.003, 44337.000
1385.199, 44785.000
1386.393, 44528.000
1387.588, 44436.000
1388.783, 44960.000
1389.977, 44899.000
1391.171, 44908.000
1392.365, 44908.000
1393.559, 44736.000
1394.753, 45009.000
1395.946, 44889.000
1397.140, 45140.000
1398.333, 45360.000
1399.526, 45354.000
1400.719, 45501.133
1401.911, 45496.000
1403.104, 45565.000
1404.296, 45472.000
1405.488, 45441.000
1406.680, 45722.000
1407.872, 45410.000
1409.063, 45690.000
1410.255, 45915.000
1411.446, 45529.000
1412.637, 45901.000
1413.828, 45832.000
1415.018, 45884.000
1416.209, 46200.000
1417.399, 46204.000
1418.589, 46304.543
1419.779, 46481.000
1420.969, 46332.000
1422.159, 46480.000
1423.348, 46365.000
1424.537, 46504.000
1425.726, 46485.000
1426.915, 46632.000
1428.104, 46583.000
1429.293, 46810.000
1430.481, 46827.520
1431.669, 46702.000
1432.857, 46897.000
1434.045, 47032.000
1435.233, 46953.000
1436.420, 47236.000
1437.608, 47470.000
1438.795, 47101.000
1439.982, 47280.000
1441.169, 47433.000
1442.355, 47817.000
1443.542, 47505.000
1444.728, 47680.000
1445.914, 47641.000
1447.100, 47929.000
1448.286, 47901.000
1449.472, 47963.000
1450.657, 47762.000
1451.842, 48288.000
1453.027, 48180.000
1454.212, 48184.000
1455.397, 48480.000
1456.581, 48130.000
1457.766, 48601.000
1458.950, 48586.000
1460.134, 48416.000
1461.318, 48748.000
1462.501, 48376.000
1463.685, 48571.000
##END=



