##NAMES=Suolunite
##RRUFFID=R060917
##IDEAL CHEMISTRY=Ca_2_Si_2_O_5_(OH)_2_&#183;H_2_O
##LOCALITY=Lac d'Amiante mine, Black Lake, Quebec, Canada
##OWNER=RRUFF
##SOURCE=Royal Ontario Museum
##DESCRIPTION=Large white to pale lavender fragment
##STATUS=The identification of this mineral has been confirmed by X-ray diffraction and chemical analysis
##URL=rruff.info/R060917
##MEASURED CHEMISTRY=Ca_2.00_Si_2.00_O_5_(OH)_2_·1.8H_2_O; H_2_O estimated by difference
137.4373, 678.1130
137.9194, 688.4803
138.4015, 697.2746
138.8836, 709.0192
139.3657, 729.0351
139.8479, 760.3505
140.3300, 802.3957
140.8121, 853.6880
141.2942, 912.0164
141.7763, 982.9921
142.2584, 1065.020
142.7406, 1160.912
143.2227, 1276.060
143.7048, 1415.585
144.1869, 1577.369
144.6690, 1741.435
145.1511, 1897.412
145.6333, 2065.191
146.1154, 2250.335
146.5975, 2451.889
147.0796, 2668.284
147.5617, 2897.705
148.0438, 3140.564
148.5260, 3392.006
149.0081, 3643.166
149.4902, 3911.309
149.9723, 4208.225
150.4544, 4528.981
150.9365, 4859.548
151.4187, 5189.005
151.9008, 5520.573
152.3829, 5830.992
152.8650, 6151.721
153.3471, 6430.997
153.8292, 6653.360
154.3114, 6814.457
154.7935, 6907.044
155.2756, 6926.970
155.7577, 6868.155
156.2398, 6710.762
156.7219, 6422.988
157.2041, 6073.346
157.6862, 5684.064
158.1683, 5264.479
158.6504, 4842.902
159.1325, 4440.042
159.6146, 4056.451
160.0968, 3713.601
160.5789, 3421.428
161.0610, 3163.460
161.5431, 2927.206
162.0252, 2711.755
162.5073, 2526.249
162.9895, 2384.943
163.4716, 2294.036
163.9537, 2202.890
164.4358, 2095.351
164.9179, 1995.319
165.4000, 1924.518
165.8822, 1885.926
166.3643, 1868.220
166.8464, 1865.092
167.3285, 1877.269
167.8106, 1888.809
168.2927, 1892.316
168.7749, 1897.559
169.2570, 1915.668
169.7391, 1948.498
170.2212, 1988.157
170.7033, 2028.559
171.1854, 2069.663
171.6676, 2110.746
172.1497, 2144.524
172.6318, 2181.281
173.1139, 2234.378
173.5960, 2306.861
174.0781, 2388.159
174.5603, 2465.012
175.0424, 2538.641
175.5245, 2627.602
176.0066, 2731.765
176.4887, 2855.152
176.9708, 3007.195
177.4530, 3193.244
177.9351, 3391.189
178.4172, 3583.272
178.8993, 3771.456
179.3814, 3951.141
179.8635, 4147.996
180.3457, 4326.823
180.8278, 4441.425
181.3099, 4486.739
181.7920, 4463.120
182.2741, 4346.719
182.7562, 4153.790
183.2384, 3926.888
183.7205, 3656.662
184.2026, 3366.236
184.6847, 3083.819
185.1668, 2810.556
185.6489, 2560.172
186.1311, 2349.046
186.6132, 2171.382
187.0953, 2023.483
187.5774, 1911.767
188.0595, 1827.037
188.5416, 1757.220
189.0238, 1702.933
189.5059, 1656.789
189.9880, 1613.188
190.4701, 1572.012
190.9522, 1535.121
191.4343, 1507.651
191.9165, 1483.475
192.3986, 1451.849
192.8807, 1410.618
193.3628, 1365.756
193.8449, 1323.513
194.3270, 1282.109
194.8092, 1235.350
195.2913, 1172.750
195.7734, 1105.703
196.2555, 1054.495
196.7376, 1022.689
197.2197, 998.0299
197.7019, 970.7148
198.1840, 942.4700
198.6661, 919.5930
199.1482, 905.4902
199.6303, 897.2700
200.1124, 890.6296
200.5946, 885.2167
201.0767, 881.9116
201.5588, 881.6599
202.0409, 884.0156
202.5230, 888.9242
203.0051, 899.2125
203.4873, 910.9341
203.9694, 918.2247
204.4515, 920.3716
204.9336, 920.4006
205.4157, 916.8031
205.8978, 912.5324
206.3800, 914.8882
206.8621, 928.0178
207.3442, 947.7555
207.8263, 968.1597
208.3084, 988.6461
208.7905, 1013.231
209.2727, 1046.126
209.7548, 1085.015
210.2369, 1125.702
210.7190, 1168.737
211.2011, 1212.140
211.6832, 1256.597
212.1654, 1303.033
212.6475, 1339.183
213.1296, 1355.715
213.6117, 1356.145
214.0938, 1347.530
214.5760, 1330.676
215.0581, 1305.298
215.5402, 1264.266
216.0223, 1207.004
216.5044, 1159.861
216.9865, 1140.095
217.4687, 1139.934
217.9508, 1141.309
218.4329, 1139.102
218.9150, 1142.131
219.3971, 1160.937
219.8792, 1194.802
220.3614, 1228.024
220.8435, 1251.715
221.3256, 1270.687
221.8077, 1294.606
222.2898, 1322.809
222.7719, 1357.717
223.2541, 1402.501
223.7362, 1456.322
224.2183, 1513.813
224.7004, 1574.574
225.1825, 1636.078
225.6646, 1692.272
226.1468, 1741.227
226.6289, 1789.600
227.1110, 1839.027
227.5931, 1890.461
228.0752, 1948.596
228.5573, 2018.086
229.0395, 2091.227
229.5216, 2153.536
230.0037, 2202.810
230.4858, 2249.692
230.9679, 2300.281
231.4500, 2351.844
231.9322, 2399.410
232.4143, 2443.865
232.8964, 2478.688
233.3785, 2491.797
233.8606, 2483.275
234.3427, 2464.289
234.8249, 2437.751
235.3070, 2403.112
235.7891, 2360.575
236.2712, 2310.458
236.7533, 2249.835
237.2354, 2170.588
237.7176, 2070.357
238.1997, 1973.434
238.6818, 1883.954
239.1639, 1799.757
239.6460, 1716.985
240.1281, 1634.392
240.6103, 1556.330
241.0924, 1488.401
241.5745, 1431.463
242.0566, 1377.215
242.5387, 1323.460
243.0208, 1273.141
243.5030, 1229.099
243.9851, 1191.633
244.4672, 1158.668
244.9493, 1128.306
245.4314, 1100.840
245.9135, 1079.558
246.3957, 1069.155
246.8778, 1060.943
247.3599, 1048.781
247.8420, 1033.068
248.3241, 1018.317
248.8062, 1007.461
249.2884, 1000.680
249.7705, 998.2019
250.2526, 1003.496
250.7347, 1008.972
251.2168, 1009.448
251.6989, 1007.123
252.1811, 1008.661
252.6632, 1018.902
253.1453, 1035.986
253.6274, 1047.010
254.1095, 1042.219
254.5916, 1043.126
255.0738, 1059.839
255.5559, 1084.909
256.0380, 1105.934
256.5201, 1116.750
257.0022, 1120.442
257.4843, 1126.629
257.9665, 1136.595
258.4486, 1147.708
258.9307, 1159.577
259.4128, 1172.637
259.8949, 1189.154
260.3770, 1209.723
260.8592, 1229.668
261.3413, 1239.468
261.8234, 1225.353
262.3055, 1223.123
262.7876, 1236.678
263.2697, 1258.269
263.7519, 1283.143
264.2340, 1309.758
264.7161, 1338.009
265.1982, 1367.243
265.6803, 1396.547
266.1624, 1430.247
266.6446, 1470.647
267.1267, 1512.907
267.6088, 1552.108
268.0909, 1589.946
268.5730, 1633.282
269.0551, 1690.087
269.5373, 1761.773
270.0194, 1830.247
270.5015, 1891.014
270.9836, 1952.664
271.4657, 2020.177
271.9478, 2090.905
272.4300, 2158.230
272.9121, 2217.715
273.3942, 2270.057
273.8763, 2322.268
274.3584, 2376.315
274.8405, 2426.436
275.3227, 2471.134
275.8048, 2510.937
276.2869, 2546.780
276.7690, 2578.317
277.2511, 2606.783
277.7332, 2636.100
278.2154, 2669.360
278.6975, 2694.633
279.1796, 2710.698
279.6617, 2716.192
280.1438, 2708.182
280.6259, 2685.217
281.1081, 2651.958
281.5902, 2609.181
282.0723, 2555.211
282.5544, 2510.555
283.0365, 2483.222
283.5186, 2466.037
284.0008, 2453.860
284.4829, 2446.469
284.9650, 2440.441
285.4471, 2434.397
285.9292, 2427.983
286.4113, 2419.514
286.8935, 2409.111
287.3756, 2395.763
287.8577, 2376.183
288.3398, 2351.482
288.8219, 2331.010
289.3040, 2323.962
289.7862, 2321.979
290.2683, 2310.274
290.7504, 2286.484
291.2325, 2258.388
291.7146, 2230.732
292.1967, 2203.753
292.6789, 2178.331
293.1610, 2155.810
293.6431, 2134.261
294.1252, 2113.829
294.6073, 2093.923
295.0894, 2068.788
295.5716, 2031.336
296.0537, 1986.695
296.5358, 1958.444
297.0179, 1953.146
297.5000, 1955.122
297.9821, 1959.227
298.4643, 1966.026
298.9464, 1977.200
299.4285, 1993.680
299.9106, 2013.951
300.3927, 2034.610
300.8748, 2049.694
301.3570, 2074.574
301.8391, 2107.339
302.3212, 2152.207
302.8033, 2215.460
303.2854, 2298.550
303.7675, 2394.268
304.2497, 2492.667
304.7318, 2587.151
305.2139, 2706.052
305.6960, 2850.631
306.1781, 3015.116
306.6602, 3198.606
307.1424, 3399.049
307.6245, 3613.400
308.1066, 3837.232
308.5887, 4070.108
309.0708, 4332.585
309.5529, 4633.752
310.0351, 4956.886
310.5172, 5301.592
310.9993, 5664.405
311.4814, 6040.960
311.9635, 6428.104
312.4456, 6824.671
312.9278, 7236.827
313.4099, 7692.605
313.8920, 8105.312
314.3741, 8481.882
314.8562, 8800.682
315.3383, 9052.498
315.8205, 9235.521
316.3026, 9319.174
316.7847, 9254.354
317.2668, 9031.167
317.7489, 8733.507
318.2310, 8323.266
318.7132, 7882.123
319.1953, 7448.477
319.6774, 7030.040
320.1595, 6641.526
320.6416, 6289.012
321.1237, 5974.377
321.6059, 5712.696
322.0880, 5507.628
322.5701, 5346.262
323.0522, 5214.506
323.5343, 5114.989
324.0164, 5066.403
324.4986, 5091.035
324.9807, 5158.885
325.4628, 5235.665
325.9449, 5321.289
326.4270, 5432.517
326.9091, 5577.120
327.3913, 5757.766
327.8734, 5969.039
328.3555, 6218.013
328.8376, 6485.880
329.3197, 6759.513
329.8018, 7045.143
330.2840, 7367.131
330.7661, 7737.750
331.2482, 8129.800
331.7303, 8500.761
332.2124, 8856.161
332.6945, 9176.549
333.1767, 9448.253
333.6588, 9691.950
334.1409, 9942.149
334.6230, 10195.54
335.1051, 10404.57
335.5872, 10523.34
336.0694, 10545.74
336.5515, 10513.67
337.0336, 10429.71
337.5157, 10298.02
337.9979, 10112.86
338.4800, 9880.419
338.9621, 9607.625
339.4442, 9296.194
339.9263, 8952.818
340.4084, 8607.030
340.8906, 8250.820
341.3727, 7900.648
341.8548, 7551.200
342.3369, 7212.176
342.8190, 6893.721
343.3011, 6598.039
343.7833, 6318.369
344.2654, 6042.197
344.7475, 5767.026
345.2296, 5511.960
345.7117, 5283.186
346.1938, 5072.036
346.6760, 4877.723
347.1581, 4697.434
347.6402, 4523.010
348.1223, 4343.411
348.6044, 4165.604
349.0865, 4010.265
349.5687, 3881.976
350.0508, 3761.042
350.5329, 3633.582
351.0150, 3504.217
351.4971, 3384.284
351.9792, 3277.859
352.4614, 3180.012
352.9435, 3089.450
353.4256, 3005.280
353.9077, 2921.723
354.3898, 2836.697
354.8719, 2751.954
355.3541, 2671.282
355.8362, 2593.962
356.3183, 2521.858
356.8004, 2457.337
357.2825, 2397.853
357.7646, 2341.129
358.2468, 2286.437
358.7289, 2234.376
359.2110, 2184.415
359.6931, 2135.455
360.1752, 2098.045
360.6573, 2078.214
361.1395, 2062.219
361.6216, 2046.286
362.1037, 2029.246
362.5858, 2008.181
363.0679, 1980.118
363.5500, 1950.009
364.0322, 1938.250
364.5143, 1958.780
364.9964, 1976.637
365.4785, 1980.333
365.9606, 1983.284
366.4427, 1997.325
366.9249, 2025.428
367.4070, 2062.501
367.8891, 2104.853
368.3712, 2153.287
368.8533, 2197.285
369.3354, 2234.646
369.8176, 2268.746
370.2997, 2300.136
370.7818, 2329.867
371.2639, 2360.889
371.7460, 2402.915
372.2281, 2444.196
372.7103, 2462.813
373.1924, 2456.980
373.6745, 2440.530
374.1566, 2420.957
374.6387, 2394.693
375.1208, 2355.247
375.6030, 2297.198
376.0851, 2234.884
376.5672, 2175.694
377.0493, 2117.566
377.5314, 2054.910
378.0135, 1985.474
378.4957, 1914.699
378.9778, 1849.653
379.4599, 1791.395
379.9420, 1738.015
380.4241, 1694.245
380.9063, 1651.531
381.3884, 1602.980
381.8705, 1549.824
382.3526, 1497.435
382.8347, 1449.506
383.3168, 1406.232
383.7990, 1371.001
384.2811, 1352.517
384.7632, 1331.902
385.2453, 1303.145
385.7274, 1272.570
386.2095, 1247.585
386.6917, 1230.513
387.1738, 1217.354
387.6559, 1202.568
388.1380, 1185.529
388.6201, 1170.170
389.1022, 1158.058
389.5844, 1146.613
390.0665, 1132.594
390.5486, 1117.409
391.0307, 1106.655
391.5128, 1105.190
391.9949, 1109.629
392.4771, 1112.540
392.9592, 1113.260
393.4413, 1116.891
393.9234, 1127.492
394.4055, 1142.456
394.8876, 1155.820
395.3698, 1165.917
395.8519, 1177.146
396.3340, 1190.781
396.8161, 1207.189
397.2982, 1227.904
397.7803, 1253.588
398.2625, 1280.830
398.7446, 1304.723
399.2267, 1322.642
399.7088, 1349.084
400.1909, 1385.621
400.6730, 1428.801
401.1552, 1479.364
401.6373, 1535.089
402.1194, 1591.089
402.6015, 1643.328
403.0836, 1695.066
403.5657, 1758.524
404.0479, 1839.689
404.5300, 1924.984
405.0121, 2011.350
405.4942, 2101.812
405.9763, 2200.077
406.4584, 2307.105
406.9406, 2417.057
407.4227, 2525.965
407.9048, 2633.727
408.3869, 2735.350
408.8690, 2824.798
409.3511, 2917.323
409.8333, 3031.608
410.3154, 3154.829
410.7975, 3259.199
411.2796, 3339.220
411.7617, 3393.166
412.2438, 3414.696
412.7260, 3405.871
413.2081, 3381.982
413.6902, 3346.930
414.1723, 3302.644
414.6544, 3251.596
415.1365, 3193.663
415.6187, 3131.518
416.1008, 3061.539
416.5829, 2989.933
417.0650, 2918.498
417.5471, 2849.265
418.0292, 2789.701
418.5114, 2745.543
418.9935, 2716.691
419.4756, 2701.101
419.9577, 2704.551
420.4398, 2715.202
420.9219, 2731.498
421.4041, 2753.904
421.8862, 2784.175
422.3683, 2822.823
422.8504, 2865.995
423.3325, 2911.523
423.8146, 2961.159
424.2968, 2998.516
424.7789, 3023.831
425.2610, 3033.489
425.7431, 3025.310
426.2252, 3000.939
426.7073, 2965.586
427.1895, 2924.960
427.6716, 2872.274
428.1537, 2795.307
428.6358, 2694.020
429.1179, 2585.925
429.6000, 2477.145
430.0822, 2367.021
430.5643, 2251.888
431.0464, 2127.272
431.5285, 2011.031
432.0106, 1910.044
432.4927, 1818.522
432.9749, 1730.825
433.4570, 1646.497
433.9391, 1567.296
434.4212, 1494.943
434.9033, 1429.514
435.3854, 1368.796
435.8676, 1315.416
436.3497, 1264.290
436.8318, 1211.005
437.3139, 1161.073
437.7960, 1122.229
438.2781, 1097.109
438.7603, 1076.897
439.2424, 1048.100
439.7245, 1009.069
440.2066, 977.8652
440.6887, 959.9110
441.1708, 945.6080
441.6530, 930.9960
442.1351, 915.3670
442.6172, 897.0198
443.0993, 872.5486
443.5814, 847.1797
444.0635, 826.3024
444.5457, 809.9474
445.0278, 798.8976
445.5099, 794.5021
445.9920, 794.2422
446.4741, 794.4127
446.9562, 796.2969
447.4384, 794.4004
447.9205, 785.4374
448.4026, 773.9639
448.8847, 762.4241
449.3668, 751.8921
449.8489, 744.5123
450.3311, 741.7501
450.8132, 743.5562
451.2953, 749.9474
451.7774, 770.2563
452.2595, 782.0878
452.7416, 771.3499
453.2238, 757.9355
453.7059, 761.1756
454.1880, 784.6518
454.6701, 815.2130
455.1522, 840.5499
455.6343, 861.2306
456.1165, 882.1301
456.5986, 901.6430
457.0807, 925.3226
457.5628, 958.7625
458.0449, 998.6341
458.5270, 1039.490
459.0092, 1079.323
459.4913, 1121.335
459.9734, 1167.516
460.4555, 1217.484
460.9376, 1270.992
461.4197, 1327.623
461.9019, 1387.952
462.3840, 1453.406
462.8661, 1527.017
463.3482, 1589.903
463.8303, 1644.621
464.3124, 1686.822
464.7946, 1716.251
465.2767, 1731.171
465.7588, 1726.524
466.2409, 1699.137
466.7230, 1657.599
467.2051, 1618.768
467.6873, 1582.506
468.1694, 1549.344
468.6515, 1513.453
469.1336, 1486.361
469.6157, 1476.019
470.0978, 1481.029
470.5800, 1493.195
471.0621, 1506.638
471.5442, 1525.501
472.0263, 1556.867
472.5084, 1600.623
472.9905, 1652.619
473.4727, 1712.997
473.9548, 1778.291
474.4369, 1840.891
474.9190, 1901.152
475.4011, 1959.140
475.8832, 2016.637
476.3654, 2070.844
476.8475, 2130.279
477.3296, 2187.827
477.8117, 2215.616
478.2938, 2191.432
478.7759, 2121.899
479.2581, 2044.443
479.7402, 1960.823
480.2223, 1864.624
480.7044, 1746.381
481.1865, 1622.944
481.6686, 1504.306
482.1508, 1393.517
482.6329, 1296.160
483.1150, 1219.120
483.5971, 1159.440
484.0792, 1105.604
484.5613, 1056.928
485.0435, 1016.754
485.5256, 988.8132
486.0077, 970.9072
486.4898, 954.5768
486.9719, 934.3721
487.4540, 925.6918
487.9362, 940.4081
488.4183, 967.4725
488.9004, 990.3452
489.3825, 1007.095
489.8646, 1029.614
490.3467, 1068.710
490.8289, 1124.308
491.3110, 1192.264
491.7931, 1286.722
492.2752, 1377.130
492.7573, 1451.903
493.2394, 1524.018
493.7216, 1606.368
494.2037, 1702.843
494.6858, 1809.936
495.1679, 1925.999
495.6500, 2050.546
496.1321, 2181.862
496.6143, 2322.249
497.0964, 2462.008
497.5785, 2601.503
498.0606, 2734.272
498.5427, 2844.653
499.0248, 2947.288
499.5070, 3003.214
499.9891, 2991.384
500.4712, 2920.868
500.9533, 2796.672
501.4355, 2622.197
501.9176, 2421.170
502.3997, 2215.476
502.8818, 2003.658
503.3639, 1813.488
503.8460, 1649.292
504.3282, 1503.414
504.8103, 1376.667
505.2924, 1267.143
505.7745, 1175.312
506.2566, 1100.958
506.7387, 1036.873
507.2209, 973.6492
507.7030, 912.6964
508.1851, 864.4852
508.6672, 832.2451
509.1493, 806.6217
509.6314, 783.5370
510.1136, 762.2003
510.5957, 740.8420
511.0778, 719.0941
511.5599, 697.4390
512.0420, 674.7063
512.5241, 652.6621
513.0062, 634.1370
513.4883, 619.7299
513.9705, 607.9869
514.4526, 597.7016
514.9347, 588.8718
515.4168, 580.8112
515.8989, 573.8207
516.3810, 567.3565
516.8632, 561.6973
517.3453, 556.3484
517.8274, 550.5616
518.3095, 544.2043
518.7916, 538.1340
519.2737, 533.6870
519.7559, 530.3821
520.2380, 525.3665
520.7201, 517.5641
521.2022, 511.9270
521.6843, 513.3871
522.1664, 519.3705
522.6486, 520.6363
523.1307, 514.0781
523.6128, 507.6305
524.0949, 504.4340
524.5770, 502.4135
525.0591, 498.7781
525.5413, 493.3443
526.0234, 488.2628
526.5055, 485.4150
526.9876, 484.6865
527.4697, 484.7208
527.9518, 486.7074
528.4340, 487.4566
528.9161, 486.1162
529.3982, 483.4956
529.8803, 480.1402
530.3624, 476.1625
530.8445, 471.8970
531.3267, 468.6399
531.8088, 464.9157
532.2909, 455.2293
532.7730, 439.2303
533.2551, 429.4952
533.7372, 435.3611
534.2194, 449.8912
534.7015, 453.0638
535.1836, 435.8716
535.6657, 425.4901
536.1478, 429.5071
536.6299, 437.5025
537.1121, 442.1030
537.5942, 443.0793
538.0763, 443.4332
538.5584, 445.1598
539.0405, 447.6481
539.5226, 449.6003
540.0048, 451.6560
540.4869, 450.5474
540.9690, 442.5757
541.4511, 433.8769
541.9332, 429.4677
542.4153, 429.0058
542.8975, 428.9981
543.3796, 429.2390
543.8617, 428.5572
544.3438, 424.8448
544.8259, 419.1010
545.3080, 415.1830
545.7902, 414.7959
546.2723, 415.2742
546.7544, 411.6835
547.2365, 400.4365
547.7186, 397.3113
548.2007, 409.8253
548.6829, 421.6989
549.1650, 426.0042
549.6471, 425.6064
550.1292, 425.7238
550.6113, 428.4105
551.0934, 431.8336
551.5756, 435.2921
552.0577, 438.1482
552.5398, 434.6999
553.0219, 422.2608
553.5040, 409.4287
553.9861, 401.6051
554.4683, 399.0587
554.9504, 400.6000
555.4325, 411.6274
555.9146, 420.2437
556.3967, 422.3781
556.8788, 420.3179
557.3610, 414.3398
557.8431, 405.8921
558.3252, 400.9568
558.8073, 405.8520
559.2894, 419.0590
559.7715, 429.2018
560.2537, 436.8876
560.7358, 440.1575
561.2179, 434.7907
561.7000, 426.9491
562.1821, 420.6734
562.6642, 416.3885
563.1464, 415.6163
563.6285, 423.7097
564.1106, 432.8246
564.5927, 432.1544
565.0748, 422.9778
565.5569, 413.4026
566.0391, 406.7084
566.5212, 403.8900
567.0033, 407.8723
567.4854, 425.9741
567.9675, 433.0604
568.4496, 418.7852
568.9318, 405.3190
569.4139, 403.1664
569.8960, 409.1764
570.3781, 417.0407
570.8602, 424.8086
571.3423, 430.1733
571.8245, 428.6679
572.3066, 421.6395
572.7887, 416.7287
573.2708, 415.1258
573.7529, 415.9918
574.2350, 419.5562
574.7172, 425.2906
575.1993, 429.0327
575.6814, 429.0616
576.1635, 429.4048
576.6456, 431.4671
577.1277, 434.0640
577.6099, 434.8260
578.0920, 434.2562
578.5741, 436.7851
579.0562, 447.7587
579.5383, 463.8162
580.0204, 469.8190
580.5026, 462.6039
580.9847, 457.5348
581.4668, 460.7340
581.9489, 466.6765
582.4310, 469.1686
582.9132, 468.2431
583.3953, 467.8101
583.8774, 468.8354
584.3596, 470.8722
584.8417, 474.8494
585.3238, 479.4776
585.8059, 480.8213
586.2880, 477.3919
586.7701, 473.6987
587.2523, 477.0549
587.7344, 488.9543
588.2165, 497.9878
588.6986, 500.3966
589.1807, 504.9013
589.6628, 517.5249
590.1450, 532.7046
590.6271, 542.8277
591.1092, 545.7527
591.5913, 546.6788
592.0734, 547.7870
592.5555, 549.6281
593.0377, 552.9717
593.5198, 557.9367
594.0019, 564.9659
594.4840, 574.6703
594.9661, 585.9243
595.4482, 595.0017
595.9304, 598.3561
596.4125, 605.9104
596.8946, 619.7622
597.3767, 635.5465
597.8588, 650.3098
598.3409, 665.0988
598.8231, 682.7047
599.3052, 704.8763
599.7873, 729.1491
600.2694, 752.4581
600.7515, 775.2884
601.2336, 800.4280
601.7158, 828.4821
602.1979, 857.8241
602.6800, 886.2462
603.1621, 914.1559
603.6442, 949.2851
604.1263, 990.5293
604.6085, 1039.711
605.0906, 1100.344
605.5727, 1166.501
606.0548, 1229.259
606.5369, 1290.790
607.0190, 1366.090
607.5012, 1467.035
607.9833, 1586.871
608.4654, 1709.582
608.9475, 1834.518
609.4296, 1972.501
609.9117, 2122.699
610.3939, 2293.214
610.8760, 2496.263
611.3581, 2733.649
611.8402, 2985.005
612.3223, 3251.959
612.8044, 3529.901
613.2866, 3811.172
613.7687, 4106.201
614.2508, 4429.975
614.7329, 4785.283
615.2150, 5162.713
615.6971, 5557.880
616.1793, 5967.514
616.6614, 6379.520
617.1435, 6796.513
617.6256, 7198.442
618.1077, 7589.486
618.5898, 7948.452
619.0720, 8250.194
619.5541, 8504.346
620.0362, 8656.915
620.5183, 8707.252
621.0004, 8646.098
621.4825, 8454.166
621.9647, 8148.821
622.4468, 7745.222
622.9289, 7252.490
623.4110, 6714.161
623.8931, 6169.315
624.3752, 5619.809
624.8574, 5096.691
625.3395, 4593.075
625.8216, 4134.801
626.3037, 3738.722
626.7858, 3394.827
627.2679, 3082.050
627.7501, 2801.463
628.2322, 2552.843
628.7143, 2336.610
629.1964, 2150.856
629.6785, 2000.681
630.1606, 1877.889
630.6428, 1764.449
631.1249, 1652.187
631.6070, 1545.809
632.0891, 1453.327
632.5712, 1375.082
633.0533, 1305.461
633.5355, 1246.519
634.0176, 1191.171
634.4997, 1134.043
634.9818, 1079.198
635.4639, 1033.391
635.9460, 998.2462
636.4282, 968.6942
636.9103, 947.8664
637.3924, 928.4808
637.8745, 902.8521
638.3566, 872.7884
638.8387, 844.8329
639.3209, 822.2804
639.8030, 802.5060
640.2851, 780.9373
640.7672, 757.1906
641.2493, 734.9450
641.7314, 714.0364
642.2136, 694.8712
642.6957, 676.3250
643.1778, 660.1464
643.6599, 650.0946
644.1420, 648.5634
644.6241, 647.1578
645.1063, 645.4406
645.5884, 640.8210
646.0705, 629.2426
646.5526, 612.4532
647.0347, 595.4656
647.5168, 580.7809
647.9990, 569.1896
648.4811, 563.0974
648.9632, 563.0020
649.4453, 561.9832
649.9274, 560.0839
650.4095, 556.1864
650.8917, 547.1519
651.3738, 536.3118
651.8559, 531.5057
652.3380, 536.8920
652.8201, 538.5861
653.3022, 527.7982
653.7844, 515.2873
654.2665, 511.6680
654.7486, 514.7867
655.2307, 516.0435
655.7128, 511.0083
656.1949, 503.3907
656.6771, 499.7952
657.1592, 500.3255
657.6413, 497.7322
658.1234, 489.8053
658.6055, 483.1513
659.0876, 482.8996
659.5698, 486.2232
660.0519, 485.6249
660.5340, 478.8991
661.0161, 473.8583
661.4982, 473.4879
661.9803, 474.1604
662.4625, 473.1874
662.9446, 470.9938
663.4267, 469.2697
663.9088, 468.7942
664.3909, 468.5391
664.8730, 466.6761
665.3552, 463.4818
665.8373, 461.9245
666.3194, 462.6402
666.8015, 462.9095
667.2836, 460.8903
667.7657, 457.6459
668.2479, 455.6904
668.7300, 455.0881
669.2121, 455.4523
669.6942, 457.9422
670.1763, 460.2403
670.6584, 462.5499
671.1406, 463.2672
671.6227, 458.8255
672.1048, 447.8817
672.5869, 436.2030
673.0690, 428.9254
673.5511, 426.0246
674.0333, 430.1063
674.5154, 441.7471
674.9975, 447.1293
675.4796, 437.2659
675.9617, 421.2566
676.4438, 416.6718
676.9260, 429.1749
677.4081, 436.2705
677.8902, 436.3720
678.3723, 433.3179
678.8544, 426.9785
679.3365, 419.0594
679.8187, 410.7640
680.3008, 402.4988
680.7829, 397.1516
681.2650, 398.8054
681.7471, 403.8946
682.2292, 406.7664
682.7114, 407.3964
683.1935, 406.9632
683.6756, 405.8489
684.1577, 404.3717
684.6398, 402.7498
685.1219, 400.7020
685.6041, 400.9414
686.0862, 405.9191
686.5683, 409.7667
687.0504, 411.5501
687.5325, 411.2483
688.0146, 407.7559
688.4968, 401.3112
688.9789, 396.4935
689.4610, 396.0576
689.9431, 397.4948
690.4252, 399.6092
690.9073, 401.6389
691.3895, 401.6693
691.8716, 399.3080
692.3537, 396.3480
692.8358, 394.5081
693.3179, 393.7441
693.8000, 393.1041
694.2822, 391.0586
694.7643, 394.5242
695.2464, 412.9546
695.7285, 429.5163
696.2106, 425.3999
696.6927, 404.0236
697.1749, 387.3868
697.6570, 380.6536
698.1391, 377.1913
698.6212, 374.4238
699.1033, 373.3326
699.5854, 376.0199
700.0676, 381.9255
700.5497, 387.8242
701.0318, 391.5685
701.5139, 393.8554
701.9960, 396.1024
702.4781, 398.2754
702.9603, 399.8813
703.4424, 401.0558
703.9245, 400.7838
704.4066, 397.8848
704.8887, 392.9693
705.3708, 388.7723
705.8530, 385.1388
706.3351, 382.4686
706.8172, 380.2718
707.2993, 379.5122
707.7814, 381.9875
708.2635, 386.1728
708.7457, 388.8719
709.2278, 388.8104
709.7099, 387.6038
710.1920, 386.3169
710.6741, 385.0668
711.1563, 384.0648
711.6384, 383.3327
712.1205, 382.8661
712.6026, 382.6654
713.0847, 382.7034
713.5668, 382.5863
714.0490, 381.5373
714.5311, 384.3318
715.0132, 395.7248
715.4953, 403.9970
715.9774, 402.7606
716.4595, 397.3361
716.9417, 393.6867
717.4238, 392.4588
717.9059, 390.8926
718.3880, 386.6703
718.8701, 383.0681
719.3522, 383.6088
719.8344, 386.1917
720.3165, 386.9796
720.7986, 384.9593
721.2807, 381.3828
721.7628, 376.6326
722.2449, 371.7107
722.7271, 370.4262
723.2092, 372.8640
723.6913, 379.0370
724.1734, 391.6837
724.6555, 401.5566
725.1376, 397.0006
725.6198, 379.0309
726.1019, 370.9848
726.5840, 382.5406
727.0661, 389.8365
727.5482, 385.6051
728.0303, 378.9887
728.5125, 377.8532
728.9946, 380.6607
729.4767, 380.3742
729.9588, 372.4144
730.4409, 364.3837
730.9230, 365.1764
731.4052, 370.7405
731.8873, 372.6145
732.3694, 370.1572
732.8515, 366.6302
733.3336, 363.5868
733.8157, 362.2802
734.2979, 366.6608
734.7800, 379.2573
735.2621, 385.1132
735.7442, 380.1193
736.2263, 375.0103
736.7084, 375.2729
737.1906, 377.9145
737.6727, 379.0674
738.1548, 378.5242
738.6369, 376.8982
739.1190, 373.5967
739.6011, 370.0137
740.0833, 365.4791
740.5654, 361.8291
741.0475, 362.8831
741.5296, 368.7773
742.0117, 373.8752
742.4938, 372.4283
742.9760, 367.6534
743.4581, 365.9636
743.9402, 367.2961
744.4223, 372.3333
744.9044, 381.9843
745.3865, 389.7625
745.8687, 388.8718
746.3508, 380.8977
746.8329, 377.5223
747.3150, 382.3708
747.7971, 385.3140
748.2792, 383.5013
748.7614, 381.4309
749.2435, 382.4987
749.7256, 385.0561
750.2077, 384.6902
750.6898, 378.8575
751.1719, 374.4329
751.6541, 376.8093
752.1362, 380.6871
752.6183, 379.8595
753.1004, 375.6985
753.5825, 372.6974
754.0646, 372.7647
754.5468, 375.8581
755.0289, 385.0392
755.5110, 398.0205
755.9931, 398.6184
756.4752, 385.3700
756.9573, 376.3209
757.4395, 378.9419
757.9216, 386.7699
758.4037, 392.0138
758.8858, 394.5827
759.3679, 396.1753
759.8500, 398.7128
760.3322, 397.6607
760.8143, 387.9308
761.2964, 377.9039
761.7785, 374.4391
762.2606, 376.8837
762.7427, 380.1960
763.2249, 382.9588
763.7070, 385.4190
764.1891, 389.3888
764.6712, 392.2480
765.1533, 388.1659
765.6354, 378.8677
766.1176, 373.8615
766.5997, 378.7336
767.0818, 386.1935
767.5639, 381.8435
768.0460, 367.1270
768.5281, 361.6776
769.0103, 367.1931
769.4924, 378.2114
769.9745, 395.0114
770.4566, 411.4356
770.9387, 416.4889
771.4208, 407.1172
771.9030, 403.3954
772.3851, 408.6810
772.8672, 415.2423
773.3493, 422.5792
773.8314, 429.5517
774.3135, 435.9292
774.7957, 441.2476
775.2778, 443.5158
775.7599, 439.4618
776.2420, 435.2857
776.7241, 434.4129
777.2062, 436.5358
777.6884, 441.1423
778.1705, 448.2567
778.6526, 459.7047
779.1347, 477.3809
779.6168, 494.5642
780.0989, 495.2783
780.5811, 482.3830
781.0632, 485.9836
781.5453, 510.3669
782.0274, 533.0577
782.5095, 542.4937
782.9916, 545.5709
783.4738, 553.9359
783.9559, 568.8806
784.4380, 582.4307
784.9201, 592.0042
785.4022, 603.5555
785.8843, 619.6418
786.3665, 637.3300
786.8486, 654.6976
787.3307, 671.2462
787.8128, 685.7046
788.2949, 693.3333
788.7770, 703.9566
789.2592, 726.1040
789.7413, 752.0176
790.2234, 772.5626
790.7055, 787.6447
791.1876, 801.5175
791.6697, 816.4145
792.1519, 831.5789
792.6340, 847.8240
793.1161, 863.5796
793.5982, 870.5581
794.0803, 868.5515
794.5624, 869.1833
795.0446, 877.9031
795.5267, 890.9330
796.0088, 903.5181
796.4909, 916.1019
796.9730, 922.2505
797.4551, 921.0486
797.9373, 915.2228
798.4194, 906.3916
798.9015, 892.2171
799.3836, 869.4152
799.8657, 839.2476
800.3478, 808.7296
800.8300, 776.0129
801.3121, 746.8783
801.7942, 723.9725
802.2763, 704.6308
802.7584, 688.3843
803.2405, 673.7728
803.7227, 657.2836
804.2048, 637.2897
804.6869, 619.1868
805.1690, 609.7327
805.6511, 604.1485
806.1332, 592.8942
806.6154, 577.9916
807.0975, 569.7850
807.5796, 571.6567
808.0617, 576.5599
808.5438, 577.1418
809.0259, 573.8827
809.5081, 568.1047
809.9902, 558.7130
810.4723, 556.0522
810.9544, 565.5134
811.4365, 573.5367
811.9186, 566.6363
812.4008, 549.9415
812.8829, 545.2622
813.3650, 561.3795
813.8471, 574.8434
814.3292, 585.0471
814.8113, 593.3626
815.2935, 598.5755
815.7756, 603.1176
816.2577, 610.6644
816.7398, 621.8849
817.2219, 633.4492
817.7040, 644.0377
818.1862, 654.4846
818.6683, 663.7607
819.1504, 674.0215
819.6325, 688.6185
820.1146, 707.6924
820.5967, 728.8753
821.0789, 750.6887
821.5610, 773.0489
822.0431, 793.8589
822.5252, 815.0353
823.0073, 843.8619
823.4894, 880.9767
823.9716, 918.7726
824.4537, 952.8666
824.9358, 987.3531
825.4179, 1029.054
825.9000, 1078.066
826.3821, 1134.679
826.8643, 1199.828
827.3464, 1270.145
827.8285, 1346.365
828.3106, 1424.836
828.7927, 1498.821
829.2748, 1568.602
829.7570, 1652.210
830.2391, 1760.678
830.7212, 1866.675
831.2033, 1964.416
831.6854, 2060.220
832.1675, 2158.896
832.6497, 2258.196
833.1318, 2353.927
833.6139, 2446.457
834.0960, 2528.322
834.5781, 2597.593
835.0602, 2652.977
835.5424, 2697.421
836.0245, 2725.564
836.5066, 2726.201
836.9887, 2698.120
837.4708, 2653.573
837.9529, 2603.649
838.4351, 2540.760
838.9172, 2444.193
839.3993, 2322.665
839.8814, 2208.817
840.3635, 2108.089
840.8456, 2008.207
841.3278, 1901.132
841.8099, 1794.338
842.2920, 1702.903
842.7741, 1628.509
843.2562, 1554.507
843.7383, 1479.685
844.2205, 1410.807
844.7026, 1351.551
845.1847, 1298.306
845.6668, 1247.000
846.1489, 1197.826
846.6310, 1147.818
847.1132, 1086.188
847.5953, 1039.333
848.0774, 1021.424
848.5595, 1007.478
849.0416, 981.5607
849.5237, 947.7095
850.0059, 915.8571
850.4880, 887.0356
850.9701, 863.2198
851.4522, 849.3596
851.9343, 836.4439
852.4164, 814.6802
852.8986, 791.4196
853.3807, 780.5331
853.8628, 782.8257
854.3449, 784.0719
854.8270, 774.5998
855.3091, 760.2395
855.7913, 745.3020
856.2734, 731.4593
856.7555, 721.2084
857.2376, 715.3643
857.7197, 717.8604
858.2018, 731.3776
858.6840, 745.0800
859.1661, 739.2406
859.6482, 717.6339
860.1303, 706.4277
860.6124, 706.2545
861.0945, 705.6212
861.5767, 700.5494
862.0588, 695.6658
862.5409, 696.3629
863.0230, 701.1692
863.5051, 699.6904
863.9872, 688.6074
864.4694, 681.4827
864.9515, 681.7609
865.4336, 682.7516
865.9157, 679.7896
866.3978, 675.4716
866.8799, 676.2031
867.3621, 684.7236
867.8442, 686.2277
868.3263, 670.2182
868.8084, 659.6218
869.2905, 667.0994
869.7726, 678.7786
870.2548, 680.8477
870.7369, 674.4892
871.2190, 670.1482
871.7011, 672.3408
872.1832, 674.2906
872.6653, 671.0591
873.1475, 667.6790
873.6296, 668.7026
874.1117, 673.1882
874.5938, 680.0744
875.0759, 688.5659
875.5580, 692.9803
876.0402, 683.6947
876.5223, 671.8532
877.0044, 671.4559
877.4865, 679.9008
877.9686, 695.3057
878.4507, 714.5700
878.9329, 723.9607
879.4150, 714.0471
879.8971, 695.5371
880.3792, 684.3026
880.8613, 680.1602
881.3434, 683.6959
881.8256, 694.6932
882.3077, 705.9901
882.7898, 715.1643
883.2719, 722.0682
883.7540, 726.4012
884.2361, 728.4352
884.7183, 728.5805
885.2004, 724.3058
885.6825, 732.1220
886.1646, 761.7213
886.6467, 785.0273
887.1288, 781.2944
887.6110, 763.5773
888.0931, 759.7872
888.5752, 773.0945
889.0573, 787.4136
889.5394, 804.8215
890.0215, 820.4373
890.5037, 831.2043
890.9858, 841.3469
891.4679, 855.9423
891.9500, 873.3541
892.4321, 885.4348
892.9142, 888.3711
893.3964, 890.9586
893.8785, 890.8633
894.3606, 895.3082
894.8427, 911.5870
895.3248, 933.8668
895.8069, 954.0645
896.2891, 970.5583
896.7712, 985.2750
897.2533, 997.0375
897.7354, 1009.669
898.2175, 1026.996
898.6996, 1045.732
899.1818, 1059.491
899.6639, 1070.966
900.1460, 1090.025
900.6281, 1121.072
901.1102, 1157.078
901.5923, 1196.177
902.0745, 1232.899
902.5566, 1254.669
903.0387, 1267.942
903.5208, 1291.142
904.0029, 1327.739
904.4850, 1367.845
904.9672, 1403.807
905.4493, 1438.905
905.9314, 1477.127
906.4135, 1519.327
906.8956, 1571.778
907.3777, 1633.892
907.8599, 1690.631
908.3420, 1735.102
908.8241, 1780.380
909.3062, 1842.690
909.7883, 1919.811
910.2704, 1999.765
910.7526, 2082.729
911.2347, 2164.441
911.7168, 2241.875
912.1990, 2329.285
912.6811, 2437.704
913.1632, 2558.240
913.6453, 2672.642
914.1274, 2777.090
914.6096, 2899.566
915.0917, 3041.158
915.5738, 3199.237
916.0559, 3377.116
916.5380, 3567.964
917.0201, 3761.559
917.5023, 3963.250
917.9844, 4196.542
918.4665, 4472.469
918.9486, 4762.506
919.4307, 5053.977
919.9128, 5374.899
920.3950, 5737.021
920.8771, 6133.351
921.3592, 6555.998
921.8413, 7004.315
922.3234, 7472.304
922.8055, 7945.974
923.2877, 8457.759
923.7698, 9027.974
924.2519, 9626.475
924.7340, 10245.38
925.2161, 10875.86
925.6982, 11516.33
926.1804, 12166.96
926.6625, 12774.99
927.1446, 13321.37
927.6267, 13812.55
928.1088, 14286.82
928.5909, 14688.04
929.0731, 14964.75
929.5552, 15111.92
930.0373, 15143.36
930.5194, 15066.65
931.0015, 14860.95
931.4836, 14489.92
931.9658, 14002.69
932.4479, 13412.25
932.9300, 12756.54
933.4121, 12089.81
933.8942, 11422.52
934.3763, 10738.92
934.8585, 10013.55
935.3406, 9306.291
935.8227, 8688.045
936.3048, 8130.032
936.7869, 7573.337
937.2690, 7028.745
937.7512, 6537.712
938.2333, 6111.790
938.7154, 5726.619
939.1975, 5359.459
939.6796, 5019.580
940.1617, 4730.374
940.6439, 4481.483
941.1260, 4244.599
941.6081, 4017.112
942.0902, 3809.617
942.5723, 3625.910
943.0544, 3459.255
943.5366, 3298.802
944.0187, 3147.188
944.5008, 3020.304
944.9829, 2914.879
945.4650, 2803.665
945.9471, 2681.880
946.4293, 2569.587
946.9114, 2478.948
947.3935, 2404.461
947.8756, 2338.596
948.3577, 2280.801
948.8398, 2223.583
949.3220, 2167.000
949.8041, 2112.212
950.2862, 2060.398
950.7683, 2005.051
951.2504, 1938.772
951.7325, 1869.200
952.2147, 1819.745
952.6968, 1794.382
953.1789, 1759.974
953.6610, 1713.372
954.1431, 1667.892
954.6252, 1627.389
955.1074, 1591.537
955.5895, 1561.154
956.0716, 1534.754
956.5537, 1503.150
957.0358, 1462.046
957.5179, 1429.360
958.0001, 1407.957
958.4822, 1390.900
958.9643, 1377.457
959.4464, 1364.236
959.9285, 1346.478
960.4106, 1324.483
960.8928, 1305.537
961.3749, 1291.218
961.8570, 1276.445
962.3391, 1257.928
962.8212, 1243.307
963.3033, 1240.512
963.7855, 1241.132
964.2676, 1231.055
964.7497, 1209.057
965.2318, 1190.730
965.7139, 1170.991
966.1960, 1162.646
966.6782, 1177.201
967.1603, 1193.225
967.6424, 1195.352
968.1245, 1191.775
968.6066, 1198.948
969.0887, 1219.815
969.5709, 1236.795
970.0530, 1249.068
970.5351, 1257.339
971.0172, 1256.622
971.4993, 1256.792
971.9814, 1262.808
972.4636, 1275.488
972.9457, 1298.354
973.4278, 1336.444
973.9099, 1364.563
974.3920, 1373.421
974.8741, 1379.199
975.3563, 1377.130
975.8384, 1382.837
976.3205, 1414.974
976.8026, 1465.870
977.2847, 1509.414
977.7668, 1535.578
978.2490, 1573.030
978.7311, 1638.555
979.2132, 1704.258
979.6953, 1752.924
980.1774, 1799.488
980.6595, 1854.763
981.1417, 1921.969
981.6238, 2007.871
982.1059, 2121.337
982.5880, 2233.876
983.0701, 2328.551
983.5522, 2430.682
984.0344, 2553.988
984.5165, 2693.258
984.9986, 2842.371
985.4807, 3001.008
985.9628, 3166.729
986.4449, 3340.331
986.9271, 3519.373
987.4092, 3705.838
987.8913, 3895.617
988.3734, 4091.282
988.8555, 4284.430
989.3376, 4463.874
989.8198, 4629.787
990.3019, 4798.723
990.7840, 5000.064
991.2661, 5156.597
991.7482, 5215.837
992.2303, 5240.265
992.7125, 5291.097
993.1946, 5326.618
993.6767, 5277.977
994.1588, 5142.759
994.6409, 4982.521
995.1230, 4816.079
995.6052, 4633.032
996.0873, 4421.760
996.5694, 4199.749
997.0515, 3974.804
997.5336, 3750.027
998.0157, 3525.020
998.4979, 3301.790
998.9800, 3090.974
999.4621, 2899.908
999.9442, 2717.318
1000.426, 2531.453
1000.908, 2359.233
1001.391, 2218.567
1001.873, 2099.287
1002.355, 1983.776
1002.837, 1869.509
1003.319, 1763.738
1003.801, 1671.798
1004.283, 1586.582
1004.765, 1501.092
1005.247, 1424.071
1005.730, 1367.226
1006.212, 1321.315
1006.694, 1268.793
1007.176, 1207.734
1007.658, 1153.560
1008.140, 1114.970
1008.622, 1081.725
1009.104, 1047.896
1009.587, 1018.637
1010.069, 1002.437
1010.551, 991.8899
1011.033, 973.7220
1011.515, 946.3116
1011.997, 920.0228
1012.479, 898.9857
1012.961, 880.2899
1013.443, 862.7969
1013.926, 847.0490
1014.408, 833.0632
1014.890, 821.3071
1015.372, 813.5569
1015.854, 809.6246
1016.336, 803.9386
1016.818, 791.1010
1017.300, 780.8402
1017.783, 780.0161
1018.265, 780.0403
1018.747, 775.5287
1019.229, 767.0519
1019.711, 753.5209
1020.193, 735.9208
1020.675, 726.2087
1021.157, 735.3845
1021.639, 742.8408
1022.122, 737.4425
1022.604, 732.4445
1023.086, 741.8235
1023.568, 754.6588
1024.050, 750.6475
1024.532, 729.5955
1025.014, 718.8027
1025.496, 731.2785
1025.979, 746.2900
1026.461, 761.7358
1026.943, 774.5532
1027.425, 778.7366
1027.907, 781.5164
1028.389, 792.9483
1028.871, 813.3531
1029.353, 835.2128
1029.835, 858.5322
1030.318, 880.9191
1030.800, 900.0067
1031.282, 920.3837
1031.764, 947.2704
1032.246, 974.9225
1032.728, 992.6042
1033.210, 1002.185
1033.692, 1024.474
1034.174, 1077.929
1034.657, 1117.773
1035.139, 1131.581
1035.621, 1140.509
1036.103, 1155.361
1036.585, 1168.222
1037.067, 1172.832
1037.549, 1168.206
1038.031, 1148.436
1038.514, 1104.455
1038.996, 1060.969
1039.478, 1023.647
1039.960, 979.4323
1040.442, 917.2502
1040.924, 852.3349
1041.406, 797.7202
1041.888, 752.6140
1042.370, 713.5410
1042.853, 681.3408
1043.335, 652.6000
1043.817, 626.1983
1044.299, 605.9027
1044.781, 596.4224
1045.263, 588.3940
1045.745, 573.9320
1046.227, 554.5577
1046.709, 534.3737
1047.192, 511.9077
1047.674, 495.3685
1048.156, 486.3865
1048.638, 479.1350
1049.120, 472.6853
1049.602, 466.3625
1050.084, 459.4112
1050.566, 452.5262
1051.049, 447.5973
1051.531, 444.9146
1052.013, 440.2822
1052.495, 433.1103
1052.977, 427.6458
1053.459, 425.7455
1053.941, 420.3102
1054.423, 405.6581
1054.906, 388.1452
1055.388, 378.9538
1055.870, 377.6813
1056.352, 379.2142
1056.834, 383.6236
1057.316, 388.9092
1057.798, 395.1090
1058.280, 391.7154
1058.762, 372.0172
1059.245, 350.2338
1059.727, 346.7848
1060.209, 356.1836
1060.691, 356.7019
1061.173, 349.8338
1061.655, 346.3210
1062.137, 346.9748
1062.619, 345.2254
1063.101, 338.3460
1063.584, 331.7230
1064.066, 331.0469
1064.548, 333.9572
1065.030, 336.0567
1065.512, 337.5663
1065.994, 339.5342
1066.476, 341.5676
1066.958, 340.4974
1067.441, 336.0610
1067.923, 335.7242
1068.405, 347.7637
1068.887, 359.7158
1069.369, 352.3398
1069.851, 336.1920
1070.333, 326.1135
1070.815, 322.2533
1071.297, 324.0703
1071.780, 329.8805
1072.262, 332.8196
1072.744, 328.0284
1073.226, 324.2396
1073.708, 332.5738
1074.190, 341.6609
1074.672, 338.9837
1075.154, 330.3470
1075.636, 323.0347
1076.119, 318.8887
1076.601, 319.5094
1077.083, 326.5820
1077.565, 331.4265
1078.047, 326.8348
1078.529, 322.2912
1079.011, 324.8579
1079.494, 328.8887
1079.976, 327.9788
1080.458, 324.0982
1080.940, 322.3940
1081.422, 323.6860
1081.904, 328.2273
1082.386, 345.7642
1082.868, 352.8792
1083.350, 331.2235
1083.833, 309.6501
1084.315, 308.7993
1084.797, 318.5555
1085.279, 322.4296
1085.761, 319.7139
1086.243, 318.4651
1086.725, 321.7189
1087.207, 320.8382
1087.689, 309.1401
1088.172, 303.5804
1088.654, 315.4583
1089.136, 330.4675
1089.618, 332.6431
1090.100, 324.9066
1090.582, 321.7777
1091.064, 324.4647
1091.546, 326.9642
1092.029, 329.5728
1092.511, 329.8591
1092.993, 326.2799
1093.475, 323.9952
1093.957, 327.7612
1094.439, 333.6474
1094.921, 332.0748
1095.403, 323.6961
1095.885, 320.5905
1096.368, 322.5596
1096.850, 325.7590
1097.332, 329.3152
1097.814, 328.1263
1098.296, 319.0364
1098.778, 311.8806
1099.260, 322.6150
1099.742, 341.2695
1100.224, 341.5385
1100.707, 329.7661
1101.189, 323.1784
1101.671, 323.1011
1102.153, 326.6103
1102.635, 332.2614
1103.117, 337.0428
1103.599, 338.8889
1104.081, 338.4925
1104.564, 337.0061
1105.046, 333.4351
1105.528, 323.4463
1106.010, 311.7524
1106.492, 307.4133
1106.974, 310.9716
1107.456, 316.5627
1107.938, 322.9862
1108.421, 326.3978
1108.903, 320.8871
1109.385, 316.2015
1109.867, 320.7407
1110.349, 327.4067
1110.831, 327.6009
1111.313, 323.7461
1111.795, 324.4180
1112.277, 331.9490
1112.760, 336.8435
1113.242, 334.7918
1113.724, 334.0214
1114.206, 338.1631
1114.688, 341.9598
1115.170, 343.0794
1115.652, 341.8344
1116.134, 338.2060
1116.616, 332.3710
1117.099, 326.8295
1117.581, 320.8824
1118.063, 317.6057
1118.545, 317.7816
1119.027, 318.5870
1119.509, 318.8831
1119.991, 320.2678
1120.473, 324.6168
1120.956, 330.1405
1121.438, 331.9556
1121.920, 330.2709
1122.402, 329.6037
1122.884, 329.9382
1123.366, 331.2034
1123.848, 333.1547
1124.330, 331.6901
1124.813, 324.4210
1125.295, 317.3640
1125.777, 318.5534
1126.259, 324.1859
1126.741, 327.7395
1127.223, 329.5992
1127.705, 328.6549
1128.187, 326.9939
1128.669, 333.4873
1129.151, 348.5414
1129.634, 354.6675
1130.116, 335.1120
1130.598, 317.2202
1131.080, 326.2110
1131.562, 341.5550
1132.044, 345.2321
1132.526, 343.8173
1133.008, 349.0076
1133.491, 358.9490
1133.973, 361.9919
1134.455, 353.9397
1134.937, 345.9968
1135.419, 337.6324
1135.901, 334.1734
1136.383, 343.4427
1136.865, 351.6967
1137.348, 345.7166
1137.830, 335.1304
1138.312, 336.0468
1138.794, 348.0096
1139.276, 352.8439
1139.758, 347.7162
1140.240, 344.0307
1140.722, 342.5152
1141.204, 342.0611
1141.687, 341.7950
1142.169, 345.0115
1142.651, 355.9244
1143.133, 369.1239
1143.615, 370.2122
1144.097, 361.1359
1144.579, 359.1294
1145.061, 363.3405
1145.543, 365.9116
1146.026, 365.8833
1146.508, 368.1580
1146.990, 375.0762
1147.472, 382.4731
1147.954, 386.4850
1148.436, 388.2316
1148.918, 388.6125
1149.400, 388.2061
1149.883, 386.9322
1150.365, 385.9423
1150.847, 387.4836
1151.329, 391.8038
1151.811, 397.6608
1152.293, 405.9144
1152.775, 411.5590
1153.257, 409.7056
1153.740, 407.6859
1154.222, 409.1582
1154.704, 412.5680
1155.186, 416.3826
1155.668, 420.8690
1156.150, 427.3424
1156.632, 436.3582
1157.114, 443.3338
1157.596, 448.3873
1158.078, 450.7957
1158.561, 448.2914
1159.043, 448.0782
1159.525, 453.1197
1160.007, 462.2693
1160.489, 475.7122
1160.971, 490.2144
1161.453, 493.6531
1161.935, 486.9571
1162.418, 490.6673
1162.900, 504.0905
1163.382, 512.5991
1163.864, 513.9874
1164.346, 519.6599
1164.828, 535.6828
1165.310, 552.3678
1165.792, 558.2004
1166.275, 559.8503
1166.757, 564.3876
1167.239, 572.7796
1167.721, 588.2177
1168.203, 608.0968
1168.685, 627.8284
1169.167, 646.0618
1169.649, 661.1780
1170.131, 670.0868
1170.614, 682.9994
1171.096, 705.4948
1171.578, 731.2192
1172.060, 759.5502
1172.542, 787.5323
1173.024, 812.7654
1173.506, 835.9568
1173.988, 857.4203
1174.470, 876.7103
1174.953, 906.6067
1175.435, 951.7067
1175.917, 993.7358
1176.399, 1031.273
1176.881, 1065.104
1177.363, 1093.692
1177.845, 1127.509
1178.327, 1176.157
1178.810, 1234.315
1179.292, 1292.846
1179.774, 1350.112
1180.256, 1397.045
1180.738, 1435.439
1181.220, 1471.308
1181.702, 1506.293
1182.184, 1542.592
1182.667, 1581.080
1183.149, 1622.416
1183.631, 1672.505
1184.113, 1715.287
1184.595, 1738.368
1185.077, 1746.524
1185.559, 1738.537
1186.041, 1722.269
1186.523, 1709.062
1187.005, 1697.059
1187.488, 1675.240
1187.970, 1640.868
1188.452, 1600.222
1188.934, 1551.498
1189.416, 1500.066
1189.898, 1444.345
1190.380, 1389.619
1190.862, 1336.989
1191.345, 1289.286
1191.827, 1251.325
1192.309, 1219.011
1192.791, 1174.143
1193.273, 1116.860
1193.755, 1076.116
1194.237, 1051.280
1194.719, 1020.586
1195.202, 980.3508
1195.684, 942.2209
1196.166, 912.1751
1196.648, 884.5188
1197.130, 850.7894
1197.612, 820.3260
1198.094, 809.0193
1198.576, 804.6850
1199.058, 790.9661
1199.541, 772.4952
1200.023, 761.1583
1200.505, 756.2691
1200.987, 744.9060
1201.469, 718.9807
1201.951, 704.2772
1202.433, 717.6332
1202.915, 728.0285
1203.397, 722.3661
1203.880, 716.8007
1204.362, 721.1205
1204.844, 728.3586
1205.326, 729.9611
1205.808, 726.3984
1206.290, 719.5196
1206.772, 709.2155
1207.254, 697.1730
1207.737, 683.6047
1208.219, 679.3546
1208.701, 685.7867
1209.183, 684.7870
1209.665, 666.4649
1210.147, 644.8694
1210.629, 636.0591
1211.111, 630.3545
1211.594, 613.6751
1212.076, 592.8123
1212.558, 575.6621
1213.040, 562.0191
1213.522, 550.6846
1214.004, 541.1575
1214.486, 533.3075
1214.968, 528.7476
1215.450, 518.9068
1215.932, 493.6164
1216.415, 474.9808
1216.897, 474.5063
1217.379, 473.3871
1217.861, 462.2787
1218.343, 446.0832
1218.825, 429.3643
1219.307, 413.2901
1219.789, 401.6285
1220.272, 394.4493
1220.754, 393.2332
1221.236, 397.5133
1221.718, 402.4206
1222.200, 406.5304
1222.682, 405.6814
1223.164, 398.2029
1223.646, 391.9336
1224.129, 397.3590
1224.611, 400.4787
1225.093, 380.2231
1225.575, 356.4745
1226.057, 348.5157
1226.539, 351.5655
1227.021, 362.3152
1227.503, 375.7162
1227.985, 378.4644
1228.468, 366.0764
1228.950, 358.6868
1229.432, 365.0136
1229.914, 362.9046
1230.396, 343.5832
1230.878, 332.1497
1231.360, 341.5502
1231.842, 351.6847
1232.324, 343.5296
1232.807, 326.6636
1233.289, 321.8412
1233.771, 326.2666
1234.253, 328.7688
1234.735, 328.6854
1235.217, 320.9519
1235.699, 308.2927
1236.181, 302.4290
1236.664, 306.1959
1237.146, 311.8481
1237.628, 315.6324
1238.110, 318.7823
1238.592, 321.3192
1239.074, 324.3356
1239.556, 333.2184
1240.038, 338.3057
1240.521, 324.0189
1241.003, 303.8909
1241.485, 304.2332
1241.967, 322.9216
1242.449, 334.5743
1242.931, 338.0551
1243.413, 340.6241
1243.895, 342.7616
1244.377, 339.7720
1244.859, 330.5209
1245.342, 326.7396
1245.824, 335.1711
1246.306, 343.4133
1246.788, 336.1314
1247.270, 323.5194
1247.752, 320.5967
1248.234, 321.1427
1248.716, 315.4432
1249.199, 307.7258
1249.681, 306.5804
1250.163, 311.0187
1250.645, 313.4259
1251.127, 311.7379
1251.609, 311.2942
1252.091, 316.3978
1252.573, 316.9263
1253.056, 309.4720
1253.538, 302.0305
1254.020, 296.9151
1254.502, 294.3760
1254.984, 294.6333
##END=



