##NAMES=Tuscanite
##RRUFFID=R050324
##IDEAL CHEMISTRY=KCa_6_(Si,Al)_10_O_22_(S^6+^O_4_,CO_3_)_2_(OH)&#183;H_2_O
##LOCALITY=Valle Biachella, Sacrofano, Roma, Lazio, Italy
##OWNER=RRUFF
##SOURCE=Marcus Origlieri
##DESCRIPTION=Colorless platy crystals
##STATUS=The identification of this mineral is confirmed by single-crystal X-ray diffraction and chemical analysis.
##URL=rruff.info/R050324
##MEASURED CHEMISTRY=K_1.00_(Ca_5.55_Na_0.45_)_Σ=6_(Si_6.62_Al_3.38_)_10_O_22_((SO_4_)_1.80_(PO_4_)_0.17_(CO_3_)_0.03_)_Σ=2_(OH)·H_2_O
155.6807, 380.9382
156.1628, 381.7795
156.6449, 383.1232
157.1271, 384.7683
157.6092, 385.8614
158.0913, 386.0041
158.5734, 386.1711
159.0555, 386.7357
159.5376, 387.5501
160.0198, 388.1642
160.5019, 388.1946
160.9840, 387.9290
161.4661, 388.3830
161.9482, 390.3138
162.4303, 392.1492
162.9125, 392.5257
163.3946, 391.5130
163.8767, 390.8090
164.3588, 391.8718
164.8409, 393.7602
165.3230, 394.8195
165.8052, 394.2166
166.2873, 393.1837
166.7694, 393.4142
167.2515, 395.2142
167.7336, 397.2563
168.2157, 399.2007
168.6979, 400.9251
169.1800, 402.2327
169.6621, 402.9643
170.1442, 403.2802
170.6263, 403.5910
171.1084, 403.7374
171.5906, 404.1687
172.0727, 405.0228
172.5548, 406.2003
173.0369, 407.5911
173.5190, 409.1656
174.0011, 410.8896
174.4833, 412.4750
174.9654, 413.7099
175.4475, 415.0161
175.9296, 416.6894
176.4117, 418.4924
176.8938, 419.9539
177.3760, 420.6450
177.8581, 420.5267
178.3402, 421.1785
178.8223, 423.2766
179.3044, 425.3857
179.7865, 426.9191
180.2687, 427.9952
180.7508, 429.1313
181.2329, 430.8297
181.7150, 433.1868
182.1971, 434.7273
182.6792, 434.9622
183.1614, 434.9230
183.6435, 434.9857
184.1256, 435.2466
184.6077, 435.9306
185.0898, 437.3293
185.5719, 439.5089
186.0541, 441.5745
186.5362, 443.4682
187.0183, 445.2598
187.5004, 447.1127
187.9825, 449.0695
188.4646, 450.6943
188.9468, 451.1194
189.4289, 450.7224
189.9110, 451.1490
190.3931, 453.5399
190.8752, 456.7394
191.3573, 458.8672
191.8395, 459.4918
192.3216, 459.8848
192.8037, 460.9063
193.2858, 462.4247
193.7679, 464.2430
194.2500, 466.6235
194.7322, 469.2726
195.2143, 471.1823
195.6964, 471.8441
196.1785, 472.5027
196.6606, 473.7863
197.1427, 475.5743
197.6249, 477.6168
198.1070, 479.9915
198.5891, 482.6023
199.0712, 484.4173
199.5533, 484.4360
200.0354, 484.7373
200.5176, 486.2560
200.9997, 488.6751
201.4818, 491.1946
201.9639, 493.0691
202.4460, 494.2609
202.9281, 496.2525
203.4103, 500.6292
203.8924, 504.3722
204.3745, 506.2742
204.8566, 506.7080
205.3387, 506.6996
205.8208, 507.0742
206.3030, 507.8212
206.7851, 509.1401
207.2672, 511.8819
207.7493, 514.3507
208.2314, 515.4927
208.7135, 515.6266
209.1957, 515.9664
209.6778, 517.7142
210.1599, 521.1788
210.6420, 523.5438
211.1241, 524.2687
211.6062, 524.5946
212.0884, 524.9689
212.5705, 525.4900
213.0526, 526.2169
213.5347, 527.2281
214.0168, 528.5625
214.4989, 529.9074
214.9811, 531.3546
215.4632, 532.7451
215.9453, 533.7589
216.4274, 534.4564
216.9095, 535.5460
217.3916, 537.9001
217.8737, 541.5143
218.3559, 543.9894
218.8380, 544.8011
219.3201, 544.8004
219.8022, 544.4169
220.2843, 543.6877
220.7664, 543.2823
221.2486, 543.8934
221.7307, 545.3388
222.2128, 546.7594
222.6949, 548.4847
223.1770, 549.9001
223.6591, 550.0607
224.1413, 548.7769
224.6234, 547.4072
225.1055, 547.1523
225.5876, 547.4903
226.0697, 547.4744
226.5518, 546.6274
227.0340, 545.4100
227.5161, 544.4187
227.9982, 543.6105
228.4803, 543.1837
228.9624, 543.4727
229.4445, 544.1535
229.9267, 544.8667
230.4088, 545.5557
230.8909, 546.1417
231.3730, 546.4630
231.8551, 546.4897
232.3372, 546.3150
232.8194, 545.5990
233.3015, 544.8392
233.7836, 544.7786
234.2657, 545.9811
234.7478, 547.6482
235.2299, 547.8315
235.7121, 545.6953
236.1942, 543.7208
236.6763, 542.5058
237.1584, 541.8495
237.6405, 541.4299
238.1227, 541.0381
238.6048, 541.0742
239.0869, 542.9139
239.5690, 548.9032
240.0511, 552.4454
240.5332, 550.8118
241.0154, 547.1964
241.4975, 544.6744
241.9796, 544.5599
242.4617, 546.0973
242.9438, 547.5038
243.4259, 549.1779
243.9081, 549.9976
244.3902, 549.1270
244.8723, 547.7861
245.3544, 547.0038
245.8365, 547.1922
246.3186, 548.2488
246.8008, 550.0430
247.2829, 553.8618
247.7650, 556.4827
248.2471, 557.1689
248.7292, 556.9933
249.2113, 556.6791
249.6935, 556.5323
250.1756, 556.7992
250.6577, 558.0127
251.1398, 561.3473
251.6219, 563.9306
252.1040, 565.3816
252.5862, 566.3041
253.0683, 566.9858
253.5504, 567.5688
254.0325, 568.4532
254.5146, 570.3577
254.9967, 574.2781
255.4789, 577.3752
255.9610, 579.1802
256.4431, 580.4386
256.9252, 581.7782
257.4073, 583.3545
257.8894, 584.9401
258.3716, 586.1637
258.8537, 586.6241
259.3358, 587.9286
259.8179, 591.0638
260.3000, 594.4616
260.7821, 596.5717
261.2643, 597.1788
261.7464, 597.4581
262.2285, 598.6780
262.7106, 601.0748
263.1927, 603.5991
263.6748, 606.4850
264.1570, 609.3246
264.6391, 611.7303
265.1212, 613.6696
265.6033, 615.4008
266.0854, 617.1203
266.5675, 618.8191
267.0497, 620.4495
267.5318, 621.8793
268.0139, 623.3211
268.4960, 624.8878
268.9781, 626.5936
269.4602, 628.5801
269.9424, 631.2225
270.4245, 634.2898
270.9066, 636.3854
271.3887, 636.6443
271.8708, 636.5606
272.3529, 637.4742
272.8351, 639.2960
273.3172, 640.6707
273.7993, 640.4374
274.2814, 639.2256
274.7635, 639.1398
275.2456, 641.1874
275.7278, 643.2894
276.2099, 643.8809
276.6920, 643.1129
277.1741, 642.1932
277.6562, 641.5957
278.1383, 641.2606
278.6205, 640.9518
279.1026, 640.5329
279.5847, 640.4212
280.0668, 641.1840
280.5489, 642.6373
281.0310, 643.5871
281.5132, 643.2314
281.9953, 642.5755
282.4774, 643.2089
282.9595, 645.3914
283.4416, 647.3032
283.9237, 647.7395
284.4059, 646.9602
284.8880, 645.9441
285.3701, 644.5775
285.8522, 643.5534
286.3343, 643.7301
286.8164, 645.0424
287.2986, 646.3051
287.7807, 646.8517
288.2628, 646.8500
288.7449, 646.7779
289.2270, 646.5533
289.7091, 646.5495
290.1913, 647.2440
290.6734, 648.4450
291.1555, 649.4777
291.6376, 649.8619
292.1197, 649.8659
292.6018, 650.1128
293.0840, 650.6349
293.5661, 651.3964
294.0482, 652.7086
294.5303, 654.2130
295.0124, 655.1710
295.4945, 654.5927
295.9767, 653.6692
296.4588, 654.8497
296.9409, 658.7744
297.4230, 662.6171
297.9051, 664.7602
298.3872, 666.0426
298.8694, 667.3544
299.3515, 668.9310
299.8336, 670.6642
300.3157, 672.4317
300.7978, 674.2427
301.2799, 676.0842
301.7621, 677.5944
302.2442, 679.3478
302.7263, 682.0916
303.2084, 686.1093
303.6905, 690.2438
304.1726, 693.1557
304.6548, 694.7723
305.1369, 696.7684
305.6190, 699.8704
306.1011, 703.2629
306.5832, 706.3267
307.0653, 709.0239
307.5475, 711.6125
308.0296, 714.4571
308.5117, 717.4907
308.9938, 719.8570
309.4759, 720.7777
309.9580, 721.8019
310.4402, 724.0167
310.9223, 727.2162
311.4044, 730.5797
311.8865, 733.6191
312.3686, 736.3873
312.8507, 739.0463
313.3329, 741.1296
313.8150, 743.9702
314.2971, 749.1227
314.7792, 755.3862
315.2613, 760.5043
315.7434, 763.0060
316.2256, 764.0446
316.7077, 766.1538
317.1898, 769.6931
317.6719, 773.3646
318.1540, 776.7574
318.6361, 779.9177
319.1183, 782.6642
319.6004, 784.6930
320.0825, 787.0369
320.5646, 791.6432
321.0467, 799.0441
321.5288, 805.2867
322.0110, 807.6779
322.4931, 809.2709
322.9752, 812.6794
323.4573, 818.3325
323.9394, 824.0716
324.4215, 827.2849
324.9037, 828.0327
325.3858, 830.5646
325.8679, 837.0786
326.3500, 844.1416
326.8321, 848.9241
327.3142, 851.7689
327.7964, 855.0669
328.2785, 861.0255
328.7606, 868.9663
329.2427, 875.4837
329.7248, 879.6232
330.2069, 883.6488
330.6891, 889.1105
331.1712, 895.4747
331.6533, 901.6426
332.1354, 906.9440
332.6175, 911.8298
333.0996, 917.4318
333.5818, 924.2113
334.0639, 930.2913
334.5460, 933.8865
335.0281, 936.5233
335.5102, 939.8063
335.9923, 944.1685
336.4745, 949.2819
336.9566, 955.1699
337.4387, 961.8918
337.9208, 967.9871
338.4029, 972.9338
338.8850, 977.0013
339.3671, 979.8490
339.8492, 981.2980
340.3314, 983.9037
340.8135, 990.7667
341.2956, 1001.050
341.7777, 1008.978
342.2598, 1012.577
342.7419, 1014.886
343.2241, 1018.665
343.7062, 1023.628
344.1883, 1028.273
344.6704, 1031.153
345.1525, 1033.335
345.6346, 1037.576
346.1168, 1044.734
346.5989, 1051.596
347.0810, 1055.135
347.5631, 1056.789
348.0452, 1059.032
348.5273, 1063.179
349.0095, 1067.557
349.4916, 1070.221
349.9737, 1071.137
350.4558, 1071.523
350.9379, 1071.653
351.4200, 1071.723
351.9022, 1072.266
352.3843, 1073.782
352.8664, 1074.430
353.3485, 1072.063
353.8306, 1067.564
354.3127, 1064.663
354.7949, 1064.963
355.2770, 1066.226
355.7591, 1065.449
356.2412, 1062.699
356.7233, 1060.110
357.2054, 1058.598
357.6876, 1057.668
358.1697, 1056.560
358.6518, 1055.165
359.1339, 1053.663
359.6160, 1052.104
360.0981, 1050.543
360.5803, 1049.310
361.0624, 1048.632
361.5445, 1048.167
362.0266, 1048.000
362.5087, 1047.997
362.9908, 1047.072
363.4730, 1044.211
363.9551, 1040.248
364.4372, 1037.739
364.9193, 1037.305
365.4014, 1037.145
365.8835, 1036.632
366.3657, 1035.864
366.8478, 1034.948
367.3299, 1033.864
367.8120, 1032.880
368.2941, 1032.453
368.7762, 1032.647
369.2584, 1033.038
369.7405, 1033.683
370.2226, 1034.430
370.7047, 1035.129
371.1868, 1035.767
371.6689, 1036.402
372.1511, 1037.065
372.6332, 1037.763
373.1153, 1038.684
373.5974, 1040.387
374.0795, 1041.762
374.5616, 1042.014
375.0438, 1041.496
375.5259, 1041.052
376.0080, 1041.081
376.4901, 1041.644
376.9722, 1043.004
377.4543, 1045.893
377.9365, 1048.604
378.4186, 1051.008
378.9007, 1053.128
379.3828, 1054.740
379.8649, 1055.850
380.3470, 1057.123
380.8292, 1059.641
381.3113, 1064.365
381.7934, 1067.376
382.2755, 1067.354
382.7576, 1067.010
383.2397, 1067.800
383.7219, 1069.692
384.2040, 1071.934
384.6861, 1073.906
385.1682, 1075.666
385.6503, 1078.052
386.1324, 1082.588
386.6146, 1086.052
387.0967, 1087.032
387.5788, 1086.886
388.0609, 1087.259
388.5430, 1088.855
389.0251, 1091.362
389.5073, 1094.301
389.9894, 1098.246
390.4715, 1101.373
390.9536, 1102.832
391.4357, 1104.133
391.9178, 1106.440
392.4000, 1109.705
392.8821, 1112.881
393.3642, 1114.707
393.8463, 1115.108
394.3284, 1116.736
394.8105, 1120.688
395.2927, 1124.678
395.7748, 1127.550
396.2569, 1129.991
396.7390, 1133.375
397.2211, 1138.649
397.7032, 1144.689
398.1854, 1148.761
398.6675, 1150.198
399.1496, 1151.753
399.6317, 1154.161
400.1138, 1157.031
400.5959, 1160.174
401.0781, 1163.543
401.5602, 1167.014
402.0423, 1170.303
402.5244, 1173.465
403.0065, 1177.365
403.4886, 1182.733
403.9708, 1187.900
404.4529, 1191.327
404.9350, 1193.599
405.4171, 1196.407
405.8992, 1200.791
406.3813, 1205.942
406.8635, 1211.001
407.3456, 1216.103
407.8277, 1219.828
408.3098, 1220.622
408.7919, 1219.988
409.2740, 1220.482
409.7562, 1222.453
410.2383, 1225.012
410.7204, 1228.105
411.2025, 1231.408
411.6846, 1233.825
412.1667, 1234.843
412.6489, 1235.650
413.1310, 1238.374
413.6131, 1243.002
414.0952, 1245.403
414.5773, 1243.732
415.0594, 1240.301
415.5416, 1236.895
416.0237, 1233.677
416.5058, 1230.533
416.9879, 1227.276
417.4700, 1224.069
417.9521, 1221.794
418.4343, 1221.863
418.9164, 1221.015
419.3985, 1217.248
419.8806, 1212.344
420.3627, 1209.305
420.8448, 1209.058
421.3270, 1209.591
421.8091, 1207.889
422.2912, 1203.071
422.7733, 1198.348
423.2554, 1193.392
423.7375, 1188.809
424.2197, 1185.277
424.7018, 1182.532
425.1839, 1179.758
425.6660, 1176.402
426.1481, 1172.500
426.6302, 1168.132
427.1124, 1161.793
427.5945, 1156.965
428.0766, 1155.268
428.5587, 1154.667
429.0408, 1152.999
429.5229, 1149.660
430.0051, 1145.728
430.4872, 1142.823
430.9693, 1141.350
431.4514, 1139.283
431.9335, 1135.682
432.4156, 1132.256
432.8978, 1129.686
433.3799, 1127.856
433.8620, 1126.314
434.3441, 1124.851
434.8262, 1123.448
435.3083, 1122.089
435.7905, 1120.824
436.2726, 1119.466
436.7547, 1117.868
437.2368, 1116.172
437.7189, 1114.480
438.2010, 1112.807
438.6832, 1111.185
439.1653, 1109.802
439.6474, 1108.554
440.1295, 1106.837
440.6116, 1104.490
441.0938, 1101.787
441.5759, 1098.412
442.0580, 1094.766
442.5401, 1092.274
443.0222, 1091.461
443.5043, 1091.901
443.9865, 1094.064
444.4686, 1097.617
444.9507, 1099.668
445.4328, 1098.678
445.9149, 1095.512
446.3970, 1091.945
446.8792, 1087.602
447.3613, 1083.978
447.8434, 1082.211
448.3255, 1081.044
448.8076, 1079.009
449.2897, 1075.835
449.7719, 1071.897
450.2540, 1067.425
450.7361, 1062.360
451.2182, 1057.783
451.7003, 1053.389
452.1824, 1049.726
452.6646, 1048.106
453.1467, 1047.098
453.6288, 1044.097
454.1109, 1037.944
454.5930, 1030.259
455.0751, 1024.288
455.5573, 1021.288
456.0394, 1017.576
456.5215, 1012.204
457.0036, 1007.036
457.4857, 1003.152
457.9678, 1000.497
458.4500, 998.3947
458.9321, 996.3557
459.4142, 994.4285
459.8963, 993.0439
460.3784, 993.2028
460.8605, 992.0587
461.3427, 987.7181
461.8248, 982.4899
462.3069, 978.6929
462.7890, 976.9053
463.2711, 975.7670
463.7532, 974.1815
464.2354, 972.1211
464.7175, 969.0906
465.1996, 964.2695
465.6817, 959.7034
466.1638, 957.0101
466.6459, 955.6621
467.1281, 954.3722
467.6102, 952.3065
468.0923, 950.4902
468.5744, 950.7546
469.0565, 952.7874
469.5386, 953.2633
470.0208, 950.3589
470.5029, 945.8760
470.9850, 943.1403
471.4671, 942.4415
471.9492, 941.3268
472.4313, 938.3446
472.9135, 935.1191
473.3956, 933.8594
473.8777, 934.5277
474.3598, 934.8405
474.8419, 932.9974
475.3240, 929.2313
475.8062, 925.8400
476.2883, 921.9183
476.7704, 919.4100
477.2525, 920.4883
477.7346, 922.4240
478.2167, 921.9922
478.6989, 918.3347
479.1810, 912.7759
479.6631, 906.6247
480.1452, 899.4725
480.6273, 894.0428
481.1094, 891.8185
481.5916, 889.8325
482.0737, 887.5768
482.5558, 884.8063
483.0379, 880.9628
483.5200, 875.5672
484.0021, 869.9534
484.4843, 867.0211
484.9664, 867.5015
485.4485, 867.2278
485.9306, 864.9684
486.4127, 862.0511
486.8948, 858.9227
487.3770, 855.7829
487.8591, 853.4227
488.3412, 852.7914
488.8233, 853.0954
489.3054, 852.8239
489.7875, 851.9340
490.2697, 850.8492
490.7518, 849.9621
491.2339, 848.8824
491.7160, 846.7820
492.1981, 843.2064
492.6802, 839.9818
493.1624, 838.2046
493.6445, 837.1537
494.1266, 835.5903
494.6087, 833.3206
495.0908, 831.3834
495.5729, 830.7850
496.0551, 831.5125
496.5372, 831.8555
497.0193, 831.1230
497.5014, 830.8630
497.9835, 832.1832
498.4656, 834.0419
498.9478, 834.7537
499.4299, 833.8296
499.9120, 832.4982
500.3941, 832.6091
500.8762, 834.6243
501.3583, 836.2448
501.8405, 837.5121
502.3226, 838.3320
502.8047, 838.4523
503.2868, 838.1238
503.7689, 837.8249
504.2510, 837.8314
504.7331, 837.7971
505.2152, 837.1527
505.6974, 835.9103
506.1795, 833.9731
506.6616, 831.0466
507.1437, 827.6418
507.6258, 823.7910
508.1079, 819.6701
508.5901, 816.2819
509.0722, 814.5713
509.5543, 813.6436
510.0364, 812.3500
510.5185, 810.6805
511.0006, 808.4244
511.4828, 805.3547
511.9649, 801.7482
512.4470, 798.2368
512.9291, 794.9291
513.4113, 791.3322
513.8934, 786.7728
514.3755, 782.2145
514.8576, 778.8553
515.3397, 776.6687
515.8218, 774.6786
516.3040, 772.1342
516.7861, 769.1412
517.2682, 766.5092
517.7503, 764.6622
518.2324, 762.6552
518.7145, 760.2655
519.1967, 757.7419
519.6788, 755.1821
520.1609, 752.6787
520.6430, 750.4688
521.1251, 748.7546
521.6072, 747.5312
522.0894, 747.0433
522.5715, 748.3438
523.0536, 748.6627
523.5357, 746.7220
524.0178, 743.5796
524.4999, 740.1605
524.9821, 736.6068
525.4642, 733.7211
525.9463, 732.6555
526.4284, 732.9860
526.9105, 732.8351
527.3926, 732.0233
527.8748, 730.4970
528.3569, 727.8290
528.8390, 724.3644
529.3211, 721.2668
529.8032, 718.8625
530.2853, 716.6210
530.7675, 714.2908
531.2496, 711.9244
531.7317, 709.5994
532.2138, 707.3265
532.6959, 705.1735
533.1780, 703.2349
533.6602, 701.5261
534.1423, 699.9222
534.6244, 698.4785
535.1065, 697.0458
535.5886, 695.7689
536.0707, 694.4103
536.5529, 692.5435
537.0350, 690.0245
537.5171, 687.2306
537.9992, 684.8019
538.4813, 682.8140
538.9634, 680.8149
539.4456, 678.5771
539.9277, 676.5903
540.4098, 675.2238
540.8919, 674.2589
541.3740, 673.2601
541.8561, 672.0576
542.3383, 670.7577
542.8204, 669.5966
543.3025, 668.5253
543.7846, 666.9533
544.2667, 664.4406
544.7488, 661.9688
545.2310, 660.9198
545.7131, 661.1017
546.1952, 660.7095
546.6773, 659.5016
547.1594, 657.6235
547.6415, 654.7616
548.1237, 651.3141
548.6058, 648.1454
549.0879, 645.6151
549.5700, 643.5487
550.0521, 641.6791
550.5342, 640.0280
551.0164, 638.5560
551.4985, 637.5836
551.9806, 636.4523
552.4627, 634.7410
552.9448, 632.6713
553.4269, 630.6750
553.9091, 628.9583
554.3912, 627.3733
554.8733, 625.6752
555.3554, 623.8442
555.8375, 621.9375
556.3196, 619.6345
556.8018, 617.6519
557.2839, 616.6351
557.7660, 616.2676
558.2481, 615.6761
558.7302, 614.5063
559.2123, 613.0408
559.6945, 611.5131
560.1766, 609.9308
560.6587, 608.3942
561.1408, 606.9971
561.6229, 605.4336
562.1050, 603.2229
562.5872, 600.2366
563.0693, 597.5547
563.5514, 594.9480
564.0335, 592.9033
564.5156, 591.9807
564.9977, 591.7426
565.4799, 591.3894
565.9620, 590.6066
566.4441, 589.6969
566.9262, 589.2220
567.4083, 589.4271
567.8904, 589.0577
568.3726, 587.5274
568.8547, 586.0001
569.3368, 584.9879
569.8189, 584.2097
570.3010, 583.2084
570.7831, 581.8076
571.2653, 580.1259
571.7474, 578.2502
572.2295, 576.1971
572.7116, 573.9045
573.1937, 571.1154
573.6758, 568.7422
574.1580, 567.9274
574.6401, 568.2402
575.1222, 567.9747
575.6043, 566.4818
576.0864, 564.9391
576.5685, 564.1740
577.0507, 563.6788
577.5328, 562.4826
578.0149, 560.3792
578.4970, 558.0992
578.9791, 556.3993
579.4612, 555.2922
579.9434, 554.4708
580.4255, 554.3369
580.9076, 554.0217
581.3897, 553.5020
581.8718, 552.6451
582.3539, 551.2104
582.8361, 549.1877
583.3182, 547.0161
583.8003, 544.6650
584.2824, 542.3524
584.7645, 542.1815
585.2466, 545.2318
585.7288, 547.3228
586.2108, 545.6503
586.6929, 542.1019
587.1750, 539.1741
587.6572, 536.9183
588.1393, 535.8016
588.6214, 537.2321
589.1035, 539.3153
589.5856, 539.2665
590.0677, 537.0191
590.5499, 534.5758
591.0320, 533.2029
591.5141, 532.6476
591.9962, 531.9954
592.4783, 531.2267
592.9604, 530.3893
593.4426, 529.3809
593.9247, 528.3961
594.4068, 527.7727
594.8889, 527.3268
595.3710, 526.4213
595.8531, 524.5466
596.3353, 522.1773
596.8174, 520.2471
597.2995, 518.6796
597.7816, 518.1578
598.2637, 519.6403
598.7458, 521.3632
599.2280, 521.9104
599.7101, 521.3926
600.1922, 520.4166
600.6743, 518.8329
601.1564, 517.1566
601.6385, 515.6944
602.1207, 514.4806
602.6028, 513.7235
603.0849, 513.5306
603.5670, 513.3660
604.0491, 512.4807
604.5313, 510.6836
605.0134, 509.3482
605.4955, 508.7001
605.9776, 508.1827
606.4597, 507.8563
606.9418, 507.4572
607.4240, 506.5824
607.9061, 505.1557
608.3882, 503.6273
608.8703, 502.4258
609.3524, 501.5580
609.8345, 501.1922
610.3167, 501.6425
610.7988, 501.8235
611.2809, 500.6937
611.7630, 499.2135
612.2451, 498.8817
612.7272, 500.1487
613.2094, 501.0042
613.6915, 500.2584
614.1736, 498.7507
614.6557, 497.3619
615.1378, 496.2123
615.6199, 495.4675
616.1021, 495.3078
616.5842, 495.4158
617.0663, 494.8647
617.5484, 492.8641
618.0305, 491.5334
618.5126, 491.6230
618.9948, 491.6191
619.4769, 490.3141
619.9590, 488.2370
620.4411, 486.7615
620.9232, 486.6215
621.4053, 487.1888
621.8875, 487.5673
622.3696, 487.7583
622.8517, 487.8236
623.3338, 487.7503
623.8159, 487.6026
624.2980, 487.5825
624.7802, 487.5480
625.2623, 486.9613
625.7444, 485.0187
626.2265, 483.4747
626.7086, 483.5141
627.1907, 484.2803
627.6729, 484.7230
628.1550, 484.5788
628.6371, 483.8171
629.1192, 482.3857
629.6013, 480.3206
630.0834, 477.8864
630.5656, 474.1660
631.0477, 471.6305
631.5298, 471.6357
632.0119, 472.0326
632.4940, 471.0189
632.9761, 468.7406
633.4583, 466.7931
633.9404, 466.4740
634.4225, 466.7345
634.9046, 465.6035
635.3867, 463.2290
635.8688, 461.7840
636.3510, 462.3017
636.8331, 463.1125
637.3152, 462.0530
637.7973, 458.8696
638.2794, 456.4176
638.7615, 455.1974
639.2437, 454.1856
639.7258, 453.2541
640.2079, 452.1399
640.6900, 450.3058
641.1721, 447.7153
641.6542, 445.1950
642.1364, 443.6413
642.6185, 442.9905
643.1006, 442.6546
643.5827, 443.2733
644.0648, 442.7769
644.5469, 439.1956
645.0291, 434.9310
645.5112, 432.0408
645.9933, 430.6828
646.4754, 429.9651
646.9575, 429.8969
647.4396, 429.9905
647.9218, 429.9151
648.4039, 429.5641
648.8860, 428.4097
649.3681, 426.1424
649.8502, 423.7434
650.3323, 422.8688
650.8145, 424.2054
651.2966, 423.8862
651.7787, 420.6026
652.2608, 417.2493
652.7429, 414.6381
653.2250, 412.4801
653.7072, 410.4227
654.1893, 408.3524
654.6714, 406.2751
655.1535, 403.9537
655.6356, 401.6303
656.1177, 400.2997
656.5999, 400.1235
657.0820, 399.8732
657.5641, 399.1983
658.0462, 397.9314
658.5283, 395.2878
659.0104, 390.7397
659.4926, 387.7008
659.9747, 388.2716
660.4568, 388.9622
660.9389, 387.1923
661.4210, 383.9061
661.9031, 381.2478
662.3853, 380.0519
662.8674, 379.6404
663.3495, 379.1180
663.8316, 378.4713
664.3137, 377.8672
664.7958, 377.2579
665.2780, 376.7759
665.7601, 376.9702
666.2422, 377.0828
666.7243, 375.9032
667.2064, 373.0963
667.6885, 370.9274
668.1707, 371.2852
668.6528, 372.2823
669.1349, 371.5255
669.6170, 369.3058
670.0991, 367.4465
670.5812, 366.8203
671.0634, 366.8053
671.5455, 366.3097
672.0276, 365.1678
672.5097, 364.1942
672.9918, 363.5619
673.4739, 362.9164
673.9561, 362.1006
674.4382, 361.2412
674.9203, 360.5428
675.4024, 360.0580
675.8845, 359.5186
676.3666, 358.6093
676.8488, 357.5222
677.3309, 356.7329
677.8130, 356.2562
678.2951, 355.6470
678.7772, 354.6488
679.2593, 353.4762
679.7415, 352.5009
680.2236, 351.7617
680.7057, 351.1249
681.1878, 350.7001
681.6699, 350.2524
682.1520, 349.7802
682.6342, 349.1718
683.1163, 348.1471
683.5984, 346.6555
684.0805, 345.2681
684.5626, 344.8793
685.0447, 345.1953
685.5269, 344.3530
686.0090, 342.0118
686.4911, 340.3389
686.9732, 340.7222
687.4553, 341.8817
687.9374, 341.6461
688.4196, 339.8873
688.9017, 338.3215
689.3838, 337.3736
689.8659, 336.5294
690.3480, 335.4618
690.8301, 334.2909
691.3123, 333.1615
691.7944, 332.1511
692.2765, 331.4548
692.7586, 331.3916
693.2407, 331.9024
693.7228, 332.2115
694.2050, 332.4426
694.6871, 332.1225
695.1692, 330.7208
695.6513, 328.9429
696.1334, 327.4451
696.6155, 326.2398
697.0977, 325.3827
697.5798, 325.0724
698.0619, 324.9372
698.5440, 324.8889
699.0261, 324.7705
699.5082, 324.2294
699.9904, 323.1877
700.4725, 321.9681
700.9546, 320.8857
701.4367, 319.9473
701.9188, 319.2818
702.4009, 319.1993
702.8831, 318.7740
703.3652, 317.2327
703.8473, 315.6699
704.3294, 314.9535
704.8115, 315.0203
705.2936, 315.1894
705.7758, 315.4409
706.2579, 315.4527
706.7400, 314.7333
707.2221, 313.6090
707.7042, 312.8542
708.1863, 312.6337
708.6685, 312.4571
709.1506, 311.8611
709.6327, 310.9157
710.1148, 310.1609
710.5969, 309.7189
711.0790, 309.2505
711.5612, 308.6091
712.0433, 308.0187
712.5254, 307.7424
713.0075, 307.6506
713.4896, 307.3145
713.9717, 306.4396
714.4539, 305.5132
714.9360, 305.1669
715.4181, 305.0580
715.9002, 304.2083
716.3823, 302.5168
716.8644, 301.0788
717.3466, 300.7262
717.8287, 301.1921
718.3108, 301.5263
718.7929, 301.9734
719.2750, 301.8007
719.7571, 300.0705
720.2393, 298.6706
720.7214, 299.0298
721.2035, 300.2968
721.6856, 300.6985
722.1677, 299.5181
722.6498, 298.1472
723.1320, 297.9637
723.6141, 298.3528
724.0962, 297.9661
724.5783, 296.7480
725.0604, 295.5335
725.5425, 294.7370
726.0247, 294.3177
726.5068, 294.2284
726.9889, 294.6601
727.4710, 294.8397
727.9531, 294.6945
728.4352, 294.3882
728.9174, 293.6331
729.3995, 292.9099
729.8816, 293.0335
730.3637, 294.1364
730.8458, 295.0054
731.3279, 294.5430
731.8101, 293.4374
732.2922, 292.8459
732.7743, 292.6992
733.2564, 292.3008
733.7385, 291.3506
734.2206, 290.3867
734.7028, 290.1102
735.1849, 290.5646
735.6670, 291.0489
736.1491, 291.7984
736.6312, 292.2626
737.1133, 291.9851
737.5955, 291.6596
738.0776, 292.2254
738.5597, 293.4589
739.0418, 293.8853
739.5239, 292.1432
740.0060, 289.9845
740.4882, 289.5585
740.9703, 290.3873
741.4524, 291.0702
741.9345, 291.3124
742.4166, 291.3572
742.8987, 291.4276
743.3809, 291.4467
743.8630, 290.9740
744.3451, 289.2721
744.8272, 288.4353
745.3093, 289.2435
745.7914, 290.2349
746.2736, 290.8564
746.7557, 291.0339
747.2378, 290.6458
747.7199, 289.5185
748.2020, 288.4095
748.6841, 287.7649
749.1663, 287.5743
749.6484, 288.1339
750.1305, 289.2799
750.6126, 289.9084
751.0947, 289.4361
751.5768, 288.2588
752.0590, 286.9822
752.5411, 285.4378
753.0232, 284.6098
753.5053, 284.9309
753.9874, 285.4117
754.4695, 285.6618
754.9517, 285.9620
755.4338, 286.8839
755.9159, 288.4205
756.3980, 289.2363
756.8801, 287.9262
757.3622, 286.2707
757.8444, 286.1702
758.3265, 287.0625
758.8086, 287.4997
759.2907, 287.1251
759.7728, 286.6536
760.2549, 286.7740
760.7371, 287.4044
761.2192, 288.1362
761.7013, 289.3088
762.1834, 289.6345
762.6655, 287.8669
763.1476, 286.2641
763.6298, 286.7560
764.1119, 288.5819
764.5940, 289.5452
765.0761, 288.7512
765.5582, 287.9669
766.0403, 288.2930
766.5225, 288.9131
767.0046, 288.7030
767.4867, 287.8678
767.9688, 287.5991
768.4509, 288.5218
768.9330, 289.8033
769.4152, 289.9675
769.8973, 288.9624
770.3794, 288.2896
770.8615, 288.1844
771.3436, 287.8033
771.8257, 286.3191
772.3079, 284.7019
772.7900, 284.5836
773.2721, 286.1111
773.7542, 287.1160
774.2363, 287.0401
774.7184, 286.6111
775.2006, 286.1397
775.6827, 285.5635
776.1648, 284.7061
776.6469, 283.5923
777.1290, 282.4821
777.6111, 281.5513
778.0933, 280.8045
778.5754, 280.3779
779.0575, 280.2491
779.5396, 279.7084
780.0217, 278.4482
780.5038, 277.3927
780.9860, 277.3752
781.4681, 278.1196
781.9502, 278.4179
782.4323, 278.0228
782.9144, 277.5983
783.3965, 277.0369
783.8787, 276.5873
784.3608, 276.6925
784.8429, 276.9169
785.3250, 276.4100
785.8071, 274.9001
786.2892, 273.2421
786.7714, 272.1301
787.2535, 271.3793
787.7356, 270.6706
788.2177, 269.9956
788.6998, 269.3876
789.1819, 268.8633
789.6641, 268.3721
790.1462, 267.8503
790.6283, 267.2986
791.1104, 266.7726
791.5925, 266.1309
792.0746, 265.7642
792.5568, 266.2091
793.0389, 266.5367
793.5210, 265.9268
794.0031, 264.6259
794.4852, 263.5456
794.9673, 262.9611
795.4495, 262.6313
795.9316, 262.5724
796.4137, 262.5856
796.8958, 262.4048
797.3779, 262.0324
797.8600, 261.6111
798.3422, 261.2132
798.8243, 260.8029
799.3064, 260.3161
799.7885, 259.7473
800.2706, 259.1378
800.7527, 258.4044
801.2349, 257.9136
801.7170, 258.0204
802.1991, 258.2551
802.6812, 257.7666
803.1633, 256.5407
803.6454, 256.0494
804.1276, 257.3962
804.6097, 258.3211
805.0918, 257.5632
805.5739, 256.2675
806.0560, 255.7078
806.5381, 255.8582
807.0203, 255.7968
807.5024, 254.8932
807.9845, 253.8385
808.4666, 253.8100
808.9487, 254.4749
809.4308, 254.3489
809.9130, 253.2427
810.3951, 252.4433
810.8772, 252.7426
811.3593, 253.6767
811.8414, 254.4088
812.3235, 255.1960
812.8057, 254.7878
813.2878, 251.5137
813.7699, 249.1285
814.2520, 249.3294
814.7341, 250.4161
815.2162, 250.6337
815.6984, 249.9015
816.1805, 249.3198
816.6626, 249.5894
817.1447, 249.9045
817.6268, 249.5195
818.1089, 248.8562
818.5911, 248.6106
819.0732, 248.8361
819.5553, 249.1792
820.0374, 249.4377
820.5195, 249.5255
821.0016, 249.1451
821.4838, 248.2738
821.9659, 247.8065
822.4480, 247.9224
822.9301, 248.0542
823.4122, 247.9244
823.8943, 247.6335
824.3765, 247.3135
824.8586, 246.9167
825.3407, 246.7445
825.8228, 247.1010
826.3049, 247.3277
826.7870, 247.2628
827.2692, 246.9160
827.7513, 246.1589
828.2334, 245.1031
828.7155, 244.1911
829.1976, 243.6119
829.6797, 243.3626
830.1619, 243.6729
830.6440, 244.2628
831.1261, 244.4580
831.6082, 244.1924
832.0903, 243.6687
832.5724, 242.9543
833.0546, 242.3239
833.5367, 242.4440
834.0188, 243.5213
834.5009, 243.9320
834.9830, 243.7566
835.4651, 242.6881
835.9473, 239.2710
836.4294, 235.9646
836.9115, 236.0068
837.3936, 239.1888
837.8757, 241.1304
838.3578, 240.3523
838.8400, 239.2272
839.3221, 238.5128
839.8042, 237.9673
840.2863, 237.1256
840.7684, 236.2032
841.2505, 236.0884
841.7327, 237.3346
842.2148, 238.6377
842.6969, 238.2454
843.1790, 236.7066
843.6611, 235.3793
844.1432, 234.3851
844.6254, 234.2221
845.1075, 235.2367
845.5896, 236.2881
846.0717, 235.6925
846.5538, 233.4395
847.0359, 232.4261
847.5181, 233.4739
848.0002, 234.1684
848.4823, 234.1993
848.9644, 233.5642
849.4465, 231.7028
849.9286, 229.1841
850.4108, 227.7196
850.8929, 227.9436
851.3750, 228.4149
851.8571, 228.8246
852.3392, 229.1055
852.8214, 228.9487
853.3035, 228.6870
853.7856, 229.1856
854.2677, 230.6272
854.7498, 231.8253
855.2319, 231.4867
855.7141, 230.1868
856.1962, 229.0475
856.6783, 228.1107
857.1604, 227.7625
857.6425, 228.1419
858.1246, 228.5124
858.6068, 228.2437
859.0889, 227.5064
859.5710, 226.9387
860.0531, 226.6137
860.5352, 226.2398
861.0173, 225.3808
861.4995, 225.0428
861.9816, 226.2866
862.4637, 227.9792
862.9458, 228.5137
863.4279, 227.7027
863.9100, 227.0794
864.3922, 227.2459
864.8743, 227.4415
865.3564, 227.3266
865.8385, 226.9770
866.3206, 226.2779
866.8027, 225.4135
867.2849, 225.0475
867.7670, 225.6562
868.2491, 226.5368
868.7312, 226.6823
869.2133, 226.3802
869.6954, 226.6424
870.1776, 227.4629
870.6597, 227.6178
871.1418, 226.4738
871.6239, 225.1140
872.1060, 225.1650
872.5881, 226.6121
873.0703, 227.1189
873.5524, 226.2057
874.0345, 225.6008
874.5166, 225.9971
874.9987, 226.4515
875.4808, 226.0258
875.9630, 225.0511
876.4451, 224.5293
876.9272, 224.7614
877.4093, 224.9225
877.8914, 224.7210
878.3735, 224.5328
878.8557, 224.6936
879.3378, 224.9756
879.8199, 224.9493
880.3020, 224.5569
880.7841, 224.2340
881.2662, 224.3587
881.7484, 224.6305
882.2305, 224.5999
882.7126, 224.4397
883.1947, 224.7499
883.6768, 225.5089
884.1589, 225.7989
884.6411, 224.9886
885.1232, 223.6237
885.6053, 222.7654
886.0874, 222.4225
886.5695, 222.1896
887.0516, 222.0710
887.5338, 222.0094
888.0159, 221.9535
888.4980, 221.9951
888.9801, 222.2724
889.4622, 222.7855
889.9443, 223.2505
890.4265, 223.8036
890.9086, 224.1137
891.3907, 224.1092
891.8728, 223.8931
892.3549, 223.3053
892.8370, 222.6169
893.3192, 222.3490
893.8013, 222.6470
894.2834, 223.0754
894.7655, 223.5293
895.2476, 223.9233
895.7297, 224.1103
896.2119, 224.2174
896.6940, 224.5107
897.1761, 224.9961
897.6582, 225.3609
898.1403, 225.3238
898.6224, 225.2469
899.1046, 225.8295
899.5867, 226.9091
900.0688, 227.9231
900.5509, 228.8007
901.0330, 228.9381
901.5151, 227.9590
901.9973, 226.5896
902.4794, 225.8298
902.9615, 225.6796
903.4436, 226.3131
903.9257, 228.2073
904.4078, 229.6316
904.8900, 230.0093
905.3721, 230.1091
905.8542, 230.5216
906.3363, 231.1187
906.8184, 231.5100
907.3005, 231.6940
907.7827, 231.6597
908.2648, 230.9182
908.7469, 230.5055
909.2290, 231.4520
909.7111, 232.7060
910.1932, 232.6814
910.6754, 231.4079
911.1575, 230.6741
911.6396, 231.7638
912.1217, 233.0819
912.6038, 232.7695
913.0859, 232.2062
913.5681, 234.2022
914.0502, 237.9326
914.5323, 239.5639
915.0143, 237.4546
915.4965, 234.3442
915.9786, 233.6613
916.4607, 234.6316
916.9428, 234.2680
917.4249, 232.7111
917.9070, 232.0026
918.3892, 232.7010
918.8713, 233.6235
919.3534, 233.8289
919.8355, 233.5621
920.3176, 233.6003
920.7997, 234.1170
921.2819, 234.2030
921.7640, 233.2419
922.2461, 233.0712
922.7282, 235.1179
923.2103, 237.7236
923.6924, 238.8511
924.1746, 238.5726
924.6567, 237.9983
925.1388, 236.4869
925.6209, 235.6493
926.1030, 236.4370
926.5851, 237.3498
927.0673, 237.3221
927.5494, 236.6973
928.0315, 236.1615
928.5136, 235.8758
928.9957, 235.7880
929.4778, 236.1214
929.9600, 236.3930
930.4421, 236.2144
930.9242, 235.7114
931.4063, 234.9707
931.8884, 234.1054
932.3705, 233.3793
932.8527, 232.9199
933.3348, 232.7837
933.8169, 233.4721
934.2990, 234.4434
934.7811, 233.9834
935.2632, 232.2229
935.7454, 230.5432
936.2275, 229.3965
936.7096, 228.5879
937.1917, 227.9543
937.6738, 227.4641
938.1559, 227.0555
938.6381, 226.7827
939.1202, 226.1488
939.6023, 225.0764
940.0844, 223.7090
940.5665, 221.9824
941.0486, 220.1725
941.5308, 218.6803
942.0129, 217.4872
942.4950, 216.7846
942.9771, 217.6830
943.4592, 217.3745
943.9413, 214.1423
944.4235, 210.9300
944.9056, 209.7677
945.3877, 209.9205
945.8698, 209.7700
946.3519, 209.1162
946.8340, 208.1709
947.3162, 206.5902
947.7983, 205.1894
948.2804, 204.5339
948.7625, 204.2046
949.2446, 203.7080
949.7267, 203.0339
950.2089, 202.4330
950.6910, 201.9914
951.1731, 201.7303
951.6552, 201.8310
952.1373, 202.0007
952.6194, 201.9401
953.1016, 201.6229
953.5837, 200.9637
954.0658, 199.9941
954.5479, 199.0665
955.0300, 198.4575
955.5121, 198.0773
955.9943, 197.7661
956.4764, 197.5367
956.9585, 197.4161
957.4406, 197.4153
957.9227, 197.6550
958.4048, 198.2018
958.8870, 198.9039
959.3691, 199.6683
959.8512, 200.3961
960.3333, 200.0236
960.8154, 198.2728
961.2975, 197.6537
961.7797, 198.9805
962.2618, 200.2066
962.7439, 199.7896
963.2260, 198.6611
963.7081, 198.8751
964.1902, 200.7583
964.6724, 202.2531
965.1545, 203.2684
965.6366, 204.0314
966.1187, 204.1977
966.6008, 204.5076
967.0829, 205.7029
967.5651, 207.4888
968.0472, 208.8939
968.5293, 209.5097
969.0114, 210.6947
969.4935, 213.0789
969.9756, 215.5530
970.4578, 217.5613
970.9399, 219.4615
971.4220, 221.6144
971.9041, 224.0647
972.3862, 226.7679
972.8683, 229.6893
973.3505, 232.8826
973.8326, 236.6326
974.3147, 240.4526
974.7968, 243.5711
975.2789, 246.5532
975.7610, 250.4180
976.2432, 255.3538
976.7253, 260.9030
977.2074, 266.9247
977.6895, 273.1120
978.1716, 279.1280
978.6537, 285.0655
979.1359, 290.9951
979.6180, 297.0753
980.1001, 303.8672
980.5822, 311.5512
981.0643, 319.3685
981.5464, 326.4992
982.0286, 333.2303
982.5107, 340.1516
982.9928, 347.1481
983.4749, 353.5331
983.9570, 359.2538
984.4391, 365.5646
984.9213, 373.1591
985.4034, 381.0280
985.8855, 387.6623
986.3676, 393.2202
986.8497, 398.9565
987.3318, 404.9373
987.8140, 410.3857
988.2961, 415.2449
988.7782, 419.1826
989.2603, 422.1536
989.7424, 423.7843
990.2245, 423.2893
990.7067, 420.5472
991.1888, 416.7083
991.6709, 412.1918
992.1530, 405.3611
992.6351, 394.9025
993.1172, 383.3561
993.5994, 372.6550
994.0815, 362.3013
994.5636, 350.7172
995.0457, 337.0139
995.5278, 324.6118
996.0099, 314.2886
996.4921, 304.1478
996.9742, 292.8736
997.4563, 282.2897
997.9384, 274.1901
998.4205, 268.0851
998.9026, 262.1964
999.3848, 256.0806
999.8669, 250.8458
1000.349, 246.4610
1000.831, 243.2949
1001.313, 242.1266
1001.795, 241.8537
1002.277, 241.5502
1002.760, 241.0079
1003.242, 239.8810
1003.724, 237.5107
1004.206, 235.9731
1004.688, 236.8959
1005.170, 238.3416
1005.652, 238.6878
1006.134, 238.6255
1006.617, 239.5994
1007.099, 241.5444
1007.581, 242.8372
1008.063, 242.6073
1008.545, 241.6570
1009.027, 240.2056
1009.509, 238.7143
1009.991, 237.9023
1010.473, 237.4362
1010.956, 236.2848
1011.438, 234.3994
1011.920, 233.2061
1012.402, 233.8896
1012.884, 235.1606
1013.366, 235.3928
1013.848, 235.0941
1014.330, 235.1998
1014.813, 235.6959
1015.295, 236.3112
1015.777, 236.9270
1016.259, 237.3302
1016.741, 237.2858
1017.223, 237.0378
1017.705, 236.9243
1018.187, 237.0006
1018.669, 237.5643
1019.152, 238.5704
1019.634, 239.5668
1020.116, 240.3824
1020.598, 240.9530
1021.080, 241.1492
1021.562, 241.1484
1022.044, 241.4287
1022.526, 241.9807
1023.008, 242.7110
1023.491, 243.6126
1023.973, 244.6663
1024.455, 245.8763
1024.937, 247.1263
1025.419, 248.3358
1025.901, 249.4161
1026.383, 249.8304
1026.865, 249.5053
1027.348, 249.6778
1027.830, 250.5430
1028.312, 251.4550
1028.794, 252.1241
1029.276, 252.7043
1029.758, 253.3597
1030.240, 254.1054
1030.722, 255.1322
1031.204, 256.6416
1031.687, 257.4242
1032.169, 257.0856
1032.651, 256.8092
1033.133, 257.0506
1033.615, 257.8003
1034.097, 259.1475
1034.579, 261.0383
1035.061, 262.6005
1035.544, 263.7303
1036.026, 264.8193
1036.508, 266.1318
1036.990, 266.9048
1037.472, 266.1347
1037.954, 265.3227
1038.436, 266.6941
1038.918, 270.1453
1039.401, 272.7120
1039.883, 274.2020
1040.365, 275.0997
1040.847, 274.5868
1041.329, 274.6237
1041.811, 276.8285
1042.293, 279.5450
1042.775, 280.3354
1043.257, 279.2723
1043.740, 279.3041
1044.222, 280.6075
1044.704, 282.7335
1045.186, 287.3473
1045.668, 290.8307
1046.150, 290.4222
1046.632, 288.7885
1047.114, 289.2643
1047.596, 291.7796
1048.079, 293.8945
1048.561, 295.0542
1049.043, 296.3240
1049.525, 297.9418
1050.007, 299.5539
1050.489, 300.6497
1050.971, 301.8741
1051.453, 304.4234
1051.936, 308.0681
1052.418, 310.4935
1052.900, 310.3688
1053.382, 310.6730
1053.864, 311.9129
1054.346, 313.7982
1054.828, 316.8762
1055.310, 320.0533
1055.792, 321.9222
1056.275, 322.5884
1056.757, 323.2728
1057.239, 323.9390
1057.721, 325.2821
1058.203, 327.7745
1058.685, 330.6679
1059.167, 334.0715
1059.649, 337.2797
1060.131, 339.5275
1060.614, 340.8398
1061.096, 341.6360
1061.578, 341.6265
1062.060, 342.1484
1062.542, 343.6872
1063.024, 345.8397
1063.506, 348.4842
1063.988, 351.5457
1064.471, 355.4916
1064.953, 359.8079
1065.435, 362.6177
1065.917, 362.9915
1066.399, 363.4644
1066.881, 365.1108
1067.363, 367.0619
1067.845, 369.1321
1068.328, 371.0036
1068.810, 372.0211
1069.292, 372.5606
1069.774, 373.9396
1070.256, 376.6955
1070.738, 379.2612
1071.220, 380.1909
1071.702, 381.6279
1072.184, 385.7094
1072.667, 390.2219
1073.149, 392.2725
1073.631, 392.7741
1074.113, 394.8316
1074.595, 399.4096
1075.077, 403.5457
1075.559, 405.4412
1076.041, 407.0609
1076.523, 409.6925
1077.006, 412.4086
1077.488, 413.8327
1077.970, 414.7160
1078.452, 416.9886
1078.934, 421.1021
1079.416, 425.2056
1079.898, 428.5793
1080.380, 431.6365
1080.862, 434.2867
1081.345, 437.0226
1081.827, 440.1940
1082.309, 443.8167
1082.791, 447.9294
1083.273, 452.5002
1083.755, 456.8813
1084.237, 461.1559
1084.719, 464.7206
1085.202, 466.3170
1085.684, 468.0219
1086.166, 471.8074
1086.648, 476.6901
1087.130, 481.0837
1087.612, 484.7546
1088.094, 488.2688
1088.576, 491.5395
1089.058, 495.2327
1089.541, 499.7642
1090.023, 504.7059
1090.505, 510.2759
1090.987, 515.7468
1091.469, 520.1082
1091.951, 523.4694
1092.433, 526.7856
1092.915, 530.0668
1093.397, 534.1129
1093.880, 539.5709
1094.362, 545.4727
1094.844, 551.7285
1095.326, 557.7101
1095.808, 562.5960
1096.290, 566.6223
1096.772, 570.5901
1097.254, 574.4353
1097.737, 579.4008
1098.219, 586.9236
1098.701, 594.3222
1099.183, 600.3951
1099.665, 605.8304
1100.147, 611.1132
1100.629, 616.3325
1101.111, 621.5563
1101.594, 626.8195
1102.076, 632.1740
1102.558, 637.3450
1103.040, 643.0502
1103.522, 650.5106
1104.004, 657.6323
1104.486, 662.3553
1104.968, 666.0186
1105.450, 670.7899
1105.932, 676.8629
1106.415, 683.1995
1106.897, 689.8092
1107.379, 696.3268
1107.861, 702.6782
1108.343, 708.9046
1108.825, 715.2611
1109.307, 721.3727
1109.789, 726.2410
1110.272, 730.2108
1110.754, 736.0845
1111.236, 745.9205
1111.718, 754.1047
1112.200, 758.4739
1112.682, 763.2813
1113.164, 770.4252
1113.646, 778.3402
1114.129, 785.7712
1114.611, 792.8230
1115.093, 799.8715
1115.575, 807.2209
1116.057, 813.7163
1116.539, 819.0082
1117.021, 823.9452
1117.503, 827.5032
1117.985, 832.1761
1118.468, 840.2440
1118.950, 850.1066
1119.432, 858.7749
1119.914, 866.1598
1120.396, 873.3715
1120.878, 880.3920
1121.360, 887.2361
1121.842, 893.5479
1122.324, 900.2850
1122.807, 907.9891
1123.289, 916.2440
1123.771, 924.5524
1124.253, 932.9626
1124.735, 942.1169
1125.217, 952.7085
1125.699, 961.5925
1126.181, 967.7006
1126.664, 975.2094
1127.146, 986.1683
1127.628, 997.2699
1128.110, 1005.220
1128.592, 1011.268
1129.074, 1019.231
1129.556, 1029.325
1130.038, 1038.422
1130.521, 1046.289
1131.003, 1054.723
1131.485, 1064.132
1131.967, 1074.392
1132.449, 1085.573
1132.931, 1096.987
1133.413, 1107.421
1133.895, 1117.144
1134.377, 1128.135
1134.859, 1140.449
1135.342, 1154.005
1135.824, 1168.751
1136.306, 1181.915
1136.788, 1192.235
1137.270, 1201.731
1137.752, 1212.430
1138.234, 1223.902
1138.716, 1234.725
1139.199, 1245.380
1139.681, 1258.357
1140.163, 1273.378
1140.645, 1288.209
1141.127, 1302.108
1141.609, 1314.906
1142.091, 1326.327
1142.573, 1337.665
1143.056, 1350.688
1143.538, 1364.879
1144.020, 1379.248
1144.502, 1393.844
1144.984, 1409.362
1145.466, 1425.478
1145.948, 1439.643
1146.430, 1450.942
1146.912, 1463.974
1147.395, 1484.656
1147.877, 1506.991
1148.359, 1524.283
1148.841, 1538.974
1149.323, 1554.143
1149.805, 1569.976
1150.287, 1586.085
1150.769, 1602.317
1151.251, 1618.380
1151.734, 1633.467
1152.216, 1649.830
1152.698, 1670.304
1153.180, 1691.157
1153.662, 1708.645
1154.144, 1724.820
1154.626, 1742.607
1155.108, 1761.800
1155.591, 1780.205
1156.073, 1796.900
1156.555, 1814.810
1157.037, 1835.841
1157.519, 1857.099
1158.001, 1878.602
1158.483, 1898.828
1158.965, 1915.245
1159.448, 1930.410
1159.930, 1949.025
1160.412, 1971.406
1160.894, 1993.013
1161.376, 2013.360
1161.858, 2032.782
1162.340, 2048.372
1162.822, 2066.733
1163.304, 2092.274
1163.786, 2119.414
1164.269, 2143.039
1164.751, 2164.079
1165.233, 2186.125
1165.715, 2209.561
1166.197, 2232.000
1166.679, 2252.679
1167.161, 2274.510
1167.643, 2298.230
1168.126, 2323.261
1168.608, 2349.915
1169.090, 2376.322
1169.572, 2399.650
1170.054, 2420.434
1170.536, 2441.720
1171.018, 2463.612
1171.500, 2484.698
1171.983, 2504.798
1172.465, 2527.383
1172.947, 2553.797
1173.429, 2580.609
1173.911, 2604.956
1174.393, 2627.907
1174.875, 2652.056
1175.357, 2676.718
1175.839, 2698.967
1176.322, 2719.561
1176.804, 2742.172
1177.286, 2767.106
1177.768, 2791.661
1178.250, 2814.647
1178.732, 2835.408
1179.214, 2851.958
1179.696, 2868.005
1180.178, 2889.629
1180.661, 2913.556
1181.143, 2935.440
1181.625, 2955.002
1182.107, 2971.383
1182.589, 2985.279
1183.071, 3000.813
1183.553, 3020.528
1184.035, 3039.433
1184.518, 3052.330
1185.000, 3065.556
1185.482, 3085.015
1185.964, 3105.975
1186.446, 3123.531
1186.928, 3138.140
1187.410, 3151.799
1187.892, 3164.821
1188.375, 3177.657
1188.857, 3190.233
1189.339, 3202.835
1189.821, 3216.461
1190.303, 3229.041
1190.785, 3239.396
1191.267, 3248.450
1191.749, 3256.898
1192.231, 3265.014
1192.714, 3274.246
1193.196, 3285.759
1193.678, 3293.520
1194.160, 3295.050
1194.642, 3300.092
1195.124, 3312.213
1195.606, 3323.070
1196.088, 3327.305
1196.570, 3329.356
1197.053, 3335.797
1197.535, 3345.167
1198.017, 3349.797
1198.499, 3349.802
1198.981, 3350.361
1199.463, 3351.818
1199.945, 3353.888
1200.427, 3356.449
1200.910, 3358.331
1201.392, 3358.671
1201.874, 3358.535
1202.356, 3359.935
1202.838, 3361.687
1203.320, 3360.915
1203.802, 3358.602
1204.284, 3356.966
1204.766, 3356.028
1205.249, 3354.732
1205.731, 3352.837
1206.213, 3351.350
1206.695, 3350.950
1207.177, 3351.007
1207.659, 3352.303
1208.141, 3352.548
1208.623, 3348.005
1209.105, 3342.452
1209.588, 3341.303
1210.070, 3343.449
1210.552, 3343.860
1211.034, 3341.259
1211.516, 3339.351
1211.998, 3340.411
1212.480, 3340.174
1212.962, 3335.600
1213.445, 3331.839
1213.927, 3332.973
1214.409, 3335.168
1214.891, 3334.136
1215.373, 3330.587
1215.855, 3327.619
1216.337, 3325.039
1216.819, 3324.014
1217.302, 3324.990
1217.784, 3326.061
1218.266, 3327.310
1218.748, 3325.889
1219.230, 3319.645
1219.712, 3312.691
1220.194, 3310.267
1220.676, 3311.434
1221.158, 3314.250
1221.641, 3317.960
1222.123, 3318.197
1222.605, 3315.219
1223.087, 3310.759
1223.569, 3305.855
1224.051, 3303.732
1224.533, 3306.242
1225.015, 3311.003
1225.497, 3317.156
1225.980, 3322.735
1226.462, 3324.601
1226.944, 3325.119
1227.426, 3327.466
1227.908, 3330.994
1228.390, 3333.952
1228.872, 3335.977
1229.354, 3337.180
1229.837, 3336.873
1230.319, 3337.849
1230.801, 3342.353
1231.283, 3346.639
1231.765, 3347.611
1232.247, 3349.245
1232.729, 3356.118
1233.211, 3365.133
1233.693, 3370.922
1234.176, 3373.541
1234.658, 3373.400
1235.140, 3366.699
1235.622, 3370.343
1236.104, 3389.766
1236.586, 3401.875
1237.068, 3398.644
1237.550, 3392.388
1238.032, 3391.622
1238.515, 3394.467
1238.997, 3398.102
1239.479, 3402.507
1239.961, 3407.744
1240.443, 3413.763
1240.925, 3420.983
1241.407, 3428.825
1241.889, 3434.324
1242.372, 3437.051
1242.854, 3440.538
1243.336, 3447.232
1243.818, 3453.796
1244.300, 3455.876
1244.782, 3457.690
1245.264, 3463.494
1245.746, 3471.375
1246.229, 3480.389
1246.711, 3488.916
1247.193, 3493.440
1247.675, 3493.955
1248.157, 3496.477
1248.639, 3503.298
1249.121, 3510.539
1249.603, 3518.181
1250.085, 3525.189
1250.568, 3530.232
1251.050, 3535.745
1251.532, 3543.905
1252.014, 3552.984
1252.496, 3559.966
1252.978, 3565.121
1253.460, 3571.724
1253.942, 3579.926
1254.424, 3588.159
1254.907, 3596.343
1255.389, 3603.370
1255.871, 3608.926
1256.353, 3615.499
1256.835, 3624.835
1257.317, 3633.446
1257.799, 3635.620
1258.281, 3635.410
1258.764, 3639.542
1259.246, 3646.977
1259.728, 3657.135
1260.210, 3668.600
1260.692, 3678.828
1261.174, 3687.372
1261.656, 3695.409
1262.138, 3703.764
1262.620, 3709.517
1263.103, 3704.628
1263.585, 3705.825
1264.067, 3728.055
1264.549, 3750.939
1265.031, 3758.113
1265.513, 3758.637
1265.995, 3765.971
1266.477, 3778.751
1266.959, 3789.416
1267.442, 3797.292
1267.924, 3805.908
1268.406, 3815.363
1268.888, 3825.389
1269.370, 3836.078
1269.852, 3846.048
1270.334, 3854.546
1270.816, 3861.887
1271.299, 3867.933
1271.781, 3874.376
1272.263, 3885.863
1272.745, 3899.934
1273.227, 3910.214
1273.709, 3918.080
1274.191, 3928.032
1274.673, 3939.702
1275.156, 3948.624
1275.638, 3953.600
1276.120, 3960.753
1276.602, 3974.258
1277.084, 3989.197
1277.566, 4005.028
1278.048, 4019.186
1278.530, 4029.195
1279.012, 4037.479
1279.495, 4045.927
1279.977, 4054.560
1280.459, 4062.696
1280.941, 4069.988
1281.423, 4080.036
1281.905, 4094.314
1282.387, 4108.465
1282.869, 4122.742
1283.351, 4133.075
1283.834, 4137.919
1284.316, 4143.607
1284.798, 4154.568
1285.280, 4167.122
1285.762, 4177.095
1286.244, 4186.618
##END=



