##NAMES=Allanite-(Ce)
##RRUFFID=R080044
##IDEAL CHEMISTRY=CaCeAl_2_Fe^2+^(Si_2_O_7_)(SiO_4_)O(OH)
##LOCALITY=Aquarius Range, Mohave County, Arizona, USA
##OWNER=RRUFF
##SOURCE=John Weber
##DESCRIPTION=Dark brown fragment from metamict sample R060418, after heating at T = 850 C for 18 hours
##STATUS=The identification of this mineral has been confirmed only by X-ray diffraction
##URL=rruff.info/R080044
198.4863, 0.0000000E+00
198.9684, 1.158142
199.4506, 2.164307
199.9327, 0.2100830
200.4148, 0.4995120
200.8969, 2.647095
201.3790, 10.56720
201.8611, 17.46564
202.3433, 19.66388
202.8254, 16.81842
203.3075, 12.84723
203.7896, 6.594482
204.2717, 0.6002200
204.7538, 3.175537
205.2360, 16.77118
205.7181, 29.75604
206.2002, 34.57892
206.6823, 29.95886
207.1644, 25.40204
207.6465, 20.98395
208.1287, 17.41962
208.6108, 16.83923
209.0929, 19.49384
209.5750, 24.35278
210.0571, 32.70587
210.5392, 47.11804
211.0214, 52.08234
211.5035, 41.61633
211.9856, 22.33771
212.4677, 18.93134
212.9498, 37.71490
213.4319, 58.25916
213.9140, 67.34808
214.3962, 61.00037
214.8783, 58.01221
215.3604, 60.65442
215.8425, 67.70630
216.3246, 74.64258
216.8067, 82.27698
217.2889, 88.37860
217.7710, 90.72034
218.2531, 86.77826
218.7352, 86.88116
219.2173, 93.65540
219.6994, 105.1815
220.1816, 111.6378
220.6637, 110.4564
221.1458, 108.7844
221.6279, 111.7555
222.1100, 122.4926
222.5921, 129.4384
223.0743, 130.1852
223.5564, 126.2551
224.0385, 125.8854
224.5206, 130.4678
225.0027, 136.0189
225.4848, 140.3989
225.9670, 143.5400
226.4491, 145.9528
226.9312, 147.3787
227.4133, 147.1747
227.8954, 144.1540
228.3775, 136.1093
228.8597, 129.1555
229.3418, 129.1002
229.8239, 139.8414
230.3060, 142.5780
230.7881, 133.1479
231.2702, 115.3372
231.7524, 102.9148
232.2345, 97.21124
232.7166, 94.80341
233.1987, 95.98926
233.6808, 104.6974
234.1629, 109.6437
234.6451, 108.7228
235.1272, 103.4153
235.6093, 101.0391
236.0914, 102.8713
236.5735, 103.8192
237.0556, 100.4496
237.5378, 90.23596
238.0199, 81.29218
238.5020, 74.49548
238.9841, 69.28558
239.4662, 63.61328
239.9483, 57.17621
240.4305, 50.73712
240.9126, 44.53406
241.3947, 38.17480
241.8768, 32.89301
242.3589, 28.30481
242.8410, 24.87866
243.3232, 24.82111
243.8053, 31.38141
244.2874, 36.81885
244.7695, 36.83826
245.2516, 28.52393
245.7337, 21.16174
246.2159, 14.46051
246.6980, 8.919617
247.1801, 6.638123
247.6622, 9.750916
248.1443, 12.83057
248.6264, 12.95490
249.1086, 7.948486
249.5907, 5.336243
250.0728, 6.321594
250.5549, 9.471069
251.0370, 10.83905
251.5191, 9.357239
252.0013, 7.822693
252.4834, 7.796143
252.9655, 10.83496
253.4476, 10.95056
253.9297, 5.711792
254.4118, 1.345215
254.8940, 1.433228
255.3761, 10.37036
255.8582, 20.43591
256.3403, 22.39099
256.8224, 12.72217
257.3046, 6.099060
257.7867, 3.786438
258.2688, 3.743652
258.7509, 1.930786
259.2330, 2.694580
259.7151, 7.050537
260.1973, 10.20282
260.6794, 12.25385
261.1615, 12.21851
261.6436, 9.221924
262.1257, 4.892761
262.6078, 1.937500
263.0900, 0.6341550
263.5721, 4.4677999E-02
264.0542, 6.6467002E-02
264.5363, 0.3416750
265.0184, 1.165405
265.5005, 3.362305
265.9827, 4.869385
266.4648, 1.885559
266.9469, 7.700867
267.4290, 15.58429
267.9111, 18.83478
268.3932, 17.10760
268.8754, 15.96637
269.3575, 15.50110
269.8396, 15.44037
270.3217, 15.94354
270.8038, 17.66895
271.2859, 17.05505
271.7681, 11.14313
272.2502, 0.3515010
272.7323, 1.090454
273.2144, 9.990723
273.6965, 24.02728
274.1786, 30.57605
274.6608, 28.54749
275.1429, 25.05353
275.6250, 21.02148
276.1071, 16.79895
276.5892, 15.25385
277.0714, 16.96191
277.5535, 19.78619
278.0356, 21.92572
278.5177, 23.35547
278.9998, 24.31561
279.4819, 24.81238
279.9641, 24.88214
280.4462, 24.58643
280.9283, 23.84534
281.4104, 23.06110
281.8925, 22.96497
282.3746, 23.59247
282.8568, 22.29767
283.3389, 17.26221
283.8210, 11.14868
284.3031, 12.59204
284.7852, 22.43280
285.2673, 32.96252
285.7495, 39.21240
286.2316, 41.37158
286.7137, 40.75940
287.1958, 35.97107
287.6779, 30.82349
288.1600, 35.82007
288.6422, 51.17542
289.1243, 63.79291
289.6064, 61.61353
290.0885, 48.11285
290.5706, 42.14062
291.0527, 46.69257
291.5349, 56.03131
292.0170, 61.28479
292.4991, 62.72131
292.9812, 64.03082
293.4633, 68.63776
293.9454, 74.80786
294.4276, 76.04303
294.9097, 71.17657
295.3918, 65.01196
295.8739, 64.36847
296.3560, 68.11584
296.8381, 70.86249
297.3203, 67.88995
297.8024, 62.54608
298.2845, 62.67908
298.7666, 68.91699
299.2487, 75.82361
299.7308, 77.70654
300.2130, 75.83380
300.6951, 73.81152
301.1772, 72.75317
301.6593, 72.53168
302.1414, 74.16931
302.6235, 77.55853
303.1057, 78.81134
303.5878, 71.01569
304.0699, 59.11328
304.5520, 52.55640
305.0341, 57.25092
305.5162, 66.00586
305.9984, 71.86694
306.4805, 75.05756
306.9626, 77.53894
307.4447, 82.03357
307.9268, 86.19507
308.4089, 86.61816
308.8911, 80.14398
309.3732, 73.02588
309.8553, 69.24750
310.3374, 68.88495
310.8195, 71.58734
311.3016, 82.00909
311.7838, 92.76709
312.2659, 96.03497
312.7480, 87.34729
313.2301, 80.19226
313.7122, 83.73663
314.1943, 93.88727
314.6765, 102.1432
315.1586, 103.7178
315.6407, 102.4734
316.1228, 99.97473
316.6049, 96.39032
317.0870, 94.62769
317.5692, 96.29718
318.0513, 100.5977
318.5334, 106.3901
319.0155, 117.6382
319.4976, 126.9716
319.9797, 129.9235
320.4619, 125.4827
320.9440, 122.7827
321.4261, 124.0908
321.9082, 128.5621
322.3903, 135.2789
322.8724, 150.9506
323.3546, 161.8727
323.8367, 161.0147
324.3188, 149.2471
324.8009, 144.1183
325.2830, 154.3252
325.7651, 167.8229
326.2473, 176.7628
326.7294, 174.5723
327.2115, 174.1228
327.6936, 177.7562
328.1757, 184.7119
328.6578, 191.2419
329.1400, 196.5187
329.6221, 202.0540
330.1042, 208.8152
330.5863, 221.9382
331.0684, 227.8998
331.5505, 220.4307
332.0327, 206.6627
332.5148, 203.0845
332.9969, 218.1793
333.4790, 232.0700
333.9611, 237.8816
334.4432, 233.5632
334.9254, 229.0037
335.4075, 223.7871
335.8896, 218.6746
336.3717, 214.5851
336.8538, 211.2505
337.3359, 209.6139
337.8180, 209.8074
338.3001, 211.8247
338.7823, 217.4113
339.2644, 228.9088
339.7465, 239.3024
340.2286, 241.0020
340.7107, 232.7286
341.1928, 223.2455
341.6750, 213.7343
342.1571, 204.4990
342.6392, 197.4140
343.1213, 192.6782
343.6034, 188.7284
344.0855, 185.2969
344.5677, 182.2895
345.0498, 175.6678
345.5319, 163.5070
346.0140, 149.9835
346.4961, 144.3497
346.9782, 146.3043
347.4604, 147.8667
347.9425, 142.5341
348.4246, 132.8298
348.9067, 129.8612
349.3888, 135.6359
349.8709, 141.0469
350.3531, 131.7195
350.8352, 111.6474
351.3173, 95.71906
351.7994, 94.13391
352.2815, 99.30994
352.7636, 97.74176
353.2458, 89.41937
353.7279, 81.23425
354.2100, 80.98273
354.6921, 84.54370
355.1742, 84.66577
355.6563, 77.36572
356.1385, 67.56018
356.6206, 58.09564
357.1027, 49.47156
357.5848, 44.35730
358.0669, 48.42633
358.5490, 54.64911
359.0312, 55.68317
359.5133, 47.65076
359.9954, 39.91302
360.4775, 38.79803
360.9596, 41.91791
361.4417, 44.20129
361.9239, 44.93384
362.4060, 43.28638
362.8881, 37.95508
363.3702, 27.96619
363.8523, 18.92200
364.3344, 13.12598
364.8166, 9.063965
365.2987, 4.976196
365.7808, 2.145081
366.2629, 6.624084
366.7450, 6.225403
367.2271, 0.9496460
367.7093, 4.767456
368.1914, 14.85175
368.6735, 22.42798
369.1556, 22.94647
369.6377, 7.974426
370.1198, 3.732971
370.6020, 11.10815
371.0841, 14.68958
371.5662, 16.38501
372.0483, 16.42004
372.5304, 14.28894
373.0125, 9.107239
373.4947, 1.345825
373.9768, 8.352966
374.4589, 11.48438
374.9410, 11.59741
375.4231, 9.175842
375.9052, 2.323303
376.3874, 1.560730
376.8695, 1.342834
377.3516, 10.79797
377.8337, 13.65674
378.3158, 8.242798
378.7979, 1.104187
379.2801, 0.7189330
379.7622, 3.061340
380.2443, 5.718933
380.7264, 6.038940
381.2085, 4.365051
381.6906, 0.6886600
382.1728, 5.050781
382.6549, 9.657471
383.1370, 11.31287
383.6191, 10.09735
384.1012, 5.208923
384.5833, 4.529541
385.0655, 14.29193
385.5476, 16.24377
386.0297, 12.32379
386.5118, 9.482056
386.9939, 13.83661
387.4760, 20.13831
387.9582, 19.05164
388.4403, 10.32318
388.9224, 2.991394
389.4045, 5.751709
389.8866, 14.17712
390.3687, 22.23352
390.8509, 29.21655
391.3330, 33.74567
391.8151, 32.91266
392.2972, 28.16931
392.7793, 25.39813
393.2614, 30.74347
393.7436, 37.09894
394.2257, 38.78522
394.7078, 32.11493
395.1899, 27.33344
395.6720, 28.64410
396.1541, 34.02045
396.6363, 40.20923
397.1184, 47.33899
397.6005, 54.29150
398.0826, 61.41217
398.5647, 69.08850
399.0468, 73.52612
399.5290, 71.17853
400.0111, 67.22247
400.4932, 65.75354
400.9753, 66.69128
401.4574, 70.48157
401.9395, 79.96918
402.4217, 92.94507
402.9038, 97.79492
403.3859, 87.79407
403.8680, 79.54041
404.3501, 82.03656
404.8322, 99.28021
405.3144, 113.3399
405.7965, 123.8682
406.2786, 131.4438
406.7607, 136.1102
407.2428, 137.1926
407.7249, 139.1297
408.2071, 143.9749
408.6892, 151.0454
409.1713, 155.5132
409.6534, 157.0357
410.1355, 158.0075
410.6176, 160.7458
411.0998, 164.9501
411.5819, 168.8900
412.0640, 172.3336
412.5461, 175.1807
413.0282, 176.6486
413.5103, 177.0812
413.9925, 178.5336
414.4746, 184.8439
414.9567, 192.0922
415.4388, 192.7634
415.9209, 185.5479
416.4030, 178.5429
416.8852, 178.1055
417.3673, 182.4609
417.8494, 188.6512
418.3315, 199.4052
418.8136, 208.4880
419.2957, 211.1633
419.7779, 208.1600
420.2600, 204.4867
420.7421, 200.3092
421.2242, 197.6349
421.7063, 198.5461
422.1884, 206.7157
422.6706, 212.2034
423.1527, 210.2205
423.6348, 204.0367
424.1169, 200.0994
424.5990, 203.4039
425.0811, 206.0665
425.5633, 203.9284
426.0454, 195.3469
426.5275, 192.5577
427.0096, 199.4675
427.4917, 209.1172
427.9738, 215.6287
428.4560, 219.0524
428.9381, 218.7626
429.4202, 213.6134
429.9023, 205.1387
430.3844, 198.0067
430.8665, 192.5558
431.3487, 188.6037
431.8308, 184.7988
432.3129, 180.9654
432.7950, 181.7401
433.2771, 188.8361
433.7592, 196.0781
434.2414, 193.1541
434.7235, 181.3521
435.2056, 173.8689
435.6877, 177.1559
436.1698, 185.8010
436.6519, 187.8818
437.1341, 183.6697
437.6162, 178.8741
438.0983, 177.1427
438.5804, 177.6473
439.0625, 179.0639
439.5446, 181.2472
440.0268, 183.7354
440.5089, 187.8646
440.9910, 192.3452
441.4731, 194.2936
441.9552, 187.8975
442.4373, 182.4534
442.9195, 185.3326
443.4016, 196.4617
443.8837, 205.3781
444.3658, 205.6992
444.8479, 203.2067
445.3300, 202.4580
445.8122, 206.8244
446.2943, 209.7230
446.7764, 208.7794
447.2585, 205.5288
447.7406, 203.9131
448.2227, 204.4374
448.7049, 206.4576
449.1870, 211.1169
449.6691, 219.8380
450.1512, 221.7201
450.6333, 211.3530
451.1154, 200.0379
451.5976, 200.0498
452.0797, 216.3370
452.5618, 227.3080
453.0439, 228.7368
453.5260, 223.2431
454.0081, 217.8849
454.4903, 212.3512
454.9724, 208.8812
455.4545, 209.2542
455.9366, 213.0138
456.4187, 218.1362
456.9008, 225.1934
457.3830, 229.8351
457.8651, 224.9922
458.3472, 213.2433
458.8293, 202.6893
459.3114, 195.5737
459.7935, 190.7877
460.2757, 188.4316
460.7578, 187.9083
461.2399, 185.8588
461.7220, 178.5912
462.2041, 169.7325
462.6862, 163.2515
463.1684, 160.4645
463.6505, 156.6729
464.1326, 147.6348
464.6147, 136.8438
465.0968, 128.7057
465.5789, 128.7628
466.0611, 128.0264
466.5432, 122.7441
467.0253, 113.3096
467.5074, 105.5412
467.9895, 100.3345
468.4716, 96.83081
468.9538, 94.84326
469.4359, 95.41632
469.9180, 95.08698
470.4001, 93.41864
470.8822, 91.25793
471.3643, 90.34137
471.8465, 92.15723
472.3286, 89.58160
472.8107, 78.67328
473.2928, 61.79285
473.7749, 52.00604
474.2570, 50.10095
474.7392, 51.29272
475.2213, 53.20996
475.7034, 55.86072
476.1855, 57.76758
476.6676, 58.64709
477.1497, 58.46368
477.6319, 57.81873
478.1140, 56.66089
478.5961, 54.39990
479.0782, 49.47168
479.5603, 43.92645
480.0424, 40.11194
480.5246, 37.81213
481.0067, 36.12549
481.4888, 32.94641
481.9709, 30.84979
482.4530, 33.48511
482.9352, 45.60419
483.4173, 52.23572
483.8994, 41.04944
484.3815, 22.02557
484.8636, 10.48004
485.3457, 13.65936
485.8279, 20.75745
486.3100, 32.24310
486.7921, 47.94556
487.2742, 54.90717
487.7563, 46.48450
488.2384, 36.16010
488.7206, 31.71509
489.2027, 35.96161
489.6848, 38.21570
490.1669, 37.44226
490.6490, 35.64716
491.1311, 36.73407
491.6133, 41.42371
492.0954, 43.74341
492.5775, 40.58344
493.0596, 33.97351
493.5417, 31.88116
494.0238, 34.35236
494.5060, 37.66870
494.9881, 39.17102
495.4702, 39.37219
495.9523, 39.86078
496.4344, 41.06787
496.9165, 41.40540
497.3987, 37.62427
497.8808, 31.98016
498.3629, 28.80499
498.8450, 33.38751
499.3271, 38.07794
499.8092, 36.62512
500.2914, 30.25732
500.7735, 25.91895
501.2556, 29.20538
501.7377, 33.15131
502.2198, 32.91022
502.7019, 24.70319
503.1841, 20.81683
503.6662, 26.84534
504.1483, 36.30115
504.6304, 41.60394
505.1125, 40.61908
505.5946, 38.84369
506.0768, 36.97461
506.5589, 34.94183
507.0410, 32.05780
507.5231, 27.64697
508.0052, 24.25720
508.4873, 24.32550
508.9695, 27.94379
509.4516, 27.04974
509.9337, 20.64209
510.4158, 13.42505
510.8979, 10.14081
511.3800, 10.50385
511.8622, 13.97083
512.3443, 22.41913
512.8264, 30.90540
513.3085, 32.73468
513.7906, 28.94690
514.2728, 23.25873
514.7549, 15.84180
515.2370, 8.692261
515.7191, 3.279358
516.2012, 0.3005370
516.6833, 1.822021
517.1655, 0.2223510
517.6476, 3.597168
518.1297, 6.404785
518.6118, 8.504761
519.0939, 9.714111
519.5760, 9.151733
520.0582, 7.714600
520.5403, 7.657288
521.0224, 11.14740
521.5045, 12.95929
521.9866, 11.32483
522.4688, 6.228760
522.9509, 1.194580
523.4330, 4.128784
523.9151, 8.688293
524.3972, 11.41241
524.8793, 12.25568
525.3615, 13.25989
525.8436, 14.67670
526.3257, 16.15295
526.8078, 16.96356
527.2899, 17.28955
527.7720, 18.04120
528.2542, 20.52313
528.7363, 22.88251
529.2184, 22.28235
529.7005, 19.12341
530.1826, 15.53937
530.6647, 12.60699
531.1469, 9.957947
531.6290, 6.868164
532.1111, 2.850891
532.5932, 0.4002690
533.0753, 2.204834
533.5574, 5.307556
534.0396, 6.621887
534.5217, 3.095398
535.0038, 0.6994630
535.4859, 0.9965210
535.9680, 3.046204
536.4501, 3.985291
536.9323, 4.020752
537.4144, 2.533386
537.8965, 1.470581
538.3786, 8.097473
538.8607, 11.58453
539.3428, 11.30792
539.8250, 9.682007
540.3071, 8.802795
540.7892, 8.573303
541.2713, 8.076782
541.7534, 7.159912
542.2355, 5.963257
542.7177, 3.019836
543.1998, 0.2958370
543.6819, 4.2052999E-02
544.1640, 12.12915
544.6461, 24.25568
545.1282, 22.18176
545.6104, 8.433594
546.0925, 1.234924
546.5746, 5.074341
547.0567, 15.62927
547.5388, 22.53833
548.0209, 23.46436
548.5031, 24.86652
548.9852, 30.85931
549.4673, 36.67023
549.9494, 37.04761
550.4315, 26.43372
550.9136, 18.85474
551.3958, 15.37714
551.8779, 15.94055
552.3600, 21.60144
552.8421, 34.50458
553.3242, 45.12830
553.8063, 49.54932
554.2885, 48.18042
554.7706, 42.41260
555.2527, 31.62720
555.7348, 22.99518
556.2169, 25.44818
556.6990, 34.82349
557.1812, 40.30072
557.6633, 39.76666
558.1454, 36.75220
558.6275, 34.71912
559.1096, 32.59222
559.5917, 28.42889
560.0739, 16.85962
560.5560, 7.459167
561.0381, 6.082642
561.5202, 11.32153
562.0023, 16.75677
562.4844, 21.51300
562.9666, 25.48334
563.4487, 29.27368
563.9308, 33.92542
564.4129, 33.16266
564.8950, 23.87073
565.3771, 12.55084
565.8593, 3.483826
566.3414, 4.329712
566.8235, 4.723572
567.3056, 5.060364
567.7877, 19.19849
568.2698, 27.76685
568.7520, 30.95380
569.2341, 30.95959
569.7162, 27.35687
570.1983, 21.99438
570.6804, 17.11151
571.1625, 13.05292
571.6447, 11.94373
572.1268, 17.60724
572.6089, 25.49707
573.0910, 31.38660
573.5731, 34.71826
574.0552, 36.05634
574.5374, 33.84460
575.0195, 31.06207
575.5016, 30.33221
575.9837, 36.04230
576.4658, 38.69745
576.9479, 34.33289
577.4301, 27.02368
577.9122, 25.04047
578.3943, 30.98560
578.8764, 37.01923
579.3585, 40.61853
579.8406, 42.36652
580.3228, 46.51416
580.8049, 53.10687
581.2870, 60.52057
581.7691, 69.59808
582.2512, 79.14227
582.7333, 83.65637
583.2155, 82.56964
583.6975, 79.10992
584.1796, 74.16382
584.6617, 69.50171
585.1439, 68.55267
585.6260, 75.08978
586.1081, 80.22198
586.5902, 76.34674
587.0723, 67.68701
587.5544, 62.21674
588.0366, 63.12372
588.5187, 66.50616
589.0008, 72.74945
589.4829, 81.47504
589.9650, 86.52820
590.4471, 84.81085
590.9293, 82.92194
591.4114, 84.09833
591.8935, 88.90997
592.3756, 94.42462
592.8577, 101.5569
593.3398, 106.4888
593.8220, 103.3407
594.3041, 93.45740
594.7862, 87.51215
595.2683, 88.64703
595.7504, 91.48889
596.2325, 87.61682
596.7147, 79.52106
597.1968, 73.71832
597.6789, 74.95593
598.1610, 77.92175
598.6431, 79.70288
599.1252, 80.16132
599.6074, 78.87317
600.0895, 70.15948
600.5716, 64.35266
601.0537, 69.16388
601.5358, 89.49243
602.0179, 98.20135
602.5001, 86.17505
602.9822, 71.24036
603.4643, 67.35333
603.9464, 78.17023
604.4285, 85.39160
604.9106, 87.46100
605.3928, 86.53210
605.8749, 85.31897
606.3570, 83.87488
606.8391, 82.81494
607.3212, 81.69043
607.8033, 81.83289
608.2855, 86.90948
608.7676, 95.44336
609.2497, 102.2111
609.7318, 104.2920
610.2139, 103.3890
610.6960, 99.43542
611.1782, 92.64795
611.6603, 87.74249
612.1424, 88.04700
612.6245, 89.48694
613.1066, 89.38733
613.5887, 86.11578
614.0709, 84.68329
614.5530, 85.53162
615.0351, 87.84796
615.5172, 91.15216
615.9993, 95.96112
616.4814, 99.74463
616.9636, 102.4935
617.4457, 103.5394
617.9278, 100.3432
618.4099, 93.38806
618.8920, 87.76752
619.3741, 85.89716
619.8563, 86.25293
620.3384, 87.25562
620.8205, 88.72705
621.3026, 89.81342
621.7847, 90.50659
622.2668, 90.27435
622.7490, 87.88312
623.2311, 82.87909
623.7132, 80.09753
624.1953, 82.36609
624.6774, 86.24817
625.1595, 89.48706
625.6417, 92.43799
626.1238, 93.73096
626.6059, 92.61615
627.0880, 90.69891
627.5701, 90.25574
628.0522, 91.48584
628.5344, 91.92322
629.0165, 90.05896
629.4986, 88.60211
629.9807, 95.42596
630.4628, 108.6082
630.9449, 117.6559
631.4271, 113.7000
631.9092, 105.4249
632.3913, 101.0375
632.8734, 100.4949
633.3555, 103.1495
633.8376, 114.7079
634.3198, 124.6100
634.8019, 124.5334
635.2840, 110.6194
635.7661, 103.1111
636.2482, 109.3305
636.7303, 118.1404
637.2125, 121.6099
637.6946, 116.6999
638.1767, 115.4066
638.6588, 118.6259
639.1409, 124.7880
639.6230, 133.7351
640.1052, 145.0188
640.5873, 150.1932
641.0694, 145.0497
641.5515, 136.3415
642.0336, 134.0020
642.5157, 136.5612
642.9979, 139.7163
643.4800, 141.2734
643.9621, 142.7181
644.4442, 146.7661
644.9263, 152.3770
645.4084, 153.4119
645.8906, 140.1531
646.3727, 128.6124
646.8548, 127.5046
647.3369, 138.3834
647.8190, 147.4862
648.3011, 155.2379
648.7833, 160.4703
649.2654, 161.4177
649.7475, 157.6187
650.2296, 155.5170
650.7117, 155.8604
651.1938, 156.3936
651.6760, 153.0201
652.1581, 147.4070
652.6402, 145.1774
653.1223, 148.9757
653.6044, 154.0712
654.0865, 157.3428
654.5687, 158.7292
655.0508, 158.1689
655.5329, 153.9075
656.0150, 149.4558
656.4971, 144.3732
656.9792, 139.6585
657.4614, 140.5045
657.9435, 152.6815
658.4256, 162.3802
658.9077, 163.8119
659.3898, 157.4814
659.8719, 156.8235
660.3541, 163.0614
660.8362, 169.2159
661.3183, 170.3110
661.8004, 167.2388
662.2825, 162.6022
662.7646, 156.3631
663.2468, 151.8425
663.7289, 154.4717
664.2110, 159.8399
664.6931, 161.7591
665.1752, 159.0431
665.6573, 152.7432
666.1395, 137.8337
666.6216, 121.9146
667.1037, 113.7267
667.5858, 121.8517
668.0679, 128.5154
668.5500, 131.3991
669.0322, 132.5806
669.5143, 137.4700
669.9964, 147.6664
670.4785, 153.5519
670.9606, 150.6382
671.4427, 142.2418
671.9249, 137.1602
672.4070, 135.2748
672.8891, 134.7338
673.3712, 133.5439
673.8533, 133.6677
674.3354, 139.6558
674.8176, 150.8079
675.2997, 158.8098
675.7818, 155.4224
676.2639, 150.4265
676.7460, 151.0385
677.2281, 160.7720
677.7103, 163.9653
678.1924, 156.1595
678.6745, 145.9041
679.1566, 138.1843
679.6387, 132.5014
680.1208, 133.9711
680.6030, 145.0576
681.0851, 157.1292
681.5672, 159.1693
682.0493, 152.7082
682.5314, 143.7113
683.0135, 132.1676
683.4957, 123.0171
683.9778, 123.5442
684.4599, 130.0232
684.9420, 135.4543
685.4241, 136.3593
685.9063, 136.6852
686.3884, 138.0069
686.8705, 139.9957
687.3526, 141.4094
687.8347, 144.9000
688.3168, 143.6801
688.7990, 134.0828
689.2811, 117.8440
689.7632, 107.4708
690.2453, 103.4551
690.7274, 102.0996
691.2095, 102.7355
691.6917, 104.3341
692.1738, 102.7562
692.6559, 98.19562
693.1380, 95.22534
693.6201, 100.0165
694.1022, 106.3479
694.5844, 107.4852
695.0665, 101.6786
695.5486, 96.74664
696.0307, 95.29242
696.5128, 95.82922
696.9949, 97.55151
697.4771, 103.6884
697.9592, 103.4567
698.4413, 93.29022
698.9234, 81.37994
699.4055, 79.19543
699.8876, 86.98981
700.3698, 90.97192
700.8519, 88.46509
701.3340, 82.21844
701.8161, 74.33630
702.2982, 65.75861
702.7803, 58.72247
703.2625, 52.80994
703.7446, 50.24017
704.2267, 55.91248
704.7088, 65.87329
705.1909, 71.39569
705.6730, 65.33606
706.1552, 59.94183
706.6373, 58.64343
707.1194, 60.43610
707.6015, 60.64728
708.0836, 58.85199
708.5657, 56.71997
709.0479, 54.88171
709.5300, 53.22626
710.0121, 51.32123
710.4942, 49.14893
710.9763, 46.81506
711.4584, 43.83545
711.9406, 40.98047
712.4227, 39.32904
712.9048, 38.89728
713.3869, 38.73254
713.8690, 38.49304
714.3511, 38.29315
714.8333, 38.82123
715.3154, 41.73523
715.7975, 39.54266
716.2796, 29.01080
716.7617, 17.30695
717.2438, 9.930054
717.7260, 7.290771
718.2081, 5.366638
718.6902, 3.918518
719.1723, 3.347412
719.6544, 5.856140
720.1365, 9.558533
720.6187, 8.782959
721.1008, 0.3316040
721.5829, 6.907776
722.0650, 3.443115
722.5471, 4.301758
723.0292, 7.751160
723.5114, 2.035278
723.9935, 8.345703
724.4756, 5.984253
724.9577, 0.3931880
725.4398, 3.058472
725.9219, 1.183655
726.4041, 2.367249
726.8862, 8.281616
727.3683, 14.46240
727.8504, 13.72162
728.3325, 7.139465
728.8146, 2.489929
729.2968, 5.526672
729.7789, 10.46289
730.2610, 9.648621
730.7431, 4.904724
731.2252, 2.346497
731.7073, 7.383728
732.1895, 12.42694
732.6716, 13.92059
733.1537, 12.01379
733.6358, 11.00165
734.1179, 12.50995
734.6000, 12.12366
735.0822, 6.481201
735.5643, 3.675232
736.0464, 7.916870
736.5285, 5.542236
737.0106, 0.7871700
737.4927, 4.917419
737.9749, 9.780518
738.4570, 10.39990
738.9391, 6.746704
739.4212, 2.052002
739.9033, 3.726563
740.3854, 8.840027
740.8676, 11.03412
741.3497, 8.387451
741.8318, 9.048828
742.3139, 17.22095
742.7960, 24.50262
743.2781, 23.94928
743.7603, 13.67535
744.2424, 8.276550
744.7245, 8.626587
745.2066, 12.35431
745.6887, 18.96472
746.1708, 26.91528
746.6530, 31.77667
747.1351, 32.62476
747.6172, 32.97528
748.0993, 34.67792
748.5814, 36.09967
749.0635, 36.26886
749.5457, 35.76434
750.0278, 33.03760
750.5099, 24.29846
750.9920, 16.12933
751.4741, 16.79382
751.9562, 28.72614
752.4384, 36.58234
752.9205, 37.40460
753.4026, 35.58948
753.8847, 38.76648
754.3668, 45.54932
754.8489, 50.10474
755.3311, 49.66901
755.8132, 48.02173
756.2953, 48.61462
756.7774, 50.32440
757.2595, 51.13715
757.7416, 48.74487
758.2238, 47.47516
758.7059, 49.81262
759.1880, 53.38745
759.6701, 52.28510
760.1522, 43.44830
760.6343, 40.62268
761.1165, 49.94489
761.5986, 64.66125
762.0807, 66.29596
762.5628, 57.17053
763.0449, 50.86926
763.5270, 58.21045
764.0092, 67.17639
764.4913, 64.33423
764.9734, 53.48743
765.4555, 46.36133
765.9376, 51.18396
766.4197, 56.16998
766.9019, 57.23724
767.3840, 55.08356
767.8661, 52.87128
768.3482, 50.77795
768.8303, 47.92773
769.3124, 42.67322
769.7946, 36.88080
770.2767, 38.97241
770.7588, 47.98761
771.2409, 54.89545
771.7230, 50.45062
772.2051, 43.90295
772.6873, 46.68085
773.1694, 57.25757
773.6515, 62.73419
774.1336, 51.81024
774.6157, 41.42542
775.0978, 39.84253
775.5800, 46.67462
776.0621, 50.69177
776.5442, 51.67633
777.0263, 50.41626
777.5084, 45.76251
777.9905, 39.04846
778.4727, 37.76776
778.9548, 41.59991
779.4369, 44.68726
779.9190, 42.07849
780.4011, 37.92114
780.8832, 37.02472
781.3654, 39.57556
781.8475, 39.36975
782.3296, 31.88934
782.8117, 24.30334
783.2938, 19.25116
783.7759, 16.62646
784.2581, 18.78827
784.7402, 27.51038
785.2223, 34.68341
785.7044, 33.59235
786.1865, 26.90350
786.6686, 24.16852
787.1508, 25.26166
787.6329, 26.17529
788.1150, 24.40796
788.5971, 21.46344
789.0792, 18.17261
789.5613, 14.09570
790.0435, 10.55835
790.5256, 8.206848
791.0077, 6.732544
791.4898, 6.167908
791.9719, 6.752625
792.4540, 4.611267
792.9362, 0.9439090
793.4183, 4.625977
793.9004, 0.3452760
794.3825, 8.626343
794.8646, 12.47571
795.3467, 10.29602
795.8289, 6.705811
796.3110, 5.610535
796.7931, 4.895569
797.2752, 2.270142
797.7573, 3.409607
798.2394, 7.387512
798.7216, 8.784668
799.2037, 8.840027
799.6858, 8.321655
800.1679, 7.318604
800.6500, 4.776489
801.1321, 0.5200810
801.6143, 4.370239
802.0964, 10.21503
802.5785, 15.62231
803.0606, 18.00500
803.5427, 16.97083
804.0248, 13.12280
804.5070, 2.153259
804.9891, 8.284729
805.4712, 11.82104
805.9533, 5.146790
806.4354, 0.4951170
806.9175, 5.961975
807.3997, 9.034119
807.8818, 6.251404
808.3639, 2.130127
808.8460, 4.107117
809.3281, 1.138489
809.8102, 7.730896
810.2924, 11.21210
810.7745, 12.39203
811.2566, 11.28943
811.7387, 7.440369
812.2208, 6.435059
812.7029, 15.02875
813.1851, 23.93915
813.6672, 26.38940
814.1493, 20.77625
814.6314, 14.98773
815.1135, 7.973083
815.5956, 3.529236
816.0778, 6.751526
816.5599, 15.58582
817.0420, 20.14978
817.5241, 19.85883
818.0062, 18.54291
818.4883, 18.90344
818.9705, 19.89978
819.4526, 20.14886
819.9347, 19.15295
820.4168, 19.98376
820.8989, 28.09131
821.3810, 33.62067
821.8632, 29.85809
822.3453, 15.08539
822.8274, 8.773438
823.3095, 11.93024
823.7916, 18.00745
824.2737, 23.80469
824.7559, 28.23370
825.2380, 27.94733
825.7201, 22.93121
826.2022, 18.32788
826.6843, 15.83801
827.1664, 15.96063
827.6486, 20.15393
828.1307, 29.55493
828.6128, 35.27570
829.0949, 36.00751
829.5770, 35.31995
830.0591, 34.82971
830.5413, 34.56219
831.0234, 35.47711
831.5055, 37.53430
831.9876, 37.99432
832.4697, 32.21234
832.9518, 25.51410
833.4340, 24.98102
833.9161, 30.44086
834.3982, 33.56879
834.8803, 26.83057
835.3624, 21.81757
835.8445, 24.55109
836.3267, 34.55109
836.8088, 41.25757
837.2909, 44.57416
837.7730, 44.72998
838.2551, 39.66406
838.7372, 32.19220
839.2194, 30.16241
839.7015, 32.73132
840.1836, 35.02295
840.6657, 33.33099
841.1478, 31.20721
841.6299, 30.67810
842.1121, 31.88330
842.5942, 34.19531
843.0763, 38.35480
843.5584, 41.93536
844.0405, 44.50372
844.5226, 45.77887
845.0048, 43.70880
845.4869, 38.55597
845.9690, 34.41974
846.4511, 35.52850
846.9332, 36.86133
847.4153, 29.96686
847.8975, 18.60358
848.3796, 13.42310
848.8617, 25.13312
849.3438, 35.64423
849.8259, 40.07599
850.3080, 39.68164
850.7902, 36.74030
851.2723, 30.69824
851.7544, 26.45868
852.2365, 25.55548
852.7186, 26.68579
853.2007, 27.93585
853.6829, 29.59680
854.1650, 32.74634
854.6471, 40.67395
855.1292, 46.40472
855.6113, 43.09241
856.0934, 35.99274
856.5756, 35.55359
857.0577, 50.10846
857.5398, 53.84967
858.0219, 39.52692
858.5040, 20.45123
858.9861, 21.03265
859.4683, 37.27930
859.9504, 47.35156
860.4325, 44.96228
860.9146, 38.56915
861.3967, 33.39746
861.8788, 29.77026
862.3610, 27.88519
862.8431, 27.63971
863.3252, 29.19763
863.8073, 35.60919
864.2894, 41.76770
864.7715, 42.38831
865.2537, 37.14520
865.7358, 28.90344
866.2179, 16.79572
866.7000, 6.536987
867.1821, 4.214783
867.6642, 7.487000
868.1464, 14.70593
868.6285, 26.79266
869.1106, 34.63684
869.5927, 32.35718
870.0748, 26.54004
870.5569, 21.47296
871.0391, 17.19855
871.5212, 12.36804
872.0033, 6.107239
872.4854, 2.695984
872.9675, 7.809082
873.4496, 17.56818
873.9318, 22.61438
874.4139, 22.92676
874.8960, 22.06781
875.3781, 22.10321
875.8602, 21.65912
876.3423, 18.87213
876.8245, 13.86438
877.3066, 12.79114
877.7887, 17.30212
878.2708, 22.08557
878.7529, 25.02368
879.2350, 26.60901
879.7172, 28.96344
880.1993, 31.72083
880.6814, 32.80682
881.1635, 29.83160
881.6456, 26.01758
882.1277, 23.41351
882.6099, 21.85547
883.0920, 20.79175
883.5741, 17.59778
884.0562, 18.92108
884.5383, 28.10712
885.0204, 40.48328
885.5026, 45.46136
885.9847, 43.42456
886.4668, 40.31738
886.9489, 37.64203
887.4310, 34.96631
887.9131, 29.38495
888.3953, 24.29089
888.8774, 25.04163
889.3595, 40.94928
889.8416, 50.76007
890.3237, 48.00903
890.8058, 41.12140
891.2880, 38.53210
891.7701, 40.53259
892.2522, 43.85046
892.7343, 48.49811
893.2164, 52.72473
893.6985, 55.00146
894.1807, 55.59039
894.6628, 53.91528
895.1449, 49.25458
895.6270, 47.18188
896.1091, 53.08032
896.5912, 59.21436
897.0734, 60.60107
897.5555, 56.69403
898.0376, 54.88507
898.5197, 55.45245
899.0018, 56.56714
899.4839, 56.15955
899.9661, 55.75989
900.4482, 59.99988
900.9303, 67.82690
901.4124, 72.04901
901.8945, 62.10968
902.3766, 54.69324
902.8588, 61.02069
903.3409, 77.36823
903.8230, 86.81116
904.3051, 88.34668
904.7872, 86.88373
905.2693, 83.13110
905.7515, 78.42834
906.2336, 75.93524
906.7157, 74.79565
907.1978, 72.44360
907.6799, 64.76215
908.1620, 59.52100
908.6442, 62.69879
909.1263, 69.75409
909.6084, 73.02838
910.0905, 71.03516
910.5726, 68.70026
911.0547, 66.09729
911.5369, 64.11188
912.0190, 65.25085
912.5011, 67.88922
912.9832, 66.60895
913.4653, 59.78009
913.9474, 53.82605
914.4296, 53.32959
914.9117, 55.12909
915.3938, 56.81836
915.8759, 58.37854
916.3580, 58.83911
916.8401, 57.87244
917.3223, 56.58575
917.8044, 56.60803
918.2865, 52.65668
918.7686, 52.78351
919.2507, 44.64850
919.7328, 37.35132
920.2150, 32.66510
920.6971, 30.91180
921.1792, 34.90619
921.6613, 43.12378
922.1434, 44.34259
922.6255, 34.79010
923.1077, 26.73987
923.5898, 24.07086
924.0719, 24.67322
924.5540, 22.60577
925.0361, 19.12726
925.5182, 19.82526
926.0004, 30.32501
926.4825, 39.67242
926.9646, 40.04559
927.4467, 35.28436
927.9288, 30.99792
928.4109, 27.21429
928.8931, 24.86639
929.3752, 24.16382
929.8573, 24.61151
930.3394, 27.49921
930.8215, 31.17706
931.3036, 28.21930
931.7858, 17.24817
932.2679, 7.828796
932.7500, 8.240173
933.2321, 11.59985
933.7142, 12.97845
934.1964, 11.79388
934.6785, 8.757080
935.1606, 2.119019
935.6427, 1.950867
936.1248, 0.6378170
936.6069, 8.076904
937.0891, 15.38513
937.5712, 22.20142
938.0533, 26.48956
938.5354, 25.73724
939.0175, 23.61597
939.4996, 21.55127
939.9818, 19.72815
940.4639, 18.71667
940.9460, 19.21362
941.4281, 18.46301
941.9102, 15.43445
942.3923, 12.22687
942.8745, 12.73462
943.3566, 15.87024
943.8387, 18.63849
944.3208, 20.44525
944.8029, 21.28387
945.2850, 19.82391
945.7672, 18.22198
946.2493, 19.14221
946.7314, 24.21185
947.2135, 25.70062
947.6956, 22.33209
948.1777, 18.11060
948.6599, 16.36401
949.1420, 16.70752
949.6241, 20.12006
950.1062, 25.65802
950.5883, 26.40308
951.0704, 10.05334
951.5526, 4.108521
952.0347, 3.191650
952.5168, 8.807495
952.9989, 17.77960
953.4810, 23.72443
953.9631, 26.49402
954.4453, 25.72046
954.9274, 22.34393
955.4095, 14.47699
955.8916, 5.710449
956.3737, 4.337280
956.8558, 18.82666
957.3380, 29.93878
957.8201, 28.38568
958.3022, 22.44452
958.7843, 20.20428
959.2664, 23.02509
959.7485, 22.68573
960.2307, 18.04480
960.7128, 13.45325
961.1949, 14.21515
961.6770, 17.44830
962.1591, 18.02997
962.6412, 15.87054
963.1234, 15.99316
963.6055, 23.39240
964.0876, 29.79865
964.5697, 31.92694
965.0518, 30.77960
965.5339, 31.00604
966.0161, 32.59857
966.4982, 33.49274
966.9803, 32.22491
967.4624, 30.75397
967.9445, 32.69818
968.4266, 35.76447
968.9088, 36.13849
969.3909, 27.95026
969.8730, 24.25165
970.3551, 27.66663
970.8372, 33.19891
971.3193, 36.37170
971.8015, 37.44153
972.2836, 35.55231
972.7657, 29.67688
973.2478, 25.24573
973.7299, 27.91193
974.2120, 32.37561
974.6942, 33.97668
975.1763, 32.33008
975.6584, 32.11310
976.1405, 35.06726
976.6226, 35.91132
977.1047, 31.45312
977.5869, 24.59686
978.0690, 23.95544
978.5511, 28.19489
979.0332, 32.37732
979.5153, 35.55164
979.9974, 36.70648
980.4796, 33.78534
980.9617, 29.12567
981.4438, 26.29974
981.9259, 26.29053
982.4080, 25.02319
982.8901, 21.99109
983.3723, 18.88037
983.8544, 17.52423
984.3365, 17.25092
984.8186, 17.25201
985.3007, 17.39246
985.7828, 16.18195
986.2650, 10.35895
986.7471, 6.380554
987.2292, 7.287964
987.7113, 11.53711
988.1934, 12.47003
988.6755, 10.04541
989.1577, 8.515076
989.6398, 10.34607
990.1219, 12.42737
990.6040, 9.253052
991.0861, 4.165100
991.5682, 2.905151
992.0504, 12.39490
992.5325, 17.52240
993.0146, 16.08746
993.4967, 11.56989
993.9788, 5.364075
994.4609, 1.760376
994.9431, 1.199158
995.4252, 7.453003
995.9073, 14.95526
996.3894, 14.00861
996.8715, 9.824036
997.3536, 4.758362
997.8358, 0.4827880
998.3179, 1.964722
998.8000, 1.182190
999.2821, 6.424438
999.7642, 14.66797
1000.246, 22.26538
1000.728, 20.12183
1001.211, 11.35040
1001.693, 3.834290
1002.175, 0.1903080
1002.657, 2.311584
1003.139, 1.139832
1003.621, 0.2344360
1004.103, 1.707764
1004.585, 8.472260
1005.068, 8.811768
1005.550, 2.104706
1006.032, 4.859802
1006.514, 7.487885
1006.996, 7.074799
1007.478, 3.448792
1007.960, 2.341522
1008.442, 4.924591
1008.924, 1.173615
1009.407, 5.234894
1009.889, 4.153259
1010.371, 0.9069820
1010.853, 2.572052
1011.335, 8.159485
1011.817, 10.56924
1012.299, 7.388611
1012.781, 4.293457
1013.263, 7.663239
1013.746, 11.84357
1014.228, 10.53223
1014.710, 1.752594
1015.192, 3.209686
1015.674, 3.231384
1016.156, 3.060669
1016.638, 7.143921
1017.120, 12.33975
1017.603, 10.43332
1018.085, 3.354279
1018.567, 2.059814
1019.049, 1.141846
1019.531, 2.7470000E-03
1020.013, 0.3587950
1020.495, 0.5810550
1020.977, 4.691742
1021.459, 12.11456
1021.942, 15.87180
1022.424, 14.89188
1022.906, 11.68399
1023.388, 5.893097
1023.870, 0.8315730
1024.352, 0.7399900
1024.834, 6.498291
1025.316, 10.16504
1025.799, 11.11209
1026.281, 10.08963
1026.763, 6.321045
1027.245, 1.691895
1027.727, 2.343567
1028.209, 6.413208
1028.691, 7.275330
1029.173, 2.402649
1029.656, 8.212036
1030.138, 1.917664
1030.620, 15.91284
1031.102, 20.16391
1031.584, 11.96420
1032.066, 10.38794
1032.548, 16.57635
1033.030, 22.01843
1033.512, 17.62714
1033.995, 9.860840
1034.477, 5.827789
1034.959, 5.598846
1035.441, 7.173645
1035.923, 13.55170
1036.405, 16.18301
1036.887, 11.79694
1037.369, 4.680573
1037.851, 3.260803
1038.334, 6.423706
1038.816, 10.06757
1039.298, 13.57944
1039.780, 16.11099
1040.262, 15.85202
1040.744, 15.45782
1041.226, 17.95013
1041.708, 23.79663
1042.191, 24.08115
1042.673, 18.34616
1043.155, 10.97153
1043.637, 1.745270
1044.119, 5.601044
1044.601, 5.000061
1045.083, 1.404297
1045.565, 8.678528
1046.047, 18.79651
1046.530, 24.51920
1047.012, 24.24066
1047.494, 20.98535
1047.976, 16.87161
1048.458, 12.32480
1048.940, 12.31104
1049.422, 17.14389
1049.904, 21.23773
1050.386, 20.36572
1050.869, 18.37717
1051.351, 17.34103
1051.833, 17.16840
1052.315, 16.92807
1052.797, 16.41425
1053.279, 18.37823
1053.761, 24.52640
1054.243, 30.76990
1054.726, 31.54135
1055.208, 29.32343
1055.690, 27.67517
1056.172, 27.90613
1056.654, 26.46829
1057.136, 21.63803
1057.618, 17.75281
1058.100, 18.05200
1058.583, 21.31573
1059.065, 21.97089
1059.547, 20.80261
1060.029, 21.60666
1060.511, 30.02274
1060.993, 36.58456
1061.475, 35.50079
1061.957, 30.97583
1062.439, 28.38345
1062.922, 28.13403
1063.404, 30.35849
1063.886, 35.29587
1064.368, 37.76663
1064.850, 29.77917
1065.332, 19.51520
1065.814, 14.31863
1066.296, 14.78442
1066.778, 20.43292
1067.261, 34.59735
1067.743, 44.32477
1068.225, 45.28192
1068.707, 42.08771
1069.189, 43.55490
1069.671, 47.59650
1070.153, 49.11774
1070.635, 45.51077
1071.118, 41.75232
1071.600, 40.20276
1072.082, 39.53375
1072.564, 38.29880
1073.046, 36.59000
1073.528, 41.10876
1074.010, 51.19968
1074.492, 57.04987
1074.974, 49.22794
1075.457, 40.35614
1075.939, 40.69873
1076.421, 46.02905
1076.903, 49.54568
1077.385, 48.96970
1077.867, 48.99088
1078.349, 50.75507
1078.831, 51.08545
1079.313, 45.09830
1079.796, 36.62015
1080.278, 30.10663
1080.760, 26.13156
1081.242, 26.80975
1081.724, 40.73483
1082.206, 48.22516
1082.688, 42.69571
1083.170, 32.07184
1083.652, 33.03122
1084.135, 41.78201
1084.617, 42.86188
1085.099, 32.27075
1085.581, 22.36545
1086.063, 19.60574
1086.545, 20.69684
1087.027, 24.25620
1087.509, 29.65839
1087.992, 32.77637
1088.474, 33.11713
1088.956, 29.94489
1089.438, 20.33203
1089.920, 12.00894
1090.402, 12.91159
1090.884, 18.96777
1091.366, 25.25742
1091.849, 32.69916
1092.331, 35.29111
1092.813, 31.44818
1093.295, 28.09164
1093.777, 32.20511
1094.259, 39.31479
1094.741, 41.28964
1095.223, 38.86420
1095.705, 34.95068
1096.188, 28.86865
1096.670, 23.97012
1097.152, 21.24088
1097.634, 19.45474
1098.116, 15.55957
1098.598, 10.64291
1099.080, 11.22409
1099.562, 17.82578
1100.044, 22.95416
1100.527, 20.52292
1101.009, 16.75537
1101.491, 14.34198
1101.973, 13.00388
1102.455, 13.96579
1102.937, 17.60489
1103.419, 19.78464
1103.901, 19.49539
1104.384, 16.94434
1104.866, 7.668335
1105.348, 0.7358090
1105.830, 1.654388
1106.312, 17.86008
1106.794, 23.69855
1107.276, 16.47403
1107.758, 9.560242
1108.240, 9.294922
1108.723, 12.48169
1109.205, 15.54538
1109.687, 17.83511
1110.169, 17.90808
1110.651, 11.67044
1111.133, 10.58533
1111.615, 17.68930
1112.097, 25.62881
1112.579, 29.92422
1113.062, 30.33737
1113.544, 23.60080
1114.026, 11.41541
1114.508, 2.272217
1114.990, 2.200104
1115.472, 3.523163
1115.954, 3.554352
1116.436, 3.987488
1116.919, 8.348572
1117.401, 16.08353
1117.883, 18.28055
1118.365, 14.15707
1118.847, 9.633728
1119.329, 7.914276
1119.811, 8.223633
1120.293, 12.17310
1120.776, 17.70001
1121.258, 17.00674
1121.740, 9.211487
1122.222, 4.526001
1122.704, 5.674683
1123.186, 7.853638
1123.668, 4.958771
1124.150, 1.128204
1124.632, 1.407013
1125.115, 6.926636
1125.597, 9.986938
1126.079, 10.42856
1126.561, 8.149902
1127.043, 1.499969
1127.525, 5.294525
1128.007, 3.907623
1128.489, 1.836029
1128.971, 5.059357
1129.454, 2.033020
1129.936, 2.462402
1130.418, 9.282471
1130.900, 15.69482
1131.382, 16.77719
1131.864, 14.69226
1132.346, 18.32443
1132.828, 24.83026
1133.311, 24.77991
1133.793, 3.690186
1134.275, 10.40936
1134.757, 9.169769
1135.239, 1.329651
1135.721, 6.932129
1136.203, 15.10974
1136.685, 18.77292
1137.167, 18.20605
1137.650, 17.65808
1138.132, 20.29993
1138.614, 22.91617
1139.096, 25.19150
1139.578, 25.81326
1140.060, 21.39386
1140.542, 11.75485
1141.024, 5.921967
1141.506, 4.933655
1141.989, 5.724457
1142.471, 5.500336
1142.953, 6.424652
1143.435, 12.46002
1143.917, 21.47232
1144.399, 22.65665
1144.881, 14.52609
1145.363, 8.958832
1145.846, 9.162170
1146.328, 10.23877
1146.810, 4.522095
1147.292, 1.645813
1147.774, 0.3092040
1148.256, 10.21124
1148.738, 16.25955
1149.220, 16.34631
1149.703, 16.90244
1150.185, 20.87146
1150.667, 24.95074
1151.149, 23.94305
1151.631, 19.96249
1152.113, 15.99902
1152.595, 12.01740
1153.077, 11.11209
1153.559, 15.66281
1154.042, 17.70157
1154.524, 10.28864
1155.006, 0.1545720
1155.488, 3.614502
1155.970, 15.87979
1156.452, 22.44046
1156.934, 13.85922
1157.416, 8.038177
1157.898, 7.472778
1158.381, 9.542419
1158.863, 13.51279
1159.345, 18.43665
1159.827, 19.41119
1160.309, 17.58316
1160.791, 17.59497
1161.273, 23.14084
1161.755, 28.88239
1162.238, 35.06461
1162.720, 39.16281
1163.202, 36.82730
1163.684, 29.65277
1164.166, 25.99435
1164.648, 25.76068
1165.130, 25.82971
1165.612, 24.82413
1166.094, 23.34079
1166.577, 22.05194
1167.059, 20.16879
1167.541, 15.65701
1168.023, 8.857452
1168.505, 4.530304
1168.987, 3.150757
1169.469, 3.629974
1169.951, 5.693665
1170.433, 8.799255
1170.916, 13.68060
1171.398, 19.19370
1171.880, 23.07425
1172.362, 25.23358
1172.844, 23.26807
1173.326, 16.20486
1173.808, 9.257477
1174.290, 6.431824
1174.773, 5.861237
1175.255, 5.905731
1175.737, 6.754913
1176.219, 11.64108
1176.701, 20.95337
1177.183, 25.35992
1177.665, 20.79129
1178.147, 16.36697
1178.630, 24.67630
1179.112, 34.71976
1179.594, 33.63550
1180.076, 20.87793
1180.558, 16.61493
1181.040, 22.07639
1181.522, 23.75809
1182.004, 14.00739
1182.486, 3.482361
1182.969, 4.801453
1183.451, 11.78790
1183.933, 17.57007
1184.415, 21.48431
1184.897, 23.53223
1185.379, 23.00452
1185.861, 21.60614
1186.343, 18.30713
1186.825, 16.48727
1187.308, 23.31665
1187.790, 32.98883
1188.272, 35.40823
1188.754, 24.61636
1189.236, 21.78900
1189.718, 28.64011
1190.200, 34.59778
1190.682, 31.53976
1191.165, 24.80252
1191.647, 19.60156
1192.129, 15.59259
1192.611, 14.26956
1193.093, 15.91663
1193.575, 22.11301
1194.057, 34.67703
1194.539, 43.88333
1195.021, 37.36108
1195.504, 26.05804
1195.986, 27.54382
1196.468, 36.81647
1196.950, 38.04547
1197.432, 21.67371
1197.914, 13.20474
1198.396, 15.25134
1198.878, 21.15134
1199.360, 26.50226
1199.843, 30.63498
1200.325, 32.21262
1200.807, 31.60498
1201.289, 30.18301
1201.771, 26.80923
1202.253, 24.51355
1202.735, 23.74664
1203.217, 23.81589
1203.700, 23.97122
1204.182, 24.47263
1204.664, 26.75385
1205.146, 30.01501
1205.628, 29.80615
1206.110, 24.14026
1206.592, 17.82565
1207.074, 10.44009
1207.557, 5.360626
1208.039, 9.649078
1208.521, 17.43250
1209.003, 19.43558
1209.485, 15.30942
1209.967, 13.64789
1210.449, 17.40536
1210.931, 18.65176
1211.413, 14.57184
1211.896, 10.65781
1212.378, 17.81076
1212.860, 28.04056
1213.342, 27.29483
1213.824, 14.07648
1214.306, 8.836273
1214.788, 16.58862
1215.270, 23.74161
1215.752, 27.10477
1216.235, 27.51178
1216.717, 24.79257
1217.199, 20.50247
1217.681, 16.78110
1218.163, 13.91354
1218.645, 11.40778
1219.127, 9.170807
1219.609, 7.344910
1220.092, 5.881012
1220.574, 5.003235
1221.056, 3.991547
1221.538, 4.302917
1222.020, 8.784760
1222.502, 18.57986
1222.984, 26.63922
1223.466, 33.10510
1223.948, 36.09216
1224.431, 34.24966
1224.913, 29.96371
1225.395, 25.94635
1225.877, 22.07230
1226.359, 17.33090
1226.841, 10.56824
1227.323, 11.09091
1227.805, 21.46149
1228.287, 28.51996
1228.770, 25.52371
1229.252, 18.82916
1229.734, 16.23178
1230.216, 15.86087
1230.698, 15.28238
1231.180, 14.03143
1231.662, 13.11926
1232.144, 12.51926
1232.627, 12.29114
1233.109, 12.27829
1233.591, 12.98218
1234.073, 15.87900
1234.555, 19.46231
1235.037, 22.16327
1235.519, 24.44717
1236.001, 20.64548
1236.484, 9.863068
1236.966, 1.877747
1237.448, 3.532379
1237.930, 7.241028
1238.412, 4.652069
1238.894, 0.2075810
1239.376, 1.459137
1239.858, 1.832947
1240.340, 2.441284
1240.823, 0.3260800
1241.305, 2.371094
1241.787, 5.611603
1242.269, 7.519135
1242.751, 5.667267
1243.233, 5.109985
1243.715, 0.8280940
1244.197, 2.417847
1244.679, 7.454163
1245.162, 15.91431
1245.644, 21.25095
1246.126, 18.40497
1246.608, 13.90005
1247.090, 11.91690
1247.572, 11.09830
1248.054, 9.918915
1248.536, 8.464142
1249.019, 6.624390
1249.501, 4.449524
1249.983, 2.816376
1250.465, 2.619446
1250.947, 2.498718
1251.429, 0.1703800
1251.911, 1.169830
1252.393, 5.030273
1252.875, 17.73407
1253.358, 23.67233
1253.840, 23.47217
1254.322, 21.57617
1254.804, 18.12027
1255.286, 16.10153
1255.768, 18.15494
1256.250, 20.64606
1256.732, 20.50986
1257.214, 17.91428
1257.697, 11.39029
1258.179, 2.465881
1258.661, 2.627808
1259.143, 2.727905
1259.625, 6.829712
1260.107, 6.614838
1260.589, 5.521729
1261.071, 6.198639
1261.554, 8.434204
1262.036, 13.76340
1262.518, 20.24091
1263.000, 21.66458
1263.482, 8.021454
1263.964, 0.7694400
1264.446, 2.501221
1264.928, 8.684296
1265.411, 18.67252
1265.893, 28.99680
1266.375, 31.21829
1266.857, 27.62067
1267.339, 24.71555
1267.821, 25.38742
1268.303, 24.73660
1268.785, 22.85953
1269.267, 19.14154
1269.750, 9.322296
1270.232, 0.1719360
1270.714, 1.960144
1271.196, 11.01587
1271.678, 16.22885
1272.160, 16.38028
1272.642, 13.39856
1273.124, 7.259186
1273.606, 3.917908
1274.089, 8.107330
1274.571, 14.13562
1275.053, 18.11774
1275.535, 19.77338
1276.017, 18.73694
1276.499, 14.27771
1276.981, 12.17392
1277.463, 12.48563
1277.946, 12.32440
1278.428, 10.34219
1278.910, 7.652740
1279.392, 3.289948
1279.874, 0.2401120
1280.356, 2.697296
1280.838, 10.07837
1281.320, 12.76855
1281.802, 12.52820
1282.285, 11.98373
1282.767, 14.81650
1283.249, 15.82001
1283.731, 9.982574
1284.213, 3.935333
1284.695, 3.985565
1285.177, 8.326660
1285.659, 10.25647
1286.141, 10.30902
1286.624, 10.66098
1287.106, 14.24542
1287.588, 14.72818
1288.070, 8.514343
1288.552, 1.972656
1289.034, 1.402100
1289.516, 4.567474
1289.998, 6.392151
1290.481, 7.692688
1290.963, 10.88248
1291.445, 20.64301
1291.927, 23.40887
1292.409, 18.71927
1292.891, 12.86975
1293.373, 9.803101
1293.855, 8.746277
1294.338, 10.97128
1294.820, 14.55414
1295.302, 14.78238
1295.784, 10.45328
1296.266, 6.334900
1296.748, 3.106354
1297.230, 1.394989
1297.712, 0.6194460
1298.194, 2.489807
1298.677, 12.27814
1299.159, 22.82355
1299.641, 25.16510
1300.123, 19.09277
1300.605, 11.51627
1301.087, 3.702179
1301.569, 0.1783750
1302.051, 6.401917
1302.533, 6.726440
1303.016, 0.0000000E+00
##END=



