##NAMES=Columbite-(Mn)
##RRUFFID=R040083
##IDEAL CHEMISTRY=Mn^2+^Nb^5+^_2_O_6_
##LOCALITY=Mina Miramica, Santa Cruz, Bolivia
##OWNER=RRUFF
##SOURCE=University of Arizona Mineral Museum
##DESCRIPTION=Fragment consisting of multiple phases as shown by both X-ray diffraction and microprobe.
##STATUS=The identification of this mineral has been confirmed by X-ray diffraction and chemical analysis
##URL=rruff.info/R040083
##MEASURED CHEMISTRY=Light bands: (Mn^2+^_0.78_Fe^2+^_0.21_Ti_0.01_)(Nb_0.74_Ta_0.25_Ti_0.01_)_2_O_6_; Dark bands:(Mn^2+^_0.73_Fe^2+^_0.26_Ti_0.01_)(Nb_0.86_Ta_0.13_Ti_0.01_)_2_O_6_
117.918, 0.000
118.758, 12.655
119.599, 10.648
120.439, 4.254
121.280, 58.466
122.120, 127.854
122.960, 254.815
123.800, 327.680
124.640, 308.813
125.480, 340.999
126.319, 431.424
127.159, 505.799
127.998, 626.963
128.838, 696.717
129.677, 819.928
130.516, 1060.402
131.355, 1072.932
132.194, 1103.967
133.033, 1134.763
133.872, 1079.875
134.711, 1031.368
135.549, 960.128
136.388, 926.111
137.226, 855.439
138.064, 814.209
138.903, 764.500
139.741, 696.376
140.579, 610.894
141.416, 425.772
142.254, 319.490
143.092, 328.983
143.929, 227.066
144.767, 226.857
145.604, 217.257
146.442, 263.466
147.279, 232.623
148.116, 164.848
148.953, 202.748
149.790, 173.995
150.626, 98.171
151.463, 168.976
152.300, 179.262
153.136, 171.678
153.973, 137.213
154.809, 168.862
155.645, 197.614
156.481, 114.460
157.317, 155.389
158.153, 43.393
158.989, 120.465
159.824, 93.601
160.660, 95.798
161.495, 55.054
162.331, 42.810
163.166, 29.903
164.001, 6.163
164.836, 8.360
165.671, 11.512
166.506, 12.750
167.341, 6.566
168.175, 15.946
169.010, 7.239
169.844, 7.574
170.679, 1.418
171.513, 13.648
172.347, 7.347
173.181, 8.073
174.015, 9.295
174.849, 16.818
175.683, 3.497
176.517, 7.436
177.350, 8.757
178.184, 8.456
179.017, 11.041
179.850, 18.701
180.683, 10.003
181.516, 1.726
182.349, 19.545
183.182, 2.592
184.015, 0.167
184.848, 21.772
185.680, 30.891
186.513, 105.016
187.345, 86.146
188.177, 136.280
189.010, 109.420
189.842, 96.567
190.674, 87.720
191.505, 128.876
192.337, 116.002
193.169, 174.078
194.000, 157.094
194.832, 211.076
195.663, 234.031
196.495, 261.918
197.326, 292.777
198.157, 315.609
198.988, 320.428
199.819, 347.617
200.649, 345.033
201.480, 385.836
202.311, 382.660
203.141, 402.913
203.972, 345.366
204.802, 385.248
205.632, 336.148
206.462, 320.067
207.292, 298.004
208.122, 311.959
208.952, 222.932
209.781, 199.922
210.611, 210.930
211.440, 172.955
212.270, 167.997
213.099, 144.056
213.928, 101.132
214.757, 171.224
215.586, 125.332
216.415, 151.457
217.244, 118.598
218.073, 122.892
218.901, 132.722
219.730, 135.954
220.558, 158.906
221.386, 178.530
222.215, 143.273
223.043, 166.105
223.871, 203.008
224.699, 210.965
225.526, 174.928
226.354, 174.950
227.182, 180.991
228.009, 187.884
228.837, 185.430
229.664, 189.464
230.491, 214.083
231.318, 252.303
232.145, 276.647
232.972, 239.077
233.799, 274.591
234.626, 270.992
235.452, 333.105
236.279, 319.330
237.105, 326.422
237.932, 351.327
238.758, 353.898
239.584, 305.305
240.410, 381.495
241.236, 365.626
242.062, 340.299
242.887, 380.394
243.713, 305.847
244.539, 359.683
245.364, 342.042
246.189, 355.853
247.015, 389.578
247.840, 364.475
248.665, 342.466
249.490, 336.360
250.314, 325.627
251.139, 305.585
251.964, 309.856
252.788, 303.595
253.613, 336.899
254.437, 334.365
255.261, 269.553
256.086, 369.901
256.910, 299.021
257.734, 346.998
258.557, 264.040
259.381, 336.449
260.205, 293.874
261.028, 300.313
261.852, 265.767
262.675, 266.260
263.499, 283.213
264.322, 282.600
265.145, 312.964
265.968, 353.229
266.791, 339.540
267.613, 402.840
268.436, 440.968
269.259, 373.742
270.081, 526.358
270.903, 312.849
271.726, 275.349
272.548, 400.521
273.370, 328.095
274.192, 276.432
275.014, 359.444
275.836, 405.042
276.657, 414.022
277.479, 438.600
278.301, 379.707
279.122, 414.865
279.943, 389.487
280.764, 345.761
281.586, 377.507
282.407, 412.258
283.227, 392.814
284.048, 367.587
284.869, 344.367
285.690, 360.152
286.510, 419.942
287.331, 370.737
288.151, 404.538
288.971, 381.344
289.791, 405.155
290.611, 396.971
291.431, 369.794
292.251, 403.621
293.071, 460.455
293.890, 450.294
294.710, 386.139
295.529, 451.992
296.349, 478.851
297.168, 422.716
297.987, 548.589
298.806, 522.469
299.625, 445.355
300.444, 481.249
301.263, 449.149
302.081, 462.056
302.900, 376.970
303.719, 349.891
304.537, 357.818
305.355, 312.751
306.173, 264.692
306.991, 235.638
307.809, 248.592
308.627, 240.551
309.445, 221.007
310.263, 185.488
311.080, 178.465
311.898, 193.449
312.715, 158.448
313.533, 161.952
314.350, 127.462
315.167, 141.478
315.984, 109.500
316.801, 92.530
317.618, 79.565
318.434, 153.608
319.251, 72.657
320.068, 120.711
320.884, 75.767
321.700, 30.828
322.517, 63.891
323.333, 15.044
324.149, 50.015
324.965, 28.076
325.781, 12.861
326.596, 0.546
327.412, 14.759
328.228, 11.279
329.043, 4.098
329.858, 1.739
330.674, 2.415
331.489, 0.700
332.304, 2.755
333.119, 12.043
333.934, 9.869
334.748, 15.952
335.563, 8.173
336.378, 3.776
337.192, 37.943
338.007, 1.213
338.821, 2.352
339.635, 12.006
340.449, 5.547
341.263, 7.136
342.077, 13.873
342.891, 7.658
343.705, 3.236
344.518, 2.546
345.332, 11.136
346.145, 14.997
346.959, 9.236
347.772, 17.526
348.585, 5.369
349.398, 2.049
350.211, 6.188
351.024, 35.575
351.837, 33.345
352.649, 52.120
353.462, 34.900
354.274, 96.992
355.087, 78.119
355.899, 63.595
356.711, 105.397
357.523, 111.036
358.335, 121.848
359.147, 152.754
359.959, 165.278
360.771, 194.215
361.582, 178.047
362.394, 176.887
363.205, 233.736
364.016, 289.144
364.828, 233.153
365.639, 252.055
366.450, 332.306
367.261, 328.176
368.071, 351.126
368.882, 375.638
369.693, 391.901
370.503, 429.595
371.314, 433.566
372.124, 533.928
372.934, 535.975
373.745, 513.436
374.555, 597.508
375.365, 588.589
376.174, 581.982
376.984, 644.488
377.794, 689.653
378.603, 719.112
379.413, 685.935
380.222, 733.656
381.032, 751.485
381.841, 783.327
382.650, 854.483
383.459, 893.649
384.268, 923.826
385.077, 956.729
385.885, 992.211
386.694, 1004.411
387.503, 1011.896
388.311, 991.822
389.119, 1014.032
389.928, 977.250
390.736, 996.471
391.544, 978.697
392.352, 1016.927
393.160, 1022.159
393.967, 959.397
394.775, 982.635
395.583, 934.878
396.390, 924.123
397.197, 902.370
398.005, 825.620
398.812, 884.874
399.619, 864.130
400.426, 761.396
401.233, 803.668
402.040, 655.943
402.846, 707.219
403.653, 684.515
404.459, 637.814
405.266, 595.116
406.072, 566.321
406.878, 541.015
407.685, 510.060
408.491, 493.380
409.297, 489.673
410.102, 436.003
410.908, 396.339
411.714, 422.684
412.519, 426.035
413.325, 398.391
414.130, 416.751
414.936, 337.112
415.741, 358.476
416.546, 318.842
417.351, 285.210
418.156, 312.580
418.960, 302.952
419.765, 259.331
420.570, 254.745
421.374, 329.132
422.179, 250.520
422.983, 253.073
423.787, 191.985
424.591, 266.419
425.395, 217.816
426.199, 206.506
427.003, 188.602
427.807, 212.591
428.611, 211.474
429.414, 198.373
430.218, 190.695
431.021, 154.816
431.824, 171.060
432.628, 117.481
433.431, 158.237
434.234, 177.159
435.037, 131.294
435.839, 141.477
436.642, 115.043
437.445, 137.096
438.247, 126.710
439.050, 116.713
439.852, 85.499
440.654, 78.552
441.456, 113.664
442.258, 56.890
443.060, 19.344
443.862, 59.199
444.664, 28.701
445.466, 55.505
446.267, 66.015
447.069, 21.078
447.870, 42.597
448.671, 10.120
449.473, 1.574
450.274, 4.821
451.075, 5.288
451.876, 10.754
452.676, 15.778
453.477, 10.581
454.278, 70.846
455.078, 5.412
455.879, 9.985
456.679, 4.744
457.479, 2.961
458.280, 40.483
459.080, 32.919
459.880, 8.463
460.679, 1.936
461.479, 9.595
462.279, 8.323
463.079, 2.324
463.878, 9.174
464.677, 6.629
465.477, 1.785
466.276, 3.047
467.075, 12.424
467.874, 8.991
468.673, 21.959
469.472, 9.572
470.271, 55.954
471.069, 32.444
471.868, 40.937
472.666, 0.208
473.465, 58.922
474.263, 4.414
475.061, 14.908
475.859, 1.707
476.657, 11.163
477.455, 7.311
478.253, 15.741
479.051, 66.724
479.848, 40.006
480.646, 9.415
481.443, 58.668
482.240, 8.640
483.038, 74.129
483.835, 27.620
484.632, 69.116
485.429, 61.974
486.226, 101.478
487.023, 88.312
487.819, 24.734
488.616, 50.754
489.412, 69.266
490.209, 26.783
491.005, 96.305
491.801, 46.827
492.597, 70.354
493.393, 105.881
494.189, 110.409
494.985, 74.016
495.781, 88.288
496.576, 69.200
497.372, 97.018
498.167, 45.563
498.963, 67.959
499.758, 64.553
500.553, 64.272
501.348, 75.573
502.143, 32.134
502.938, 100.702
503.733, 146.359
504.528, 6.794
505.322, 55.506
506.117, 52.909
506.911, 119.011
507.706, 52.352
508.500, 90.331
509.294, 33.249
510.088, 108.831
510.882, 44.414
511.676, 149.995
512.470, 150.576
513.263, 22.155
514.057, 87.734
514.850, 177.291
515.644, 54.020
516.437, 177.229
517.230, 98.819
518.023, 140.434
518.817, 118.043
519.609, 175.640
520.402, 113.283
521.195, 125.990
521.988, 92.611
522.780, 158.244
523.573, 156.309
524.365, 131.541
525.157, 195.205
525.950, 215.877
526.742, 218.366
527.534, 206.242
528.326, 173.936
529.117, 207.929
529.909, 181.640
530.701, 224.636
531.492, 211.718
532.284, 207.456
533.075, 208.198
533.866, 158.946
534.658, 161.707
535.449, 188.475
536.240, 142.250
537.030, 158.160
537.821, 214.947
538.612, 145.762
539.403, 171.556
540.193, 91.352
540.984, 158.156
541.774, 131.961
542.564, 114.771
543.354, 89.578
544.144, 153.387
544.934, 117.193
545.724, 93.695
546.514, 133.164
547.304, 13.286
548.093, 160.085
548.883, 107.280
549.672, 39.077
550.461, 105.956
551.251, 143.788
552.040, 65.474
552.829, 104.266
553.618, 30.055
554.407, 80.850
555.195, 89.114
555.984, 26.774
556.772, 118.563
557.561, 94.018
558.349, 80.284
559.138, 55.065
559.926, 105.590
560.714, 4.820
561.502, 112.779
562.290, 31.583
563.078, 4.924
563.865, 108.936
564.653, 29.275
565.441, 30.016
566.228, 7.755
567.015, 50.498
567.803, 17.459
568.590, 30.189
569.377, 59.916
570.164, 3.320
570.951, 60.420
571.738, 40.528
572.524, 1.906
573.311, 1.333
574.098, 4.890
574.884, 5.852
575.670, 1.814
576.457, 5.781
577.243, 46.849
578.029, 65.475
578.815, 26.803
579.601, 7.581
580.387, 23.191
581.172, 2.207
581.958, 32.390
582.743, 4.840
583.529, 16.534
584.314, 49.094
585.100, 48.376
585.885, 44.953
586.670, 46.419
587.455, 14.808
588.240, 15.374
589.024, 2.253
589.809, 1.685
590.594, 2.595
591.378, 49.867
592.163, 30.395
592.947, 38.609
593.731, 8.290
594.515, 1.774
595.299, 0.889
596.083, 25.409
596.867, 37.221
597.651, 6.592
598.435, 2.041
599.218, 2.119
600.002, 2.085
600.785, 0.104
601.568, 3.126
602.352, 0.179
603.135, 1.546
603.918, 57.912
604.701, 50.745
605.484, 58.194
606.266, 59.169
607.049, 45.532
607.832, 16.891
608.614, 2.753
609.397, 6.403
610.179, 0.337
610.961, 28.800
611.743, 14.124
612.525, 14.445
613.307, 25.762
614.089, 13.032
614.871, 10.343
615.653, 21.843
616.434, 61.763
617.216, 36.139
617.997, 33.590
618.778, 35.704
619.560, 95.991
620.341, 90.273
621.122, 47.554
621.903, 0.170
622.684, 1.157
623.464, 57.338
624.245, 6.581
625.026, 6.517
625.806, 66.874
626.586, 37.953
627.367, 88.166
628.147, 39.217
628.927, 34.423
629.707, 43.470
630.487, 0.424
631.267, 40.608
632.047, 14.788
632.826, 62.965
633.606, 93.987
634.385, 97.772
635.165, 98.781
635.944, 101.948
636.723, 72.107
637.502, 83.062
638.281, 68.846
639.060, 74.543
639.839, 54.689
640.618, 29.833
641.397, 23.977
642.175, 10.117
642.954, 25.655
643.732, 8.087
644.510, 64.935
645.289, 65.912
646.067, 76.204
646.845, 52.338
647.623, 97.245
648.400, 17.372
649.178, 111.500
649.956, 22.658
650.733, 76.781
651.511, 8.908
652.288, 53.069
653.066, 85.192
653.843, 50.496
654.620, 16.712
655.397, 91.014
656.174, 35.116
656.951, 9.049
657.728, 28.151
658.504, 38.263
659.281, 51.374
660.057, 14.483
660.834, 23.592
661.610, 21.704
662.386, 28.815
663.162, 10.926
663.938, 11.733
664.714, 2.714
665.490, 7.745
666.266, 13.163
667.042, 26.110
667.817, 28.426
668.593, 32.619
669.368, 29.968
670.143, 31.602
670.919, 25.721
671.694, 3.227
672.469, 0.045
673.244, 1.292
674.019, 18.814
674.793, 36.678
675.568, 1.061
676.343, 8.385
677.117, 1.472
677.891, 1.496
678.666, 32.687
679.440, 1.639
680.214, 5.881
680.988, 11.980
681.762, 16.539
682.536, 11.673
683.310, 8.455
684.083, 24.897
684.857, 21.983
685.631, 0.472
686.404, 29.525
687.177, 38.349
687.951, 1.801
688.724, 8.602
689.497, 17.564
690.270, 5.105
691.043, 12.740
691.815, 2.528
692.588, 0.613
693.361, 20.915
694.133, 3.343
694.906, 3.442
695.678, 4.750
696.450, 2.874
697.222, 0.596
697.994, 45.472
698.766, 35.546
699.538, 30.627
700.310, 43.715
701.082, 8.053
701.853, 15.931
702.625, 3.501
703.396, 9.638
704.168, 5.470
704.939, 40.555
705.710, 6.657
706.481, 0.460
707.252, 3.726
708.023, 8.865
708.794, 14.870
709.565, 3.391
710.335, 7.481
711.106, 4.990
711.876, 5.490
712.647, 6.616
713.417, 0.751
714.187, 36.896
714.957, 20.810
715.727, 21.168
716.497, 3.081
717.267, 6.985
718.037, 6.175
718.806, 0.843
719.576, 25.219
720.345, 8.198
721.115, 14.643
721.884, 8.597
722.653, 12.905
723.422, 6.200
724.191, 29.444
724.960, 1.212
725.729, 6.546
726.498, 10.809
727.266, 10.099
728.035, 16.897
728.803, 42.005
729.572, 2.458
730.340, 32.581
731.108, 7.214
731.876, 26.188
732.644, 45.507
733.412, 37.838
734.180, 42.183
734.948, 17.691
735.716, 10.282
736.483, 11.858
737.251, 29.525
738.018, 0.926
738.786, 32.342
739.553, 10.921
740.320, 48.211
741.087, 20.654
741.854, 19.872
742.621, 83.611
743.388, 3.114
744.154, 1.785
744.921, 0.757
745.687, 83.322
746.454, 55.967
747.220, 57.557
747.986, 5.178
748.753, 89.820
749.519, 8.314
750.285, 105.008
751.051, 61.721
751.816, 81.460
752.582, 45.207
753.348, 125.988
754.113, 15.795
754.879, 116.632
755.644, 128.446
756.409, 122.305
757.175, 64.324
757.940, 133.140
758.705, 133.098
759.470, 86.089
760.234, 109.110
760.999, 157.166
761.764, 123.251
762.528, 175.364
763.293, 129.505
764.057, 149.961
764.822, 107.625
765.586, 172.198
766.350, 157.437
767.114, 117.695
767.878, 185.010
768.642, 199.320
769.405, 177.673
770.169, 171.320
770.933, 197.690
771.696, 209.369
772.460, 182.778
773.223, 175.208
773.986, 123.343
774.749, 140.065
775.512, 205.332
776.275, 168.862
777.038, 218.417
777.801, 250.076
778.564, 205.728
779.326, 217.368
780.089, 267.334
780.851, 215.027
781.614, 226.385
782.376, 213.202
783.138, 231.961
783.900, 245.989
784.662, 258.891
785.424, 243.119
786.186, 203.146
786.948, 239.124
787.709, 213.056
788.471, 302.006
789.232, 238.817
789.994, 270.799
790.755, 300.804
791.516, 263.830
792.277, 262.877
793.038, 300.154
793.799, 251.250
794.560, 262.421
795.321, 283.753
796.082, 276.916
796.842, 266.098
797.603, 348.302
798.363, 336.569
799.123, 287.813
799.884, 279.884
800.644, 353.552
801.404, 262.780
802.164, 382.950
802.924, 366.476
803.684, 342.844
804.443, 396.233
805.203, 414.641
805.962, 384.070
806.722, 379.524
807.481, 381.004
808.240, 423.503
809.000, 449.023
809.759, 490.733
810.518, 497.437
811.277, 526.021
812.036, 493.785
812.794, 504.407
813.553, 478.204
814.311, 540.110
815.070, 610.795
815.828, 575.500
816.587, 572.223
817.345, 682.115
818.103, 727.284
818.861, 678.195
819.619, 664.987
820.377, 730.804
821.135, 773.518
821.892, 764.370
822.650, 743.380
823.407, 801.270
824.165, 862.178
824.922, 787.104
825.679, 842.049
826.437, 865.855
827.194, 848.952
827.951, 876.242
828.708, 834.276
829.464, 849.479
830.221, 893.159
830.978, 865.845
831.734, 875.799
832.491, 820.300
833.247, 885.042
834.003, 944.433
834.760, 910.704
835.516, 949.472
836.272, 891.875
837.028, 933.174
837.784, 956.792
838.539, 923.619
839.295, 867.298
840.051, 1011.011
840.806, 926.089
841.562, 992.500
842.317, 891.122
843.072, 960.627
843.827, 1031.291
844.582, 1037.933
845.337, 1084.612
846.092, 1089.366
846.847, 1129.987
847.602, 1148.091
848.356, 1181.838
849.111, 1195.822
849.865, 1269.611
850.620, 1316.246
851.374, 1394.939
852.128, 1414.723
852.882, 1496.135
853.636, 1547.379
854.390, 1594.126
855.144, 1650.585
855.898, 1691.192
856.652, 1750.162
857.405, 1781.160
858.159, 1849.600
858.912, 1976.606
859.665, 2117.020
860.419, 2173.168
861.172, 2197.360
861.925, 2281.754
862.678, 2478.077
863.431, 2544.221
864.184, 2699.597
864.936, 2727.791
865.689, 2942.821
866.442, 3126.202
867.194, 3192.498
867.946, 3354.673
868.699, 3532.998
869.451, 3717.134
870.203, 3914.554
870.955, 4030.449
871.707, 4168.920
872.459, 4306.690
873.211, 4536.438
873.962, 4560.067
874.714, 4671.602
875.465, 4817.400
876.217, 4708.516
876.968, 4628.170
877.719, 4493.805
878.471, 4288.338
879.222, 4111.514
879.973, 3932.472
880.723, 3656.014
881.474, 3438.598
882.225, 3206.138
882.976, 2899.639
883.726, 2701.800
884.477, 2463.606
885.227, 2242.954
885.977, 2044.301
886.728, 1801.627
887.478, 1607.935
888.228, 1478.245
888.978, 1334.532
889.728, 1213.840
890.477, 1127.136
891.227, 1038.776
891.977, 972.735
892.726, 921.003
893.476, 846.258
894.225, 808.494
894.974, 774.713
895.723, 807.912
896.472, 713.096
897.221, 621.250
897.970, 672.385
898.719, 691.502
899.468, 652.601
900.217, 610.718
900.965, 577.788
901.714, 572.840
902.462, 520.882
903.210, 458.911
903.959, 459.929
904.707, 417.936
905.455, 398.927
906.203, 328.903
906.951, 249.900
907.698, 218.857
908.446, 141.805
909.194, 170.744
909.941, 179.678
910.689, 115.603
911.436, 138.524
912.183, 75.439
912.931, 72.351
913.678, 48.368
914.425, 77.276
915.172, 60.194
915.918, 6.495
916.665, 22.976
917.412, 14.104
918.158, 18.799
918.905, 4.446
919.651, 12.059
920.398, 5.632
921.144, 12.749
921.890, 5.940
922.636, 11.319
923.382, 0.289
924.128, 1.360
924.874, 15.287
925.620, 4.072
926.365, 25.108
927.111, 0.717
927.856, 7.923
928.602, 6.635
929.347, 6.802
930.092, 5.049
930.837, 3.693
931.582, 5.665
932.327, 22.855
933.072, 10.537
933.817, 1.253
934.562, 17.564
935.306, 1.203
936.051, 7.030
936.795, 5.097
937.540, 3.792
938.284, 4.316
939.028, 6.313
939.772, 2.928
940.516, 4.491
941.260, 1.407
942.004, 3.827
942.748, 12.281
943.492, 3.994
944.235, 1.880
944.979, 43.271
945.722, 1.866
946.466, 26.624
947.209, 6.334
947.952, 0.102
948.695, 12.830
949.438, 33.618
950.181, 34.434
950.924, 25.281
951.666, 34.161
952.409, 67.076
953.152, 40.029
953.894, 76.021
954.637, 22.057
955.379, 18.138
956.121, 22.267
956.863, 28.446
957.605, 89.678
958.347, 36.968
959.089, 88.317
959.831, 53.728
960.573, 96.203
961.314, 90.174
962.056, 60.036
962.797, 87.271
963.539, 102.768
964.280, 71.687
965.021, 54.290
965.762, 85.606
966.503, 89.779
967.244, 115.075
967.985, 102.260
968.726, 97.209
969.467, 102.015
970.207, 79.458
970.948, 80.885
971.688, 79.388
972.429, 115.790
973.169, 92.782
973.909, 52.711
974.649, 95.800
975.389, 74.554
976.129, 119.294
976.869, 85.208
977.609, 84.044
978.349, 50.268
979.088, 62.331
979.828, 71.064
980.567, 95.438
981.306, 91.553
982.046, 59.564
982.785, 73.229
983.524, 92.405
984.263, 50.808
985.002, 63.416
985.741, 115.640
986.480, 63.252
987.218, 22.525
987.957, 57.472
988.695, 8.008
989.434, 73.194
990.172, 17.331
990.910, 30.382
991.648, 69.447
992.386, 22.403
993.124, 45.130
993.862, 55.834
994.600, 61.740
995.338, 1.240
996.076, 10.983
996.813, 61.503
997.551, 60.913
998.288, 119.927
999.025, 70.129
999.763, 25.553
1000.500, 53.331
1001.237, 11.980
1001.974, 0.600
1002.711, 27.729
1003.447, 0.537
1004.184, 0.204
1004.921, 24.220
1005.657, 0.000
##END=



