##NAMES=Gahnite
##RRUFFID=R170037
##IDEAL CHEMISTRY=Zn^2+^Al_2_O_4_
##LOCALITY=Silberberg mine, Bodenmais, Zwiesel, Bavarian Forest, Lower Bavaria, Bavaria, Germany
##OWNER=UAMM
##SOURCE=Rock Currier
##DESCRIPTION=Massive dark to bluish-green
##STATUS=The identification of this mineral is confirmed by single-crystal X-ray diffraction and chemical analysis.
##URL=rruff.info/R170037
##MEASURED CHEMISTRY=(Zn_0.57_Fe_0.22_Mg_0.21_Mn_0.02_)(Al_1.94_Fe_0.06_)O_4_
146.4003, 0.0000000E+00
146.8824, 0.3494260
147.3645, 0.2180400
147.8466, 2.5832999E-02
148.3288, 0.3622740
148.8109, 0.6789700
149.2930, 0.8542100
149.7751, 0.9737550
150.2572, 1.129311
150.7393, 1.336685
151.2215, 1.589821
151.7036, 1.909981
152.1857, 2.296127
152.6678, 2.613937
153.1499, 2.878891
153.6320, 3.107971
154.1142, 3.196838
154.5963, 3.057594
155.0784, 2.832611
155.5605, 2.676140
156.0426, 2.611694
156.5247, 2.497482
157.0069, 2.336174
157.4890, 2.200073
157.9711, 2.146423
158.4532, 2.322067
158.9353, 2.577301
159.4174, 2.726028
159.8996, 2.749138
160.3817, 2.950569
160.8638, 3.292213
161.3459, 3.202782
161.8280, 3.032593
162.3102, 2.884315
162.7923, 2.697754
163.2744, 2.388557
163.7565, 2.041153
164.2386, 1.699638
164.7207, 1.351074
165.2029, 0.9191360
165.6850, 0.7444150
166.1671, 1.049469
166.6492, 1.504662
167.1313, 1.813217
167.6134, 1.853111
168.0956, 1.689178
168.5777, 1.529411
169.0598, 1.479134
169.5419, 1.350647
170.0240, 1.033310
170.5061, 0.6496660
170.9883, 0.3623960
171.4704, 0.2537380
171.9525, 0.2855910
172.4346, 0.2942350
172.9167, 0.3278960
173.3988, 0.2681960
173.8810, 7.0724003E-02
174.3631, 0.5538330
174.8452, 0.7995910
175.3273, 0.5360180
175.8094, 9.4292000E-02
176.2915, 0.5271760
176.7737, 0.7045210
177.2558, 0.7652740
177.7379, 0.7095720
178.2200, 0.5525740
178.7021, 0.5211560
179.1842, 0.8983000
179.6664, 1.419991
180.1485, 1.566833
180.6306, 1.075562
181.1127, 0.4347150
181.5948, 0.1954190
182.0769, 0.4124450
182.5591, 0.6603700
183.0412, 0.6645430
183.5233, 0.5740200
184.0054, 0.5574950
184.4875, 0.7312470
184.9696, 1.002792
185.4518, 1.226952
185.9339, 1.406822
186.4160, 1.569061
186.8981, 1.734154
187.3802, 1.865471
187.8623, 1.907028
188.3445, 1.812408
188.8266, 1.654663
189.3087, 1.707550
189.7908, 2.267853
190.2729, 2.601578
190.7550, 2.357582
191.2372, 1.848602
191.7193, 1.497993
192.2014, 1.583511
192.6835, 2.028435
193.1656, 2.341774
193.6477, 2.444847
194.1299, 2.488838
194.6120, 2.448936
195.0941, 2.364899
195.5762, 2.300644
196.0583, 2.288216
196.5404, 2.327705
197.0226, 2.343605
197.5047, 2.100090
197.9868, 2.066925
198.4689, 2.578674
198.9510, 3.431137
199.4331, 4.137039
199.9153, 4.320786
200.3974, 4.005577
200.8795, 3.932777
201.3616, 4.369186
201.8437, 4.726814
202.3258, 4.686966
202.8080, 4.319199
203.2901, 3.930794
203.7722, 3.738998
204.2543, 3.824821
204.7364, 3.817360
205.2185, 3.633575
205.7007, 3.432182
206.1828, 3.345009
206.6649, 3.359772
207.1470, 3.354607
207.6291, 3.225075
208.1112, 3.003372
208.5934, 2.850708
209.0755, 2.845985
209.5576, 2.866257
210.0397, 2.798584
210.5218, 2.639969
211.0039, 2.485466
211.4861, 2.360176
211.9682, 2.270401
212.4503, 2.250481
212.9324, 2.380531
213.4145, 2.525017
213.8967, 2.535591
214.3788, 2.400642
214.8609, 2.191315
215.3430, 1.815643
215.8251, 1.417786
216.3072, 1.207260
216.7894, 1.329887
217.2715, 1.588409
217.7536, 1.627838
218.2357, 1.371140
218.7178, 1.105446
219.1999, 0.8339080
219.6821, 0.6633610
220.1642, 0.7933500
220.6463, 1.412468
221.1284, 2.190681
221.6105, 2.338608
222.0926, 1.437263
222.5748, 0.7724760
223.0569, 0.8211820
223.5390, 1.220375
224.0211, 1.635475
224.5032, 1.939934
224.9853, 2.113960
225.4675, 2.061745
225.9496, 1.522530
226.4317, 1.169189
226.9138, 1.181694
227.3959, 1.412025
227.8780, 1.736641
228.3602, 2.106064
228.8423, 2.469116
229.3244, 2.657654
229.8065, 2.538452
230.2886, 2.413795
230.7707, 2.301544
231.2529, 2.210899
231.7350, 2.130981
232.2171, 2.047035
232.6992, 1.983025
233.1813, 2.003731
233.6634, 2.275398
234.1456, 2.447670
234.6277, 2.372803
235.1098, 2.220261
235.5919, 2.215393
236.0740, 2.453087
236.5561, 2.821312
237.0383, 3.031555
237.5204, 2.867592
238.0025, 2.799606
238.4846, 2.972855
238.9667, 3.207771
239.4488, 3.273598
239.9310, 3.079094
240.4131, 2.731354
240.8952, 2.495903
241.3773, 2.352043
241.8594, 2.345711
242.3415, 2.649918
242.8237, 3.046761
243.3058, 3.225037
243.7879, 3.058022
244.2700, 2.722008
244.7521, 2.602310
245.2342, 2.847588
245.7164, 2.993629
246.1985, 2.856163
246.6806, 2.610733
247.1627, 2.514305
247.6448, 2.661568
248.1269, 2.924816
248.6091, 3.089802
249.0912, 3.154774
249.5733, 3.147305
250.0554, 3.080788
250.5375, 2.948708
251.0196, 2.700901
251.5018, 2.300545
251.9839, 1.887676
252.4660, 1.720993
252.9481, 1.818375
253.4302, 1.818321
253.9123, 1.442005
254.3945, 0.9691540
254.8766, 0.8880000
255.3587, 1.365841
255.8408, 1.982582
256.3229, 2.220844
256.8051, 2.136848
257.2872, 2.027859
257.7693, 1.963829
258.2514, 1.926147
258.7335, 1.884007
259.2156, 1.832283
259.6978, 1.781120
260.1799, 1.741585
260.6620, 1.708378
261.1441, 1.674099
261.6262, 1.604816
262.1083, 1.541786
262.5905, 1.570457
263.0726, 1.722717
263.5547, 1.867355
264.0368, 1.913174
264.5189, 1.877934
265.0010, 1.775551
265.4832, 1.581688
265.9653, 1.333832
266.4474, 1.097134
266.9295, 0.8854450
267.4116, 0.6451570
267.8937, 0.2475740
268.3759, 0.1825870
268.8580, 0.4609030
269.3401, 0.5037310
269.8222, 0.3907620
270.3043, 0.1960110
270.7864, 0.1149180
271.2686, 0.3598180
271.7507, 0.4086230
272.2328, 0.3544460
272.7149, 0.2674180
273.1970, 0.1396180
273.6791, 3.9664999E-02
274.1613, 0.1025160
274.6434, 0.3772160
275.1255, 0.5667840
275.6076, 0.4880710
276.0897, 0.3039700
276.5718, 0.1106340
277.0540, 8.0363996E-02
277.5361, 0.2186810
278.0182, 0.2018510
278.5003, 8.2700001E-03
278.9824, 0.1278570
279.4645, 6.5642998E-02
279.9467, 0.2884030
280.4288, 0.3199350
280.9109, 0.1240960
281.3930, 0.1130490
281.8751, 0.1685520
282.3572, 1.9649999E-02
282.8394, 3.4984998E-02
283.3215, 0.1202010
283.8036, 0.3273120
284.2857, 0.5400310
284.7678, 0.7400130
285.2499, 0.8724290
285.7321, 0.8254970
286.2142, 0.5917360
286.6963, 0.5232730
287.1784, 0.8040700
287.6605, 1.089813
288.1426, 1.225010
288.6248, 1.224808
289.1069, 1.166348
289.5890, 1.088383
290.0711, 0.9925120
290.5532, 0.9337770
291.0353, 1.022377
291.5175, 1.004444
291.9996, 0.6771550
292.4817, 0.1844410
292.9638, 0.1967470
293.4459, 0.2790150
293.9280, 0.1233410
294.4102, 3.7880000E-03
294.8923, 3.8348999E-02
295.3744, 0.1102490
295.8565, 0.2896500
296.3386, 0.5029980
296.8207, 0.6450840
297.3029, 0.6546480
297.7850, 0.5913700
298.2671, 0.6034810
298.7492, 0.7097400
299.2313, 0.8693430
299.7134, 1.182247
300.1956, 1.482567
300.6777, 1.596542
301.1598, 1.463673
301.6419, 1.198124
302.1240, 0.9763950
302.6061, 0.7869300
303.0883, 0.6828770
303.5704, 0.7587390
304.0525, 0.8531760
304.5346, 0.8192060
305.0167, 0.6456760
305.4988, 0.4930420
305.9810, 0.6246870
306.4631, 1.158897
306.9452, 1.413700
307.4273, 1.006332
307.9094, 0.5789830
308.3915, 0.4257550
308.8737, 0.5433350
309.3558, 0.7631230
309.8379, 0.9643250
310.3200, 1.152775
310.8021, 1.242088
311.2842, 1.162663
311.7664, 1.040943
312.2485, 0.8704640
312.7306, 0.6939620
313.2127, 0.5898170
313.6948, 0.6235690
314.1769, 0.7725410
314.6591, 0.9121400
315.1412, 1.095409
315.6233, 1.187237
316.1054, 1.062054
316.5875, 0.8543700
317.0696, 0.7569850
317.5518, 0.8732600
318.0339, 1.120770
318.5160, 1.310143
318.9981, 1.493454
319.4802, 1.498409
319.9623, 1.139950
320.4445, 0.6928790
320.9266, 0.3907240
321.4087, 0.3047410
321.8908, 0.3748320
322.3729, 0.5296100
322.8550, 0.7918970
323.3372, 1.058380
323.8193, 1.404922
324.3014, 1.684227
324.7835, 1.776894
325.2656, 1.686020
325.7477, 1.538528
326.2299, 1.466286
326.7120, 1.484047
327.1941, 1.410542
327.6762, 1.057571
328.1583, 0.8108100
328.6404, 0.9349250
329.1226, 1.307713
329.6047, 1.605789
330.0868, 1.565849
330.5689, 1.244785
331.0510, 1.024185
331.5331, 0.9217950
332.0153, 0.9093170
332.4974, 1.038216
332.9795, 1.222233
333.4616, 1.342155
333.9437, 1.344639
334.4258, 1.247726
334.9080, 1.053085
335.3901, 0.6711690
335.8722, 0.4300800
336.3543, 0.5050090
336.8365, 0.7152750
337.3186, 0.9597020
337.8007, 1.211079
338.2828, 1.377281
338.7649, 1.290226
339.2470, 0.8988840
339.7292, 0.5925100
340.2113, 0.4412840
340.6934, 0.4085350
341.1755, 0.5311470
341.6576, 0.7869490
342.1397, 1.033596
342.6219, 1.140125
343.1040, 1.119415
343.5861, 1.123566
344.0682, 1.204151
344.5503, 1.245808
345.0324, 1.184132
345.5146, 1.038696
345.9967, 0.8510480
346.4788, 0.5600970
346.9609, 0.2679290
347.4430, 0.2756160
347.9251, 0.7034910
348.4073, 1.098007
348.8894, 1.212025
349.3715, 1.171539
349.8536, 1.107494
350.3357, 1.047199
350.8178, 0.9836770
351.3000, 0.9424740
351.7821, 0.9415470
352.2642, 0.8820340
352.7463, 0.6541790
353.2284, 0.4038810
353.7105, 0.2766610
354.1927, 0.2861520
354.6748, 0.3705980
355.1569, 0.5776020
355.6390, 0.8493690
356.1211, 0.8869020
356.6032, 0.5038260
357.0854, 0.1065330
357.5675, 0.1365740
358.0496, 0.5069240
358.5317, 0.8052980
359.0138, 0.8248900
359.4959, 0.6914020
359.9781, 0.5898170
360.4602, 0.5284650
360.9423, 0.5161930
361.4244, 0.6237680
361.9065, 0.7806430
362.3886, 0.8016320
362.8708, 0.5112080
363.3529, 0.2311550
363.8350, 0.2772520
364.3171, 0.6039660
364.7992, 0.8938560
365.2813, 1.011765
365.7635, 1.000751
366.2456, 0.9575390
366.7277, 0.8874130
367.2098, 0.7833600
367.6919, 0.5976910
368.1740, 0.3825150
368.6562, 0.2358970
369.1383, 0.1838570
369.6204, 0.1911540
370.1025, 0.2372090
370.5846, 0.3276710
371.0667, 0.3665350
371.5489, 0.3222810
372.0310, 0.2358510
372.5131, 0.1027410
372.9952, 6.2325001E-02
373.4773, 0.1426660
373.9594, 2.3724001E-02
374.4416, 0.2669640
374.9237, 0.4178920
375.4058, 0.3603440
375.8879, 0.2555050
376.3700, 0.1048240
376.8521, 4.1285999E-02
377.3343, 6.1321001E-02
377.8164, 0.1104350
378.2985, 0.3764000
378.7806, 0.5073280
379.2627, 0.4233440
379.7448, 0.3414150
380.2270, 0.2381480
380.7091, 0.1639900
381.1912, 0.1810840
381.6733, 0.2947200
382.1554, 0.4450840
382.6375, 0.5758440
383.1197, 0.7051810
383.6018, 0.7211610
384.0839, 0.4642330
384.5660, 0.2722780
385.0481, 0.3574980
385.5302, 0.6350020
386.0124, 0.8710400
386.4945, 0.9096640
386.9766, 0.8127170
387.4587, 0.8671490
387.9408, 1.280277
388.4229, 1.582661
388.9051, 1.666550
389.3872, 1.641224
389.8693, 1.593124
390.3514, 1.557514
390.8335, 1.570892
391.3156, 1.712166
391.7978, 2.054188
392.2799, 2.330318
392.7620, 2.464928
393.2441, 2.600002
393.7262, 2.813755
394.2083, 3.100189
394.6905, 3.408283
395.1726, 3.720505
395.6547, 4.029938
396.1368, 4.248833
396.6189, 4.321949
397.1010, 4.350075
397.5832, 4.340889
398.0653, 4.335556
398.5474, 4.373291
399.0295, 4.474106
399.5116, 4.634739
399.9937, 4.884113
400.4759, 5.245708
400.9580, 5.596630
401.4401, 5.940155
401.9222, 6.234493
402.4043, 6.358185
402.8864, 6.333729
403.3686, 6.475502
403.8507, 7.125160
404.3328, 8.159817
404.8149, 9.057434
405.2970, 9.791821
405.7791, 10.35764
406.2613, 10.58760
406.7434, 10.65524
407.2255, 10.93903
407.7076, 11.67941
408.1897, 12.56283
408.6718, 13.26694
409.1540, 13.79586
409.6361, 14.21259
410.1182, 14.57263
410.6003, 14.79136
411.0824, 14.77638
411.5645, 14.54063
412.0467, 14.05780
412.5288, 13.13613
413.0109, 12.00467
413.4930, 11.12658
413.9751, 10.61974
414.4572, 10.10017
414.9394, 9.126774
415.4215, 7.676540
415.9036, 6.460712
416.3857, 5.578453
416.8678, 4.878109
417.3499, 4.340023
417.8321, 3.923016
418.3142, 3.486607
418.7963, 2.937805
419.2784, 2.349216
419.7605, 1.979523
420.2426, 2.020420
420.7248, 2.004429
421.2069, 1.833397
421.6890, 1.607624
422.1711, 1.433872
422.6532, 1.334354
423.1353, 1.251720
423.6175, 1.105976
424.0996, 0.8560100
424.5817, 0.7623710
425.0638, 0.9384730
425.5459, 1.132683
426.0280, 1.295555
426.5102, 1.397537
426.9923, 1.392387
427.4744, 1.246151
427.9565, 1.001530
428.4386, 0.8016740
428.9207, 0.6455000
429.4029, 0.5386120
429.8850, 0.5324440
430.3671, 0.5334470
430.8492, 0.4164620
431.3313, 0.1834530
431.8134, 2.0313000E-02
432.2956, 0.2188720
432.7777, 0.7950940
433.2598, 1.013725
433.7419, 0.5234150
434.2241, 0.1111980
434.7062, 0.2601280
435.1883, 0.7288170
435.6704, 1.048912
436.1525, 0.9815520
436.6346, 0.7132610
437.1168, 0.5158040
437.5989, 0.3928380
438.0810, 0.2977180
438.5631, 0.1437110
439.0452, 7.8022003E-02
439.5273, 0.3518680
440.0095, 1.016842
440.4916, 1.480122
440.9737, 1.251656
441.4558, 0.6319050
441.9379, 0.2619090
442.4200, 0.2498590
442.9022, 0.3069990
443.3843, 0.1954920
443.8664, 5.6235999E-02
444.3485, 0.2490500
444.8306, 0.3803290
445.3127, 0.4472690
445.7949, 0.4279710
446.2770, 0.3414800
446.7591, 0.2442470
447.2412, 0.1658250
447.7233, 6.3643999E-02
448.2054, 0.1684460
448.6876, 0.7074850
449.1697, 0.9623570
449.6518, 0.6667400
450.1339, 0.2552150
450.6160, 6.1554000E-02
451.0981, 9.0449996E-02
451.5803, 0.1544570
452.0624, 0.1011620
452.5445, 5.7716001E-02
453.0266, 0.1661190
453.5087, 0.2423020
453.9908, 0.2382130
454.4730, 4.6810001E-02
454.9551, 0.1831590
455.4372, 0.2502170
455.9193, 0.1041790
456.4014, 7.8339003E-02
456.8835, 1.8826000E-02
457.3657, 0.3583760
457.8478, 0.6304890
458.3299, 0.6668780
458.8120, 0.7085530
459.2941, 0.9070240
459.7762, 1.188148
460.2584, 1.365097
460.7405, 1.312523
461.2226, 1.119045
461.7047, 0.9679220
462.1868, 0.8683850
462.6689, 0.7609900
463.1511, 0.5642130
463.6332, 0.3942180
464.1153, 0.3788450
464.5974, 0.5354500
465.0795, 0.7365840
465.5616, 0.9089280
466.0438, 1.049969
466.5259, 1.160725
467.0080, 1.245731
467.4901, 1.270279
467.9722, 1.163658
468.4543, 0.9656680
468.9365, 0.8720890
469.4186, 1.021587
469.9007, 1.142315
470.3828, 0.9886700
470.8649, 0.7092360
471.3470, 0.6898190
471.8292, 1.090496
472.3113, 1.587746
472.7934, 1.645645
473.2755, 0.9803160
473.7576, 0.6911580
474.2397, 1.135178
474.7219, 1.615364
475.2040, 1.696117
475.6861, 1.448273
476.1682, 1.164871
476.6503, 1.029881
477.1324, 1.012794
477.6146, 0.9936140
478.0967, 0.9105220
478.5788, 0.9336430
479.0609, 1.187042
479.5430, 1.475426
480.0251, 1.646301
480.5073, 1.671837
480.9894, 1.597267
481.4715, 1.416645
481.9536, 1.146465
482.4357, 1.061863
482.9178, 1.268242
483.4000, 1.468513
483.8821, 1.499748
484.3642, 1.472519
484.8463, 1.515480
485.3284, 1.687134
485.8105, 1.861240
486.2927, 1.875450
486.7748, 1.758762
487.2569, 1.688953
487.7390, 1.709927
488.2211, 1.773476
488.7032, 1.841438
489.1854, 1.912258
489.6675, 1.971664
490.1496, 2.025295
490.6317, 2.064240
491.1138, 2.079010
491.5959, 2.067886
492.0781, 2.033569
492.5602, 1.978542
493.0423, 1.908413
493.5244, 1.831131
494.0065, 1.753521
494.4886, 1.648949
494.9708, 1.479645
495.4529, 1.312874
495.9350, 1.188847
496.4171, 1.113537
496.8992, 1.080627
497.3813, 1.087051
497.8635, 1.133526
498.3456, 1.216850
498.8277, 1.373100
499.3098, 1.510891
499.7919, 1.697372
500.2740, 1.813431
500.7562, 1.681702
501.2383, 1.304150
501.7204, 0.9493680
502.2025, 0.9632000
502.6846, 1.301861
503.1667, 1.380054
503.6489, 1.050892
504.1310, 0.7484320
504.6131, 0.7322460
505.0952, 0.8781850
505.5773, 1.024391
506.0594, 1.141792
506.5416, 1.230373
507.0237, 1.271599
507.5058, 1.279682
507.9879, 1.330696
508.4700, 1.464256
508.9521, 1.565704
509.4343, 1.489277
509.9164, 1.233356
510.3985, 1.011257
510.8806, 0.8001250
511.3627, 0.6607210
511.8448, 0.6815070
512.3270, 0.8135570
512.8091, 0.9137040
513.2912, 0.9162940
513.7733, 0.8693390
514.2554, 0.8612520
514.7375, 0.9680750
515.2197, 0.9706690
515.7018, 0.6403240
516.1839, 0.4248810
516.6660, 0.7000010
517.1481, 1.282860
517.6302, 1.704639
518.1124, 1.673061
518.5945, 1.340199
519.0766, 1.080696
519.5587, 0.8947180
520.0408, 0.7766420
520.5229, 0.8569110
521.0051, 0.9039500
521.4872, 0.6823120
521.9693, 0.2385330
522.4514, 8.1772000E-02
522.9335, 2.3189999E-02
523.4156, 0.3514820
523.8978, 0.5428960
524.3799, 0.5909500
524.8620, 0.5520670
525.3441, 0.4164620
525.8262, 0.2377850
526.3083, 0.1258540
526.7905, 8.7513000E-02
527.2726, 8.6623996E-02
527.7547, 0.1677130
528.2368, 0.2491380
528.7189, 0.2218320
529.2010, 8.8790998E-02
529.6832, 5.5782001E-02
530.1653, 0.1523510
530.6474, 0.1987340
531.1295, 0.1828420
531.6116, 5.7831001E-02
532.0938, 7.4215002E-02
532.5759, 0.2115140
533.0580, 0.3447880
533.5401, 0.4881820
534.0222, 0.6298180
534.5043, 0.7152670
534.9865, 0.6871950
535.4686, 0.5521050
535.9507, 0.3763500
536.4328, 9.6317001E-02
536.9149, 0.1014750
537.3970, 5.2829999E-02
537.8792, 5.8956001E-02
538.3613, 1.5030000E-03
538.8434, 0.2891730
539.3255, 0.5182110
539.8076, 0.3544240
540.2897, 3.3702999E-02
540.7719, 0.1427690
541.2540, 0.1323050
541.7361, 0.3690410
542.2182, 0.2070080
542.7003, 0.2516400
543.1824, 0.4825970
543.6646, 0.2958830
544.1467, 0.1336980
544.6288, 0.1619420
545.1109, 0.2954520
545.5930, 0.4468380
546.0751, 0.5879360
546.5573, 0.6859170
547.0394, 0.7056880
547.5215, 0.6454510
548.0036, 0.5589100
548.4857, 0.3808100
548.9678, 0.2500310
549.4500, 0.2048610
549.9321, 0.2127840
550.4142, 0.2323000
550.8963, 0.2543330
551.3784, 0.3109170
551.8605, 0.4849050
552.3427, 0.7596970
552.8248, 0.8655400
553.3069, 0.7130970
553.7890, 0.5579870
554.2711, 0.5672380
554.7532, 0.6593130
555.2354, 0.7243920
555.7175, 0.7456890
556.1996, 0.7359200
556.6817, 0.6936840
557.1638, 0.6278270
557.6459, 0.5224990
558.1281, 0.3729590
558.6102, 0.3196450
559.0923, 0.5315900
559.5744, 0.9851990
560.0565, 1.185520
560.5386, 0.8726200
561.0208, 0.6721690
561.5029, 0.8198780
561.9850, 1.109367
562.4671, 1.343777
562.9492, 1.462173
563.4313, 1.445156
563.9135, 1.211372
564.3956, 0.7700080
564.8777, 0.6929440
565.3598, 1.334251
565.8419, 1.775841
566.3240, 1.579987
566.8062, 1.149605
567.2883, 0.9002300
567.7704, 0.9215470
568.2525, 1.038258
568.7346, 1.059956
569.2167, 0.9599128
569.6989, 1.362773
570.1810, 1.593711
570.6631, 1.656141
571.1452, 1.374408
571.6273, 1.285385
572.1094, 0.9652884
572.5916, 1.092079
573.0737, 1.196892
573.5558, 1.128880
574.0379, 1.003323
574.5200, 0.9366800
575.0021, 0.9444200
575.4843, 0.9938850
575.9664, 1.061932
576.4485, 1.146637
576.9306, 1.241776
577.4127, 1.393482
577.8948, 1.476139
578.3770, 1.456440
578.8591, 1.382156
579.3412, 1.238007
579.8233, 1.053909
580.3054, 0.9481430
580.7875, 1.074368
581.2697, 1.341541
581.7518, 1.523907
582.2339, 1.614536
582.7161, 1.687359
583.1982, 1.805046
583.6803, 1.885181
584.1624, 1.771713
584.6445, 1.438477
585.1266, 1.186134
585.6088, 1.130375
586.0909, 1.161453
586.5730, 1.184757
587.0551, 1.205540
587.5372, 1.285404
588.0193, 1.465782
588.5015, 1.679222
588.9836, 1.775681
589.4657, 1.751984
589.9478, 1.631233
590.4299, 1.246613
590.9120, 0.9285960
591.3942, 0.8456340
591.8763, 0.9536860
592.3584, 1.159809
592.8405, 1.441807
593.3226, 1.715199
593.8047, 1.816170
594.2869, 1.747524
594.7690, 1.773708
595.2511, 2.017746
595.7332, 2.267464
596.2153, 2.283043
596.6974, 2.117325
597.1796, 2.008114
597.6617, 2.083187
598.1438, 2.185036
598.6259, 2.170464
599.1080, 2.093418
599.5901, 2.055351
600.0723, 2.110336
600.5544, 2.273182
601.0365, 2.565121
601.5186, 2.992390
602.0007, 3.212826
602.4828, 3.010822
602.9650, 2.863663
603.4471, 2.851997
603.9292, 2.931274
604.4113, 3.077259
604.8934, 3.274300
605.3755, 3.469097
605.8577, 3.597279
606.3398, 3.683792
606.8219, 3.800400
607.3040, 3.929615
607.7861, 4.220196
608.2682, 4.935169
608.7504, 5.708134
609.2325, 5.842712
609.7146, 5.190941
610.1967, 4.729092
610.6788, 4.802624
611.1609, 5.111546
611.6431, 5.461544
612.1252, 5.815678
612.6073, 6.155151
613.0894, 6.463081
613.5715, 6.729374
614.0536, 6.976372
614.5358, 7.285618
615.0179, 7.388023
615.5000, 7.059780
615.9821, 6.768150
616.4642, 6.719032
616.9464, 6.852871
617.4285, 7.029858
617.9106, 7.189808
618.3927, 7.378906
618.8748, 7.744244
619.3569, 8.212547
619.8391, 8.359676
620.3212, 8.065727
620.8033, 7.717266
621.2854, 7.595512
621.7675, 7.670277
622.2496, 7.761314
622.7318, 8.030033
623.2139, 8.118301
623.6960, 7.806568
624.1781, 7.335358
624.6602, 6.933552
625.1423, 6.642239
625.6245, 6.427734
626.1066, 6.277363
626.5887, 6.164322
627.0708, 5.942570
627.5529, 5.518970
628.0350, 5.215771
628.5172, 5.268978
628.9993, 5.330738
629.4814, 5.101101
629.9635, 4.643456
630.4456, 4.330154
630.9277, 4.419922
631.4099, 4.652580
631.8920, 4.810970
632.3741, 4.876003
632.8562, 4.723408
633.3383, 4.287155
633.8204, 3.796310
634.3026, 3.525196
634.7847, 3.498268
635.2668, 3.467533
635.7489, 3.380413
636.2310, 3.351475
636.7131, 3.423325
637.1953, 3.566147
637.6774, 3.812382
638.1595, 4.132153
638.6416, 4.323559
639.1237, 4.113407
639.6058, 3.601509
640.0880, 3.309822
640.5701, 3.279633
641.0522, 3.310211
641.5343, 3.340652
642.0164, 3.383263
642.4985, 3.443844
642.9807, 3.520126
643.4628, 3.648548
643.9449, 3.901035
644.4270, 4.158810
644.9091, 4.311745
645.3912, 4.390854
645.8734, 4.494934
646.3555, 4.663486
646.8376, 4.844635
647.3197, 4.952240
647.8018, 4.971191
648.2839, 5.002567
648.7661, 5.022301
649.2482, 5.086407
649.7303, 5.256416
650.2124, 5.457588
650.6945, 5.588371
651.1766, 5.624454
651.6588, 5.657600
652.1409, 5.818455
652.6230, 6.005817
653.1051, 5.970112
653.5872, 5.704628
654.0693, 5.469482
654.5515, 5.417694
655.0336, 5.448284
655.5157, 5.345055
655.9978, 5.032581
656.4799, 4.756916
656.9620, 4.640877
657.4442, 4.443340
657.9263, 3.875343
658.4084, 3.173393
658.8905, 2.807568
659.3726, 2.964222
659.8547, 3.257420
660.3369, 3.192425
660.8190, 2.787037
661.3011, 2.240646
661.7832, 1.448345
662.2653, 0.8436320
662.7474, 0.7829480
663.2296, 1.022503
663.7117, 1.069008
664.1938, 0.8600620
664.6759, 0.6404990
665.1580, 0.4645000
665.6401, 0.3263590
666.1223, 0.2225190
666.6044, 0.1520040
667.0865, 0.1375470
667.5686, 0.1954230
668.0507, 0.2465930
668.5328, 0.1142500
669.0150, 0.2685130
669.4971, 0.5508690
669.9792, 0.7533530
670.4613, 0.8126870
670.9434, 0.6244960
671.4255, 0.3182450
671.9077, 7.3036000E-02
672.3898, 8.1390001E-02
672.8719, 0.1356200
673.3540, 3.7159000E-02
673.8361, 0.1432910
674.3182, 0.3250660
674.8004, 0.4910580
675.2825, 0.5884320
675.7646, 0.5853840
676.2467, 0.4985050
676.7288, 0.3552670
677.2109, 8.2165003E-02
677.6931, 7.4524000E-02
678.1752, 6.8700002E-03
678.6573, 6.6653997E-02
679.1394, 6.8699999E-04
679.6215, 0.1656720
680.1036, 0.4032860
680.5858, 0.7138250
681.0679, 0.9576720
681.5500, 0.9360920
682.0321, 0.7455980
682.5142, 0.6541100
682.9963, 0.6844370
683.4785, 0.8097150
683.9606, 1.058739
684.4427, 1.343468
684.9248, 1.451866
685.4069, 1.286907
685.8890, 1.169594
686.3712, 1.127464
686.8533, 1.114723
687.3354, 1.067905
687.8175, 1.043510
688.2996, 1.159435
688.7817, 1.458649
689.2639, 1.822571
689.7460, 2.132202
690.2281, 2.387432
690.7102, 2.561432
691.1923, 2.640980
691.6744, 2.691589
692.1566, 2.731285
692.6387, 2.771519
693.1208, 2.838978
693.6029, 2.944351
694.0850, 3.026787
694.5671, 3.017551
695.0493, 3.037708
695.5314, 3.182411
696.0135, 3.411301
696.4956, 3.672314
696.9777, 3.937515
697.4598, 4.121986
697.9420, 4.065296
698.4241, 3.781452
698.9062, 3.665638
699.3883, 3.802475
699.8704, 3.866539
700.3525, 3.651382
700.8347, 3.338364
701.3168, 3.179882
701.7989, 3.191162
702.2810, 3.198032
702.7631, 3.149635
703.2452, 3.086521
703.7274, 3.069553
704.2095, 3.053005
704.6916, 2.903782
705.1737, 2.594376
705.6558, 2.308369
706.1379, 2.284973
706.6201, 2.505493
707.1022, 2.630028
707.5843, 2.663422
708.0664, 2.587017
708.5485, 2.284241
709.0306, 1.948467
709.5128, 1.791103
709.9949, 1.799080
710.4770, 1.735512
710.9591, 1.428864
711.4412, 1.117893
711.9233, 1.002701
712.4055, 1.003078
712.8876, 0.9702530
713.3697, 0.8656620
713.8518, 0.7262420
714.3339, 0.5859490
714.8160, 0.4445230
715.2982, 0.2846490
715.7803, 4.0114999E-02
716.2624, 6.6036001E-02
716.7445, 9.5546998E-02
717.2266, 0.3415450
717.7087, 0.6023140
718.1909, 0.8485340
718.6730, 0.9782410
719.1551, 0.8907090
719.6372, 0.7697640
720.1193, 0.7470280
720.6014, 0.7717700
721.0836, 0.7435840
721.5657, 0.6551280
722.0478, 0.5934750
722.5299, 0.6276890
723.0120, 0.7305910
723.4941, 0.8165170
723.9763, 0.9225160
724.4584, 0.9029810
724.9405, 0.6163790
725.4226, 0.3430900
725.9047, 0.2192270
726.3868, 0.2116740
726.8690, 0.2468340
727.3511, 0.3316990
727.8332, 0.4232180
728.3153, 0.5593720
728.7974, 0.6783910
729.2795, 0.6363720
729.7617, 0.4582180
730.2438, 0.3262180
730.7259, 0.3336600
731.2080, 0.4426840
731.6901, 0.5973930
732.1722, 0.8148610
732.6544, 1.003521
733.1365, 1.176296
733.6186, 1.317478
734.1007, 1.428032
734.5828, 1.513290
735.0649, 1.580025
735.5471, 1.619213
736.0292, 1.633503
736.5113, 1.583065
736.9934, 1.556168
737.4755, 1.673195
737.9576, 1.880585
738.4398, 2.006351
738.9219, 1.994682
739.4040, 1.999878
739.8861, 2.236431
740.3682, 2.699093
740.8503, 3.022011
741.3325, 3.197308
741.8146, 3.246506
742.2967, 3.057213
742.7788, 2.831158
743.2609, 2.689854
743.7430, 2.649666
744.2252, 2.781651
744.7073, 3.281494
745.1894, 3.776318
745.6715, 4.040386
746.1536, 4.134422
746.6357, 4.083294
747.1179, 3.933777
747.6000, 3.889648
748.0821, 4.130310
748.5642, 4.542274
749.0463, 4.742901
749.5284, 4.680645
750.0106, 4.647388
750.4927, 4.692070
750.9748, 4.759155
751.4569, 4.887711
751.9390, 5.000549
752.4211, 4.883381
752.9033, 4.333252
753.3854, 3.979214
753.8675, 4.217152
754.3496, 4.623398
754.8317, 4.837505
755.3138, 4.863773
755.7960, 4.819904
756.2781, 4.759483
756.7602, 4.688797
757.2423, 4.624538
757.7244, 4.565414
758.2065, 4.448940
758.6887, 4.249229
759.1708, 4.081566
759.6529, 4.000053
760.1350, 3.969486
760.6171, 3.962811
761.0992, 3.991299
761.5814, 3.913391
762.0635, 3.558144
762.5456, 3.267170
763.0277, 3.292500
763.5098, 3.424221
763.9919, 3.359032
764.4741, 3.071033
764.9562, 2.794525
765.4383, 2.734264
765.9204, 2.779926
766.4025, 2.638958
766.8846, 2.323021
767.3668, 2.197720
767.8489, 2.390266
768.3310, 2.605095
768.8131, 2.594250
769.2952, 2.395870
769.7773, 2.229488
770.2595, 2.090309
770.7416, 1.986557
771.2237, 1.994091
771.7058, 1.967106
772.1879, 1.709515
772.6700, 1.368095
773.1522, 1.282310
773.6343, 1.597599
774.1164, 1.938393
774.5985, 1.958656
775.0806, 1.743011
775.5627, 1.402069
776.0449, 0.9699520
776.5270, 0.7419470
777.0091, 0.8694500
777.4912, 1.157394
777.9733, 1.321251
778.4554, 1.351982
778.9376, 1.345261
779.4197, 1.333405
779.9019, 1.236328
780.3840, 0.9241070
780.8661, 0.6058850
781.3482, 0.4645040
781.8303, 0.4991300
782.3124, 0.6086650
782.7946, 0.8294260
783.2767, 1.013012
783.7588, 1.028015
784.2409, 0.9254950
784.7230, 0.7744060
785.2051, 0.5971450
785.6873, 0.4284210
786.1694, 0.2925990
786.6515, 0.1841770
787.1336, 6.9087997E-02
787.6157, 8.0540001E-02
788.0978, 5.2094001E-02
788.5800, 0.3358920
789.0621, 0.6159210
789.5442, 0.3880580
790.0263, 4.2477001E-02
790.5084, 0.1554370
790.9905, 0.1532100
791.4727, 0.3489720
791.9548, 0.1572950
792.4369, 4.2755000E-02
792.9190, 4.8930999E-02
793.4011, 0.2744900
793.8832, 0.3231090
794.3654, 0.1414260
794.8475, 1.4133000E-02
795.3296, 0.1205060
795.8117, 0.4178160
796.2938, 0.5200200
796.7759, 0.4305530
797.2581, 0.3783260
797.7402, 0.4293330
798.2223, 0.4711460
798.7044, 0.3788450
799.1865, 0.1936720
799.6686, 0.1623310
800.1508, 0.4493290
800.6329, 0.6554870
801.1150, 0.7672120
801.5971, 0.8046300
802.0792, 0.7416310
802.5613, 0.6251950
803.0435, 0.5483060
803.5256, 0.5456280
804.0077, 0.4963260
804.4898, 0.1977270
804.9719, 0.1319770
805.4540, 0.1027640
805.9362, 0.2012060
806.4183, 0.3725200
806.9004, 0.2674260
807.3825, 8.1200004E-02
807.8646, 3.2063000E-02
808.3467, 0.1136470
808.8289, 0.2717930
809.3110, 0.5985570
809.7931, 0.7412800
810.2752, 0.4548150
810.7573, 0.1463780
811.2394, 0.2163280
811.7216, 0.5338060
812.2037, 0.6608350
812.6858, 0.4309840
813.1679, 0.2085190
813.6500, 9.2541002E-02
814.1321, 5.2161999E-02
814.6143, 0.1204680
815.0964, 0.2336240
815.5785, 0.2263450
816.0606, 3.4554001E-02
816.5427, 0.1380460
817.0248, 9.3500002E-04
817.5070, 0.3440170
817.9891, 0.5216180
818.4712, 0.5267680
818.9533, 0.5603900
819.4354, 0.7078820
819.9175, 0.8480260
820.3997, 0.8245510
820.8818, 0.6415250
821.3639, 0.5494160
821.8460, 0.6722070
822.3281, 0.7008590
822.8102, 0.4296720
823.2924, 0.2171210
823.7745, 0.3763350
824.2566, 0.7771000
824.7387, 1.070000
825.2208, 1.150871
825.7029, 1.132198
826.1851, 1.033379
826.6672, 0.9068410
827.1493, 0.7817730
827.6314, 0.6841320
828.1135, 0.7175250
828.5956, 0.9122960
829.0778, 1.059387
829.5599, 0.8193280
830.0420, 0.2968440
830.5241, 0.2964670
831.0062, 0.9333000
831.4883, 1.304741
831.9705, 1.058182
832.4526, 0.6886860
832.9347, 0.7020570
833.4168, 1.039780
833.8989, 1.137741
834.3810, 0.7207110
834.8632, 0.4864850
835.3453, 0.5719490
835.8274, 0.7841570
836.3095, 1.078053
836.7916, 1.387371
837.2737, 1.632999
837.7559, 1.795559
838.2380, 1.829208
838.7201, 1.575481
839.2022, 1.256184
839.6843, 1.210697
840.1664, 1.367359
840.6486, 1.484703
841.1307, 1.485394
841.6128, 1.365067
842.0949, 1.080338
842.5770, 0.7106360
843.0591, 0.6513400
843.5413, 0.9670220
844.0234, 1.320103
844.5055, 1.719627
844.9876, 1.996674
845.4697, 1.960262
845.9518, 1.724125
846.4340, 1.627762
846.9161, 1.655048
847.3982, 1.769836
847.8803, 2.190071
848.3624, 2.472023
848.8445, 2.272934
849.3267, 1.862068
849.8088, 1.596146
850.2909, 1.543514
850.7730, 1.616447
851.2551, 1.831432
851.7372, 2.040619
852.2194, 2.001179
852.7015, 1.815140
853.1836, 1.756798
853.6657, 1.866283
854.1478, 1.947845
854.6299, 1.844738
855.1121, 1.663986
855.5942, 1.637875
856.0763, 1.787312
856.5584, 1.933937
857.0405, 2.110538
857.5226, 2.214554
858.0048, 2.113663
858.4869, 1.957211
858.9690, 2.040627
859.4511, 2.396523
859.9332, 2.526283
860.4153, 2.166786
860.8975, 1.903038
861.3796, 1.991165
861.8617, 2.154354
862.3438, 2.112938
862.8259, 1.934414
863.3080, 1.908657
863.7902, 2.206638
864.2723, 2.467751
864.7544, 2.295681
865.2365, 1.947975
865.7186, 1.771725
866.2007, 1.790504
866.6829, 1.924545
867.1650, 2.103443
867.6471, 2.202389
868.1292, 2.016464
868.6113, 1.620594
869.0934, 1.494289
869.5756, 1.687862
870.0577, 1.831844
870.5398, 1.829967
871.0219, 1.787144
871.5040, 1.809509
871.9861, 1.865177
872.4683, 1.779430
872.9504, 1.367336
873.4325, 1.168808
873.9146, 1.385765
874.3967, 1.595951
874.8788, 1.613300
875.3610, 1.526669
875.8431, 1.435028
876.3252, 1.360516
876.8073, 1.346287
877.2894, 1.475731
877.7715, 1.606853
878.2537, 1.606850
878.7358, 1.549965
879.2179, 1.555027
879.7000, 1.622421
880.1821, 1.682693
880.6642, 1.699764
881.1464, 1.648270
881.6285, 1.468536
882.1106, 1.182335
882.5927, 0.8768580
883.0748, 0.5646670
883.5569, 0.4464650
884.0391, 0.6363490
884.5212, 0.8933830
885.0033, 0.9116250
885.4854, 0.7131840
885.9675, 0.7188190
886.4496, 1.074234
886.9318, 1.346642
887.4139, 1.525974
887.8960, 1.566555
888.3781, 1.359379
888.8602, 1.012966
889.3423, 0.7403220
889.8245, 0.5619580
890.3066, 0.4975590
890.7887, 0.6780360
891.2708, 0.8393630
891.7529, 0.7710720
892.2350, 0.6175120
892.7172, 0.6132890
893.1993, 0.7597050
893.6814, 0.8330840
894.1635, 0.6756740
894.6456, 0.4329220
895.1277, 0.2048260
895.6099, 4.8698001E-02
896.0920, 0.1745950
896.5741, 0.5455090
897.0562, 0.8132820
897.5383, 0.8103410
898.0204, 0.6744420
898.5026, 0.6013570
898.9847, 0.5803260
899.4668, 0.4881670
899.9489, 0.3097800
900.4310, 0.1264040
900.9131, 9.1591001E-02
901.3953, 0.1778980
901.8774, 0.1088750
902.3595, 0.6280780
902.8416, 0.7450900
903.3237, 8.7475002E-02
903.8058, 0.2769640
904.2880, 0.1913720
904.7701, 6.8970001E-03
905.2522, 0.2776050
905.7343, 0.5060250
906.2164, 0.4402690
906.6985, 7.8668997E-02
907.1807, 0.2296770
907.6628, 0.4525620
908.1449, 0.4833010
908.6270, 5.7951000E-02
909.1091, 0.4473990
909.5912, 0.5900860
910.0734, 0.4107910
910.5555, 0.1652890
911.0376, 4.0125001E-02
911.5197, 0.1353660
912.0018, 6.8501003E-02
912.4839, 0.3963070
912.9661, 0.4728390
913.4482, 0.3197480
913.9303, 8.1772000E-02
914.4124, 0.1837500
914.8945, 0.3369770
915.3766, 0.2380580
915.8588, 2.6812000E-02
916.3409, 0.1940770
916.8230, 0.2599660
917.3051, 0.2496830
917.7872, 0.1376400
918.2693, 4.3887999E-02
918.7515, 4.0894002E-02
919.2336, 6.9381997E-02
919.7157, 3.2483999E-02
920.1978, 8.1081003E-02
920.6799, 0.1496720
921.1620, 0.2335470
921.6442, 0.1864190
922.1263, 0.2562310
922.6084, 0.6082420
923.0905, 0.3734090
923.5726, 0.1754990
924.0547, 0.3482420
924.5369, 8.5299000E-02
925.0190, 0.4625030
925.5011, 0.5567020
925.9832, 0.5091820
926.4653, 0.3063510
926.9474, 7.9599001E-02
927.4296, 4.6645999E-02
927.9117, 0.1954480
928.3938, 0.2651180
928.8759, 4.6829000E-02
929.3580, 0.1740300
929.8401, 1.8880001E-03
930.3223, 0.3587210
930.8044, 0.5152760
931.2865, 0.4711890
931.7686, 0.4035890
932.2507, 0.3848970
932.7328, 0.3957200
933.2150, 0.4235610
933.6971, 0.4575180
934.1792, 0.4319020
934.6613, 0.3471280
935.1434, 0.3779410
935.6255, 0.5794790
936.1077, 0.7370410
936.5898, 0.6993050
937.0719, 0.5414660
937.5540, 0.4353580
938.0361, 0.4023150
938.5182, 0.2935600
939.0004, 2.4494000E-02
939.4825, 0.1497330
939.9646, 0.1912310
940.4467, 0.6069430
940.9288, 0.6863770
941.4109, 0.5216410
941.8931, 0.5253010
942.3752, 0.8684200
942.8573, 1.089350
943.3394, 1.109591
943.8215, 1.022951
944.3036, 0.7943840
944.7858, 0.5332550
945.2679, 0.3084830
945.7500, 0.1597980
946.2321, 0.2855550
946.7142, 1.102768
947.1964, 1.785711
947.6785, 1.733084
948.1606, 1.359957
948.6427, 1.032009
949.1248, 0.8146210
949.6069, 0.7273810
950.0891, 0.7744140
950.5712, 0.8685000
951.0533, 0.9814260
951.5354, 1.057835
952.0175, 0.9876000
952.4996, 0.8068050
952.9818, 0.5819470
953.4639, 0.3433650
953.9460, 0.2049290
954.4281, 0.2441390
954.9102, 0.3654770
955.3923, 0.3942380
955.8745, 0.3457570
956.3566, 0.3805120
956.8387, 0.5059430
957.3208, 0.6010670
957.8029, 0.6335810
958.2850, 0.5920910
958.7672, 0.4261670
959.2493, 0.2056010
959.7314, 0.2527290
960.2135, 0.6783430
960.6956, 0.8990170
961.1777, 0.7675840
961.6599, 0.6760250
962.1420, 0.8808170
962.6241, 1.171188
963.1062, 1.262383
963.5883, 1.151323
964.0704, 1.085573
964.5526, 1.121401
965.0347, 1.099609
965.5168, 0.9457070
965.9989, 0.8136140
966.4810, 0.8660130
966.9631, 0.9737820
967.4453, 0.9242270
967.9274, 0.6865480
968.4095, 0.5337850
968.8916, 0.6995300
969.3737, 0.7548850
969.8558, 0.3452380
970.3380, 0.1072290
970.8201, 0.1890750
971.3022, 4.1777000E-02
971.7843, 0.3808730
972.2664, 0.7633290
972.7485, 1.007849
973.2307, 0.9128530
973.7128, 0.7298810
974.1949, 0.6651020
974.6770, 0.6756670
975.1591, 0.6885430
975.6412, 0.6918240
976.1234, 0.7181300
976.6055, 0.7950760
977.0876, 0.8699040
977.5698, 0.8608400
978.0519, 0.7979890
978.5340, 0.7687470
979.0161, 0.7602860
979.4982, 0.6927190
979.9803, 0.5728760
980.4625, 0.5302830
980.9446, 0.7058280
981.4267, 0.9362160
981.9088, 0.8843630
982.3909, 0.6264710
982.8730, 0.5433560
983.3552, 0.6550200
983.8373, 0.7559910
984.3194, 0.7686370
984.8015, 0.7463340
985.2836, 0.7602750
985.7657, 0.8058150
986.2479, 0.8176330
986.7300, 0.7872300
987.2121, 0.6871910
987.6942, 0.5082420
988.1763, 0.3760200
988.6584, 0.3247930
989.1406, 0.3548810
989.6227, 0.4872040
990.1048, 0.7216450
990.5869, 0.9008670
991.0690, 1.040058
991.5511, 1.094547
992.0333, 1.044653
992.5154, 0.9243490
992.9975, 0.6643430
993.4796, 0.3911570
993.9617, 0.3166180
994.4438, 0.4600300
994.9260, 0.5885240
995.4081, 0.7341420
995.8902, 0.7980210
996.3723, 0.6560290
996.8544, 0.5113740
997.3365, 0.5400450
997.8187, 0.6952690
998.3008, 0.8309150
998.7829, 0.9244900
999.2650, 0.9296300
999.7471, 0.7195970
1000.229, 0.5617370
1000.711, 0.6032010
1001.193, 0.7316630
1001.676, 0.8874820
1002.158, 1.025349
1002.640, 1.069199
1003.122, 0.9919280
1003.604, 0.8468040
1004.086, 0.5813810
1004.568, 0.3645970
1005.050, 0.3536260
1005.533, 0.4505180
1006.015, 0.4964620
1006.497, 0.5088980
1006.979, 0.6685220
1007.461, 1.079678
1007.943, 1.397339
1008.425, 1.225658
1008.907, 0.8578890
1009.389, 0.5720390
1009.872, 0.4236030
1010.354, 0.5931280
1010.836, 1.024279
1011.318, 1.338894
1011.800, 1.313103
1012.282, 1.139000
1012.764, 1.003214
1013.246, 0.9100190
1013.729, 0.9012090
1014.211, 0.9488580
1014.693, 0.9286920
1015.175, 0.8210050
1015.657, 0.7335850
1016.139, 0.7411100
1016.621, 0.8097900
1017.103, 0.8985960
1017.585, 1.005642
1018.068, 1.120520
1018.550, 1.219879
1019.032, 1.207876
1019.514, 1.057423
1019.996, 0.8956390
1020.478, 0.8188610
1020.960, 0.8158820
1021.442, 0.8855740
1021.924, 1.022991
1022.407, 1.103361
1022.889, 1.121933
1023.371, 1.091002
1023.853, 1.008358
1024.335, 0.8939380
1024.817, 0.7419990
1025.299, 0.6102490
1025.781, 0.7308440
1026.264, 1.163324
1026.746, 1.327108
1027.228, 1.146538
1027.710, 0.9562970
1028.192, 0.8420160
1028.674, 0.7996370
1029.156, 0.8609100
1029.638, 0.9765680
1030.120, 0.9454290
1030.603, 0.6745360
1031.085, 0.6095290
1031.567, 0.8466340
1032.049, 1.068054
1032.531, 1.161402
1033.013, 1.206722
1033.495, 1.285589
1033.977, 1.384878
1034.459, 1.432081
1034.942, 1.393885
1035.424, 1.451427
1035.906, 1.635174
1036.388, 1.771589
1036.870, 1.784637
1037.352, 1.730255
1037.834, 1.623770
1038.316, 1.487875
1038.799, 1.467611
1039.281, 1.711313
1039.763, 1.781061
1040.245, 1.498377
1040.727, 1.269680
1041.209, 1.310190
1041.691, 1.394871
1042.173, 1.258593
1042.656, 0.9648800
1043.138, 0.8547020
1043.620, 1.066103
1044.102, 1.205479
1044.584, 1.180862
1045.066, 1.166636
1045.548, 1.239216
1046.030, 1.342344
1046.512, 1.467922
1046.995, 1.579042
1047.477, 1.507813
1047.959, 1.082130
1048.441, 0.8319630
1048.923, 1.017673
1049.405, 1.170332
1049.887, 1.010017
1050.369, 0.7935430
1050.851, 0.7973480
1051.334, 0.9847050
1051.816, 1.163437
1052.298, 1.366261
1052.780, 1.382933
1053.262, 0.9450990
1053.744, 0.5752770
1054.226, 0.5521680
1054.708, 0.6842100
1055.191, 0.8328860
1055.673, 0.9543860
1056.155, 0.9467370
1056.637, 0.7055660
1057.119, 0.6606120
1057.601, 1.247162
1058.083, 1.668119
1058.565, 1.350965
1059.047, 0.8074170
1059.530, 0.4944520
1060.012, 0.4343010
1060.494, 0.5311340
1060.976, 0.7977410
1061.458, 1.050186
1061.940, 1.301544
1062.422, 1.431087
1062.904, 1.263445
1063.386, 1.049423
1063.869, 1.028482
1064.351, 1.155060
1064.833, 1.213057
1065.315, 1.143875
1065.797, 1.043270
1066.279, 0.9536480
1066.761, 0.8384570
1067.243, 0.5298460
1067.726, 0.3097930
1068.208, 0.6151940
1068.690, 1.202900
1069.172, 1.446243
1069.654, 1.173044
1070.136, 0.8702550
1070.618, 0.7257250
1071.100, 0.6334130
1071.583, 0.5094390
1072.065, 0.4460260
1072.547, 0.6177600
1073.029, 0.9057030
1073.511, 1.042091
1073.993, 0.9647430
1074.475, 0.7630830
1074.957, 0.2067450
1075.439, 0.1184480
1075.922, 0.3533990
1076.404, 0.9409730
1076.886, 0.9831890
1077.368, 0.7041130
1077.850, 0.6265450
1078.332, 0.8324760
1078.814, 0.9546360
1079.296, 0.7735630
1079.779, 0.5622430
1080.261, 0.3626400
1080.743, 0.2703760
1081.225, 0.4513950
1081.707, 0.7539390
1082.189, 0.9541870
1082.671, 1.016453
1083.153, 1.021250
1083.635, 1.030737
1084.118, 0.9328690
1084.600, 0.5380670
1085.082, 0.1633090
1085.564, 1.4231000E-02
1086.046, 4.5279998E-02
1086.528, 0.2359980
1087.010, 0.5373190
1087.492, 0.7784400
1087.974, 0.9276010
1088.457, 0.9516600
1088.939, 0.7001610
1089.421, 0.4755650
1089.903, 0.5549720
1090.385, 0.6954590
1090.867, 0.6301100
1091.349, 0.3722360
1091.831, 3.6974002E-02
1092.314, 0.4322760
1092.796, 0.6083240
1093.278, 3.3700000E-03
1093.760, 0.5372160
1094.242, 0.4348070
1094.724, 0.1396060
1095.206, 8.5534997E-02
1095.688, 0.2071840
1096.171, 0.2663210
1096.653, 0.2073380
1097.135, 0.1583860
1097.617, 0.1254690
1098.099, 0.1515060
1098.581, 0.3661040
1099.063, 0.5408550
1099.545, 0.4191300
1100.027, 0.1519340
1100.510, 4.4737000E-02
1100.992, 0.1425440
1101.474, 0.2485350
1101.956, 0.3913730
1102.438, 0.4325220
1102.920, 0.1744120
1103.402, 2.3512000E-02
1103.884, 0.1709710
1104.366, 0.5002250
1104.849, 0.5655190
1105.331, 0.3615400
1105.813, 0.2518270
1106.295, 0.3843420
1106.777, 0.4643230
1107.259, 0.4159760
1107.741, 0.3501970
1108.223, 0.3061520
1108.706, 0.2777960
1109.188, 0.2492960
1109.670, 0.2254180
1110.152, 0.2379490
1110.634, 0.3062860
1111.116, 0.3724920
1111.598, 0.4965740
1112.080, 0.5328850
1112.563, 0.4056280
1113.045, 0.2067780
1113.527, 7.5712003E-02
1114.009, 0.3575950
1114.491, 0.3818990
1114.973, 5.5330001E-02
1115.455, 0.1281850
1115.937, 6.7913003E-02
1116.419, 4.5643002E-02
1116.901, 0.1345230
1117.384, 0.2253280
1117.866, 0.2529850
1118.348, 0.2645070
1118.830, 0.3578780
1119.312, 0.5417590
1119.794, 0.4822500
1120.276, 2.8008999E-02
1120.758, 0.2132260
1121.241, 0.1809710
1121.723, 0.4989910
1122.205, 0.3910920
1122.687, 0.1628720
1123.169, 0.1860560
1123.651, 0.4090330
1124.133, 0.5352920
1124.615, 0.5553190
1125.098, 0.5082420
1125.580, 0.3640460
1126.062, 0.3017060
1126.544, 0.4083600
1127.026, 0.5083100
1127.508, 0.4544260
1127.990, 0.2873480
1128.472, 5.8972999E-02
1128.954, 0.2399460
1129.437, 0.2189900
1129.919, 0.1464350
1130.401, 0.4739840
1130.883, 0.6946280
1131.365, 0.7331350
1131.847, 0.5225930
1132.329, 0.2526570
1132.811, 0.2198850
1133.293, 0.3636860
1133.776, 0.4083860
1134.258, 0.3690530
1134.740, 0.4833640
1135.222, 0.7549270
1135.704, 0.8260420
1136.186, 0.5538430
1136.668, 0.2429560
1137.150, 0.1857620
1137.633, 0.2979980
1138.115, 0.4953460
1138.597, 0.7026630
1139.079, 0.6006450
1139.561, 0.2838340
1140.043, 0.2472900
1140.525, 0.5601880
1141.007, 0.8007740
1141.490, 0.6941660
1141.972, 0.4487990
1142.454, 0.2282620
1142.936, 9.8820001E-02
1143.418, 0.2554760
1143.900, 0.5542870
1144.382, 0.7195950
1144.864, 0.7197360
1145.346, 0.6036150
1145.828, 0.3951470
1146.311, 0.1879750
1146.793, 6.5520001E-03
1147.275, 8.6222000E-02
1147.757, 3.3121001E-02
1148.239, 0.2238940
1148.721, 0.3477150
1149.203, 0.3962170
1149.685, 0.3567790
1150.168, 0.2269990
1150.650, 0.1498950
1151.132, 0.2873290
1151.614, 0.3672560
1152.096, 0.1118700
1152.578, 7.7627003E-02
1153.060, 0.1687390
1153.542, 0.5686550
1154.025, 0.8410170
1154.507, 0.9482120
1154.989, 0.8808250
1155.471, 0.5915200
1155.953, 0.3628750
1156.435, 0.2460900
1156.917, 0.2197460
1157.399, 0.3336870
1157.881, 0.4761030
1158.364, 0.5718960
1158.846, 0.6477850
1159.328, 0.7891600
1159.810, 1.002052
1160.292, 1.014153
1160.774, 0.5406650
1161.256, 0.3902490
1161.738, 0.8818510
1162.220, 1.235033
1162.703, 1.087788
1163.185, 0.7957000
1163.667, 0.6855070
1164.149, 0.7047500
1164.631, 0.6762260
1165.113, 0.5950700
1165.595, 0.4802320
1166.077, 0.3067610
1166.560, 0.2189040
1167.042, 0.2653900
1167.524, 0.3006420
1168.006, 0.2228780
1168.488, 0.1567400
1168.970, 0.3222960
1169.452, 0.6402470
1169.934, 0.6585240
1170.417, 0.4034180
1170.899, 0.2549460
1171.381, 0.2453040
1171.863, 0.3850190
1172.345, 0.6851250
1172.827, 0.8256470
1173.309, 0.4774380
1173.791, 3.2650001E-02
1174.273, 7.6508999E-02
1174.755, 0.1480010
1175.238, 0.1235180
1175.720, 4.0112998E-02
1176.202, 4.8188999E-02
1176.684, 0.3900340
1177.166, 0.7004490
1177.648, 0.8542790
1178.130, 0.8377840
1178.612, 0.4853880
1179.095, 0.1572040
1179.577, 0.2524470
1180.059, 0.4859730
1180.541, 0.5058420
1181.023, 0.3927420
1181.505, 0.3682000
1181.987, 0.4559570
1182.469, 0.5105440
1182.952, 0.4458940
1183.434, 0.4235320
1183.916, 0.6251660
1184.398, 0.7542460
1184.880, 0.5430810
1185.362, 0.2689110
1185.844, 0.2005200
1186.326, 0.2891220
1186.808, 0.3725400
1187.291, 0.4593540
1187.773, 0.5166630
1188.255, 0.4580540
1188.737, 0.4626270
1189.219, 0.5913580
1189.701, 0.7301060
1190.183, 0.8728370
1190.665, 0.9501800
1191.147, 0.8618910
1191.630, 0.6518310
1192.112, 0.5043980
1192.594, 0.4221440
1193.076, 0.3979420
1193.558, 0.4384000
1194.040, 0.5099510
1194.522, 0.6092610
1195.004, 0.7052120
1195.487, 0.7955210
1195.969, 0.7920000
1196.451, 0.5284920
1196.933, 0.1051030
1197.415, 9.1845997E-02
1197.897, 9.3702003E-02
1198.379, 8.0141000E-02
1198.861, 5.8029000E-02
1199.344, 8.7135002E-02
1199.826, 0.3658030
1200.308, 0.5453970
1200.790, 0.4541440
1201.272, 0.2967850
1201.754, 0.3404540
1202.236, 0.4509960
1202.718, 0.4153060
1203.200, 0.3234730
1203.682, 0.3662090
1204.165, 0.4978450
1204.647, 0.5089420
1205.129, 0.3488690
1205.611, 0.2512300
1206.093, 0.4178010
1206.575, 0.5160050
1207.057, 0.2313230
1207.539, 2.1366000E-02
1208.022, 9.6611001E-02
1208.504, 0.3669930
1208.986, 0.5594980
1209.468, 0.6556510
1209.950, 0.6544530
1210.432, 0.5064770
1210.914, 0.4475360
1211.396, 0.5632900
1211.879, 0.6477530
1212.361, 0.6543050
1212.843, 0.6559140
1213.325, 0.7025090
1213.807, 0.7401100
1214.289, 0.6723040
1214.771, 0.5494000
1215.253, 0.6861920
1215.735, 1.148491
1216.218, 1.315310
1216.700, 1.155661
1217.182, 0.8988150
1217.664, 0.5896050
1218.146, 0.3916850
1218.628, 0.4059050
1219.110, 0.5134140
1219.592, 0.5727880
1220.074, 0.5966950
1220.557, 0.6043070
1221.039, 0.6067220
1221.521, 0.6292420
1222.003, 0.6746830
1222.485, 0.7583500
1222.967, 0.8663040
1223.449, 0.9157180
1223.931, 0.8568060
1224.414, 0.7514780
1224.896, 0.6227000
1225.378, 0.5019910
1225.860, 0.3867720
1226.342, 0.3036380
1226.824, 0.2600350
1227.306, 0.2720030
1227.788, 0.3995210
1228.271, 0.6289520
1228.753, 0.7623480
1229.235, 0.7953990
1229.717, 0.6868630
1230.199, 0.1796510
1230.681, 0.1281260
1231.163, 7.4677996E-02
1231.645, 0.3781800
1232.127, 0.4990830
1232.609, 0.4964620
1233.092, 0.4790530
1233.574, 0.4458690
1234.056, 0.3536850
1234.538, 0.1834930
1235.020, 0.1257610
1235.502, 0.2044640
1235.984, 0.2425480
1236.466, 0.1760060
1236.949, 0.1754800
1237.431, 0.3912910
1237.913, 0.6351390
1238.395, 0.5513100
1238.877, 0.2916830
1239.359, 0.2245500
1239.841, 0.2757280
1240.323, 0.2057020
1240.806, 8.7259002E-02
1241.288, 0.2574940
1241.770, 0.7387070
1242.252, 0.9896510
1242.734, 0.6078820
1243.216, 0.2065850
1243.698, 0.1870310
1244.180, 0.2846980
1244.662, 0.3860680
1245.145, 0.4512440
1245.627, 0.4401910
1246.109, 0.3866690
1246.591, 0.3601320
1247.073, 0.3668080
1247.555, 0.4174960
1248.037, 0.5596220
1248.519, 0.6538330
1249.001, 0.6748120
1249.484, 0.6974850
1249.966, 0.7854180
1250.448, 0.7691360
1250.930, 0.4613840
1251.412, 8.8592999E-02
1251.894, 0.1200960
1252.376, 0.4900530
1252.858, 0.7345120
1253.341, 0.8516770
1253.823, 0.7541100
1254.305, 0.4878460
1254.787, 0.4547020
1255.269, 0.7528130
1255.751, 1.031197
1256.233, 1.060318
1256.715, 0.9328880
1257.198, 0.7397770
1257.680, 0.5556410
1258.162, 0.4926130
1258.644, 0.4856720
1259.126, 0.4584980
1259.608, 0.4198680
1260.090, 0.3997060
1260.572, 0.4040640
1261.054, 0.4191130
1261.536, 0.4443260
1262.019, 0.4848790
1262.501, 0.5471100
1262.983, 0.6252080
1263.465, 0.7854120
1263.947, 0.8787350
1264.429, 0.7630230
1264.911, 0.5705110
1265.393, 0.5167010
1265.876, 0.5676800
1266.358, 0.4601760
1266.840, 0.1771510
1267.322, 8.4252998E-02
1267.804, 0.2157780
1268.286, 0.3211230
1268.768, 0.3429550
1269.250, 0.3253710
1269.733, 0.2932890
1270.215, 0.2361850
1270.697, 0.1195220
1271.179, 3.2039999E-03
1271.661, 8.1254996E-02
1272.143, 6.9958001E-02
1272.625, 0.2202090
1273.107, 0.6251620
1273.589, 0.8606410
1274.072, 0.9074120
1274.554, 0.8802190
1275.036, 0.7735100
1275.518, 0.7003100
1276.000, 0.6967090
1276.482, 0.6747040
1276.964, 0.5088630
1277.446, 0.2371120
1277.929, 0.3503880
1278.411, 0.4616030
1278.893, 0.3128010
1279.375, 3.5310999E-02
1279.857, 1.2888000E-02
1280.339, 0.2859210
1280.821, 0.4665780
1281.303, 0.4493770
1281.786, 0.3047850
1282.268, 0.0000000E+00
##END=



