##NAMES=Kenoargentotetrahedrite-(Fe)
##RRUFFID=R061081
##IDEAL CHEMISTRY=Ag^1+^_6_(Cu^1+^_4_Fe^2+^_2_)Sb_4_S^2-^_12_[box]
##LOCALITY=Sadie mine, Elsa, Yukon, Canada
##OWNER=RRUFF
##SOURCE=Lloyd Twaites
##DESCRIPTION=Dark gray metallic massive
##STATUS=The identification of this mineral has been made only by X-ray diffraction.
##URL=rruff.info/R061081
116.2618, 0.0000000E+00
116.7439, 7.478333
117.2261, 1.353546
117.7082, 3.426605
118.1903, 3.929138
118.6724, 17.64020
119.1545, 38.35251
119.6366, 64.91266
120.1188, 87.50833
120.6009, 92.24179
121.0830, 91.03259
121.5651, 99.83182
122.0472, 137.1631
122.5293, 180.8035
123.0115, 209.1350
123.4936, 219.6811
123.9757, 225.5933
124.4578, 233.8834
124.9399, 245.4417
125.4220, 254.0738
125.9042, 269.0847
126.3863, 291.8373
126.8684, 311.8338
127.3505, 329.0684
127.8326, 341.6378
128.3147, 344.6603
128.7969, 339.2589
129.2790, 334.0204
129.7611, 337.0272
130.2432, 345.5534
130.7253, 349.7368
131.2074, 347.1491
131.6895, 339.1146
132.1717, 326.5815
132.6538, 308.5838
133.1359, 292.7130
133.6180, 289.8824
134.1001, 299.8675
134.5822, 304.0286
135.0644, 293.7453
135.5465, 270.8439
136.0286, 256.6816
136.5107, 252.3333
136.9928, 253.5564
137.4749, 254.8910
137.9571, 256.6721
138.4392, 257.8163
138.9213, 259.5602
139.4034, 263.8499
139.8855, 257.8998
140.3676, 237.0159
140.8498, 208.8463
141.3319, 195.2614
141.8140, 202.7117
142.2961, 211.8996
142.7782, 211.1376
143.2603, 191.8264
143.7425, 183.5425
144.2246, 194.0489
144.7067, 219.9734
145.1888, 231.1541
145.6709, 218.5856
146.1530, 199.7935
146.6352, 187.9904
147.1173, 187.3766
147.5994, 187.6045
148.0815, 187.6307
148.5636, 187.6041
149.0457, 186.1506
149.5279, 182.3694
150.0100, 177.4175
150.4921, 172.7013
150.9742, 166.7915
151.4563, 162.3232
151.9384, 160.4897
152.4206, 163.0427
152.9027, 163.3663
153.3848, 161.0271
153.8669, 156.2120
154.3490, 149.1641
154.8311, 136.2433
155.3133, 124.0789
155.7954, 115.4525
156.2775, 112.5422
156.7596, 110.1544
157.2417, 106.2085
157.7238, 101.8384
158.2060, 100.5170
158.6881, 109.8292
159.1702, 119.5162
159.6523, 122.8156
160.1344, 112.1862
160.6165, 103.1317
161.0986, 102.0271
161.5808, 107.7684
162.0629, 112.9958
162.5450, 116.0226
163.0271, 116.8802
163.5092, 115.8163
163.9913, 110.1498
164.4735, 104.8990
164.9556, 102.1429
165.4377, 104.8272
165.9198, 106.1261
166.4019, 105.1913
166.8840, 98.01935
167.3662, 100.8818
167.8483, 98.04675
168.3304, 95.36664
168.8125, 99.70050
169.2946, 95.50189
169.7767, 99.40167
170.2589, 99.66266
170.7410, 101.0293
171.2231, 97.39850
171.7052, 94.83801
172.1873, 96.42023
172.6694, 96.07861
173.1516, 91.95874
173.6337, 92.09521
174.1158, 84.01862
174.5979, 82.60193
175.0800, 84.05170
175.5621, 79.53656
176.0443, 79.30847
176.5264, 77.56293
177.0085, 68.71820
177.4906, 72.34802
177.9727, 70.64117
178.4548, 63.45007
178.9370, 66.76166
179.4191, 60.39447
179.9012, 57.52069
180.3833, 50.58032
180.8654, 47.51630
181.3475, 47.32855
181.8297, 45.55731
182.3118, 42.30249
182.7939, 39.10120
183.2760, 37.47272
183.7581, 37.23456
184.2402, 33.81189
184.7224, 36.97357
185.2045, 38.30945
185.6866, 37.68481
186.1687, 29.94421
186.6508, 31.42267
187.1329, 29.22394
187.6151, 26.88568
188.0972, 29.69531
188.5793, 23.05060
189.0614, 25.79987
189.5435, 24.81348
190.0257, 25.55103
190.5078, 22.58594
190.9899, 20.77637
191.4720, 22.68933
191.9541, 22.55481
192.4362, 19.19751
192.9183, 20.09723
193.4005, 13.41406
193.8826, 13.40009
194.3647, 16.26770
194.8468, 13.13684
195.3289, 14.14343
195.8110, 13.58411
196.2932, 5.883545
196.7753, 10.62036
197.2574, 9.987610
197.7395, 3.840942
198.2216, 8.170593
198.7037, 2.328186
199.1859, 4.505615
199.6680, 6.156372
200.1501, 2.671143
200.6322, 6.661072
201.1143, 12.15039
201.5964, 14.39557
202.0786, 9.356445
202.5607, 6.201233
203.0428, 4.827515
203.5249, 10.57990
204.0070, 7.123657
204.4891, 7.353699
204.9713, 7.731628
205.4534, 2.970215
205.9355, 7.669678
206.4176, 2.982239
206.8997, 2.036499
207.3818, 0.6279300
207.8640, 0.4146730
208.3461, 0.3061520
208.8282, 3.520447
209.3103, 5.296265
209.7924, 3.846191
210.2745, 6.649963
210.7567, 1.868713
211.2388, 3.753357
211.7209, 10.23761
212.2030, 1.596313
212.6851, 9.941223
213.1672, 20.26532
213.6494, 13.83508
214.1315, 8.403503
214.6136, 2.385681
215.0957, 9.543274
215.5778, 11.16962
216.0599, 3.000183
216.5421, 2.404846
217.0242, 0.9577030
217.5063, 16.16168
217.9884, 21.22882
218.4705, 11.17456
218.9526, 4.934692
219.4348, 11.50226
219.9169, 5.232910
220.3990, 3.725281
220.8811, 12.86279
221.3632, 23.72003
221.8453, 28.73529
222.3274, 25.41406
222.8096, 17.71484
223.2917, 13.76453
223.7738, 16.22675
224.2559, 17.84589
224.7380, 15.53369
225.2201, 7.681091
225.7023, 0.1518550
226.1844, 10.02673
226.6665, 19.18872
227.1486, 19.87799
227.6307, 5.475464
228.1128, 7.247375
228.5950, 9.903931
229.0771, 3.920532
229.5592, 12.51508
230.0413, 13.55310
230.5234, 9.423645
231.0055, 7.351990
231.4877, 8.753357
231.9698, 10.25427
232.4519, 9.998657
232.9340, 6.635254
233.4161, 4.559692
233.8982, 4.476624
234.3804, 5.840637
234.8625, 6.368103
235.3446, 5.628601
235.8267, 4.675537
236.3088, 4.022644
236.7909, 3.483826
237.2731, 3.804199
237.7552, 5.946777
238.2373, 9.139343
238.7194, 9.121460
239.2015, 2.815125
239.6836, 2.869995
240.1658, 2.906128
240.6479, 7.702698
241.1300, 13.20215
241.6121, 8.567871
242.0942, 3.584595
242.5763, 4.713928
243.0585, 12.07312
243.5406, 31.53033
244.0227, 43.40741
244.5048, 44.41589
244.9869, 44.24823
245.4690, 43.37714
245.9512, 41.97998
246.4333, 41.37177
246.9154, 41.20844
247.3975, 42.32764
247.8796, 46.14886
248.3617, 56.46069
248.8439, 61.27795
249.3260, 57.00037
249.8081, 44.87720
250.2902, 37.76831
250.7723, 36.71350
251.2544, 39.39978
251.7366, 44.65228
252.2187, 54.73694
252.7008, 62.34686
253.1829, 65.43488
253.6650, 64.50873
254.1471, 66.89014
254.6292, 75.61597
255.1114, 83.70148
255.5935, 84.22882
256.0756, 71.72906
256.5577, 64.81964
257.0398, 68.63855
257.5219, 81.94727
258.0041, 87.59247
258.4862, 80.87524
258.9683, 72.38599
259.4504, 72.33984
259.9325, 86.60773
260.4146, 94.78271
260.8968, 90.08209
261.3789, 74.04260
261.8610, 71.55450
262.3431, 89.00604
262.8252, 109.7839
263.3073, 118.3420
263.7895, 109.1991
264.2716, 102.7288
264.7537, 101.6146
265.2358, 105.8640
265.7179, 116.0800
266.2000, 136.0217
266.6822, 155.6064
267.1643, 164.9381
267.6464, 160.5989
268.1285, 157.9669
268.6106, 160.5434
269.0927, 167.5200
269.5749, 172.2578
270.0570, 174.1435
270.5391, 174.7727
271.0212, 172.4999
271.5033, 166.9812
271.9854, 169.2780
272.4676, 184.3813
272.9497, 209.1382
273.4318, 218.2339
273.9139, 208.6859
274.3960, 194.9738
274.8781, 188.4600
275.3603, 188.5680
275.8424, 196.5632
276.3245, 217.5917
276.8066, 247.4686
277.2887, 261.8480
277.7708, 257.9959
278.2530, 247.8566
278.7351, 239.6362
279.2172, 232.9642
279.6993, 233.5671
280.1814, 246.4088
280.6635, 266.8744
281.1457, 275.5185
281.6278, 270.2316
282.1099, 262.2167
282.5920, 259.7286
283.0741, 263.0460
283.5562, 273.3951
284.0384, 294.2629
284.5205, 320.1209
285.0026, 332.0043
285.4847, 328.7979
285.9668, 321.5098
286.4489, 319.4923
286.9311, 322.8939
287.4132, 325.7699
287.8953, 326.9653
288.3774, 327.1041
288.8595, 325.4431
289.3416, 321.7162
289.8238, 323.5979
290.3059, 345.5297
290.7880, 381.4706
291.2701, 397.9531
291.7522, 381.9512
292.2343, 351.9023
292.7165, 343.7394
293.1986, 356.6997
293.6807, 373.3069
294.1628, 381.2177
294.6449, 382.6464
295.1270, 384.0322
295.6092, 386.3058
296.0913, 389.3062
296.5734, 392.6179
297.0555, 396.3272
297.5376, 401.0017
298.0197, 408.8574
298.5019, 418.1406
298.9839, 424.9854
299.4661, 428.7930
299.9482, 429.8228
300.4303, 426.1389
300.9124, 419.4973
301.3945, 416.0635
301.8766, 423.2904
302.3588, 435.3153
302.8409, 442.2688
303.3230, 441.1499
303.8051, 439.5382
304.2872, 448.2618
304.7693, 463.3199
305.2515, 473.2494
305.7336, 463.4432
306.2157, 448.5393
306.6978, 446.3739
307.1799, 461.5337
307.6620, 480.4562
308.1442, 494.2556
308.6263, 503.6294
309.1084, 510.5392
309.5905, 514.4156
310.0726, 517.0306
310.5547, 519.0118
311.0369, 519.8214
311.5190, 523.2359
312.0011, 534.5803
312.4832, 549.8392
312.9653, 562.0179
313.4474, 567.6095
313.9296, 569.8162
314.4117, 569.5258
314.8938, 566.3956
315.3759, 564.1216
315.8580, 563.6367
316.3401, 565.1426
316.8223, 568.9294
317.3044, 578.8535
317.7865, 587.8016
318.2686, 590.7230
318.7507, 586.7375
319.2328, 587.2957
319.7150, 601.2310
320.1971, 619.2828
320.6792, 632.2126
321.1613, 634.0923
321.6434, 634.4723
322.1255, 636.3785
322.6077, 639.8032
323.0898, 642.3533
323.5719, 640.1505
324.0540, 638.6414
324.5361, 642.0175
325.0182, 658.5149
325.5004, 671.2766
325.9825, 673.5444
326.4646, 666.5842
326.9467, 669.2620
327.4288, 694.9804
327.9109, 722.1944
328.3931, 737.9755
328.8752, 730.6226
329.3573, 727.4654
329.8394, 730.8370
330.3215, 739.7391
330.8036, 749.6907
331.2858, 763.8818
331.7679, 775.9715
332.2500, 782.0583
332.7321, 776.4827
333.2142, 776.1473
333.6964, 783.0372
334.1785, 795.3209
334.6606, 808.3922
335.1427, 824.3597
335.6248, 837.0848
336.1069, 841.9123
336.5891, 834.0728
337.0712, 837.0009
337.5533, 854.9429
338.0354, 879.6658
338.5175, 895.0365
338.9996, 899.3221
339.4818, 901.4973
339.9639, 904.9191
340.4460, 909.5832
340.9281, 913.9318
341.4102, 918.2145
341.8923, 921.9039
342.3745, 923.5242
342.8566, 923.3954
343.3387, 925.5476
343.8208, 934.5665
344.3029, 947.6689
344.7850, 947.4139
345.2672, 932.6644
345.7493, 914.2854
346.2314, 905.1374
346.7135, 903.2979
347.1956, 899.7656
347.6777, 889.9306
348.1599, 875.7516
348.6420, 859.5503
349.1241, 842.3013
349.6062, 821.5233
350.0883, 795.6018
350.5704, 766.7702
351.0526, 739.2585
351.5347, 716.8033
352.0168, 694.2437
352.4989, 668.8830
352.9810, 641.1570
353.4631, 611.3650
353.9453, 579.8524
354.4274, 546.5367
354.9095, 510.5728
355.3916, 469.4063
355.8737, 431.1708
356.3558, 404.2275
356.8380, 385.1033
357.3201, 366.2382
357.8022, 338.9460
358.2843, 313.2576
358.7664, 301.2648
359.2485, 309.9241
359.7307, 310.8101
360.2128, 280.3467
360.6949, 233.8196
361.1770, 195.8388
361.6591, 178.5325
362.1412, 168.4064
362.6233, 160.1594
363.1054, 154.4398
363.5876, 145.7065
364.0697, 128.5616
364.5518, 109.2213
365.0339, 94.10120
365.5160, 87.07745
365.9981, 81.44550
366.4803, 76.66339
366.9624, 72.93622
367.4445, 67.43433
367.9266, 58.38544
368.4087, 48.66901
368.8908, 39.83954
369.3730, 31.37610
369.8551, 25.66699
370.3372, 21.37811
370.8193, 19.18903
371.3014, 19.51886
371.7835, 22.67694
372.2657, 26.50311
372.7478, 29.65808
373.2299, 32.09033
373.7120, 32.45679
374.1941, 29.88135
374.6762, 25.48822
375.1584, 19.44836
375.6405, 10.79010
376.1226, 3.099609
376.6047, 2.426453
377.0868, 5.649109
377.5689, 5.929138
378.0511, 1.936768
378.5332, 2.095032
379.0153, 1.488892
379.4974, 12.88538
379.9795, 20.28073
380.4616, 17.54834
380.9438, 7.806274
381.4259, 3.974854
381.9080, 6.444000
382.3901, 9.956390
382.8722, 8.632507
383.3543, 3.819031
383.8365, 1.314911
384.3186, 3.964020
384.8007, 8.690063
385.2828, 10.99326
385.7649, 10.97531
386.2470, 9.847137
386.7292, 8.211334
387.2113, 6.116180
387.6934, 3.328857
388.1755, 0.6378170
388.6576, 4.462402
389.1397, 7.754761
389.6219, 9.778717
390.1040, 9.412079
390.5861, 2.980865
391.0682, 3.913879
391.5503, 6.996857
392.0324, 5.553375
392.5146, 2.697083
392.9967, 2.055695
393.4788, 6.769684
393.9609, 9.041534
394.4430, 5.171539
394.9251, 1.493805
395.4073, 0.6433720
395.8894, 2.672058
396.3715, 4.282623
396.8536, 2.472076
397.3357, 1.300354
397.8178, 3.618530
398.3000, 19.55600
398.7821, 27.31665
399.2642, 20.37708
399.7463, 2.972107
400.2284, 7.862305
400.7105, 9.528381
401.1927, 7.610687
401.6748, 3.835938
402.1569, 4.169952
402.6390, 7.654053
403.1211, 3.833069
403.6032, 2.487854
404.0854, 2.270935
404.5675, 12.21780
405.0496, 11.62955
405.5317, 25.11874
406.0138, 28.80743
406.4959, 6.724701
406.9781, 8.315094
407.4602, 3.020905
407.9423, 3.117615
408.4244, 19.00403
408.9065, 10.93655
409.3886, 10.68402
409.8708, 11.69748
410.3529, 22.13470
410.8350, 12.14984
411.3171, 8.467804
411.7992, 25.23163
412.2813, 30.71033
412.7635, 18.42130
413.2456, 29.47192
413.7277, 1.251801
414.2098, 9.318451
414.6919, 17.49075
415.1740, 5.309906
415.6562, 28.62915
416.1383, 41.57690
416.6204, 44.70432
417.1025, 8.608063
417.5846, 23.13947
418.0667, 17.37460
418.5489, 10.77536
419.0310, 32.42706
419.5131, 2.038849
419.9952, 23.26389
420.4773, 23.86179
420.9594, 33.86774
421.4416, 23.45059
421.9237, 19.33789
422.4058, 35.67072
422.8879, 40.68192
423.3700, 27.89169
423.8521, 38.46274
424.3342, 7.278503
424.8163, 12.74167
425.2985, 34.01413
425.7806, 22.24698
426.2627, 33.18875
426.7448, 35.48309
427.2269, 1.520599
427.7090, 29.85162
428.1912, 31.68155
428.6733, 3.150269
429.1554, 32.15988
429.6375, 7.714478
430.1196, 2.287567
430.6017, 11.19321
431.0839, 5.137054
431.5660, 22.64676
432.0481, 8.422241
432.5302, 9.380035
433.0123, 12.63474
433.4944, 17.87482
433.9766, 22.71005
434.4587, 26.94165
434.9408, 30.15936
435.4229, 32.17810
435.9050, 33.08627
436.3871, 32.26300
436.8693, 27.22629
437.3514, 20.46307
437.8335, 16.90240
438.3156, 17.54230
438.7977, 20.09409
439.2798, 24.30789
439.7620, 27.83817
440.2441, 27.63412
440.7262, 16.31671
441.2083, 7.260406
441.6904, 10.94382
442.1725, 24.51535
442.6547, 34.44952
443.1368, 32.26846
443.6189, 26.84302
444.1010, 24.10660
444.5831, 28.37579
445.0652, 29.29553
445.5474, 21.17395
446.0295, 9.155853
446.5116, 2.415375
446.9937, 5.387360
447.4758, 9.718323
447.9579, 13.52652
448.4401, 16.64151
448.9222, 20.79425
449.4043, 28.69031
449.8864, 35.17084
450.3685, 34.82196
450.8506, 24.97360
451.3328, 16.94260
451.8149, 12.36932
452.2970, 10.50348
452.7791, 8.802856
453.2612, 7.038269
453.7433, 6.946259
454.2255, 10.02805
454.7076, 15.86203
455.1897, 22.05911
455.6718, 29.18781
456.1539, 34.58655
456.6360, 33.16501
457.1182, 26.69980
457.6003, 21.60156
458.0824, 20.40213
458.5645, 21.80142
459.0466, 24.91714
459.5287, 29.57782
460.0109, 32.76147
460.4930, 30.61722
460.9751, 25.95352
461.4572, 21.62180
461.9393, 18.65292
462.4214, 15.73624
462.9036, 13.48459
463.3857, 11.70419
463.8678, 12.02740
464.3499, 17.20987
464.8320, 22.66281
465.3141, 24.03516
465.7963, 19.71545
466.2784, 19.71671
466.7605, 30.24225
467.2426, 42.54572
467.7247, 46.52405
468.2068, 35.63492
468.6890, 26.28537
469.1711, 19.59537
469.6532, 15.66190
470.1353, 14.56506
470.6174, 17.22052
471.0995, 20.72711
471.5817, 23.55652
472.0638, 26.86063
472.5459, 28.14462
473.0280, 26.59216
473.5101, 24.48602
473.9922, 24.51907
474.4744, 26.49680
474.9565, 27.84506
475.4386, 28.58658
475.9207, 28.77362
476.4028, 26.63254
476.8849, 22.57388
477.3671, 19.43414
477.8492, 24.18707
478.3313, 31.58643
478.8134, 33.49490
479.2955, 26.76508
479.7776, 20.08484
480.2598, 21.76343
480.7419, 27.84506
481.2240, 31.48093
481.7061, 27.47546
482.1882, 22.27411
482.6703, 19.64365
483.1525, 19.73810
483.6346, 19.29047
484.1167, 17.07825
484.5988, 14.44681
485.0809, 11.55902
485.5630, 7.992371
486.0451, 7.536743
486.5273, 10.62302
487.0094, 17.14435
487.4915, 24.71933
487.9736, 36.89105
488.4557, 44.24832
488.9378, 41.59006
489.4200, 29.06873
489.9021, 20.15857
490.3842, 15.74237
490.8663, 13.36258
491.3484, 9.709778
491.8305, 4.919495
492.3127, 5.203766
492.7948, 13.66571
493.2769, 24.58722
493.7590, 27.61658
494.2411, 23.60742
494.7232, 18.07388
495.2054, 11.91174
495.6875, 7.050751
496.1696, 6.764160
496.6517, 11.44260
497.1338, 17.66928
497.6159, 26.23462
498.0981, 33.82483
498.5802, 36.53381
499.0623, 27.35571
499.5444, 18.65668
500.0265, 17.26941
500.5086, 21.16107
500.9908, 23.92429
501.4729, 24.06165
501.9550, 22.67667
502.4371, 19.66406
502.9192, 13.47797
503.4013, 10.27621
503.8835, 11.09824
504.3656, 13.94485
504.8477, 17.43085
505.3298, 22.53909
505.8119, 25.59509
506.2940, 25.48541
506.7762, 22.96631
507.2583, 20.83502
507.7404, 19.09177
508.2225, 17.39899
508.7046, 14.82578
509.1867, 11.79120
509.6689, 11.51541
510.1510, 14.53571
510.6331, 18.22427
511.1152, 19.74265
511.5973, 19.62753
512.0795, 19.24960
512.5616, 18.84424
513.0437, 18.60480
513.5258, 19.75095
514.0079, 21.52554
514.4901, 21.00565
514.9722, 12.79242
515.4542, 4.310394
515.9363, 1.623932
516.4185, 6.981934
516.9006, 11.39206
517.3827, 9.866058
517.8648, 7.138458
518.3469, 8.432129
518.8290, 22.14117
519.3112, 30.57114
519.7933, 29.08118
520.2754, 20.06326
520.7575, 15.61978
521.2396, 18.83743
521.7217, 20.91937
522.2039, 15.29584
522.6860, 0.1059570
523.1681, 3.054962
523.6502, 9.911621
524.1323, 26.15454
524.6144, 29.12030
525.0966, 20.28317
525.5787, 11.75714
526.0608, 6.055176
526.5429, 3.373444
527.0250, 5.796997
527.5071, 12.25455
527.9893, 17.23032
528.4714, 16.85916
528.9535, 13.72739
529.4356, 8.974365
529.9177, 2.078156
530.3998, 0.4635010
530.8820, 12.65396
531.3641, 28.54941
531.8462, 34.02185
532.3283, 13.46332
532.8104, 4.270050
533.2925, 12.98660
533.7747, 13.98508
534.2568, 11.93652
534.7389, 3.224762
535.2210, 3.965790
535.7031, 6.347504
536.1852, 3.075592
536.6674, 0.9908450
537.1495, 3.1463999E-02
537.6316, 0.3598020
538.1137, 2.561676
538.5958, 6.744690
539.0779, 11.27850
539.5601, 16.72870
540.0422, 21.05838
540.5243, 18.39828
541.0064, 9.977417
541.4885, 4.194672
541.9706, 8.891571
542.4528, 17.08640
542.9349, 17.59369
543.4170, 10.23721
543.8991, 4.061462
544.3812, 6.730927
544.8633, 12.90024
545.3455, 17.26239
545.8276, 18.44485
546.3097, 17.78326
546.7918, 13.75888
547.2739, 8.428253
547.7560, 5.632874
548.2382, 6.913422
548.7203, 9.795166
549.2024, 14.72723
549.6845, 21.61157
550.1666, 25.08624
550.6487, 23.65649
551.1309, 21.38116
551.6130, 21.49326
552.0951, 24.66153
552.5772, 23.74203
553.0593, 16.85736
553.5414, 9.330963
554.0236, 11.99966
554.5057, 22.97675
554.9878, 27.23013
555.4699, 14.13058
555.9520, 3.887665
556.4341, 6.855469
556.9163, 2.947693
557.3984, 13.47742
557.8805, 19.27585
558.3626, 21.21841
558.8447, 18.31027
559.3268, 9.066711
559.8090, 3.461487
560.2911, 9.467010
560.7732, 19.36819
561.2553, 25.22427
561.7374, 21.92624
562.2195, 19.05786
562.7017, 17.13638
563.1838, 16.55615
563.6659, 18.51636
564.1480, 25.97073
564.6301, 30.53323
565.1122, 27.20377
565.5944, 16.06720
566.0765, 13.99280
566.5586, 22.94302
567.0407, 32.79465
567.5228, 33.33005
568.0049, 26.50333
568.4871, 22.48428
568.9692, 23.47357
569.4513, 25.90262
569.9334, 25.68890
570.4155, 23.52692
570.8976, 21.14517
571.3798, 20.30292
571.8619, 18.72867
572.3440, 12.04062
572.8261, 1.631012
573.3082, 2.203766
573.7903, 13.93900
574.2725, 30.71490
574.7546, 35.59149
575.2367, 19.80569
575.7188, 11.65439
576.2009, 18.04022
576.6830, 27.97324
577.1652, 28.74380
577.6473, 15.90530
578.1294, 6.539551
578.6115, 3.656799
579.0936, 5.766083
579.5757, 10.60010
580.0579, 18.41452
580.5400, 23.17068
581.0221, 18.79822
581.5042, 9.728088
581.9863, 6.474152
582.4684, 9.145081
582.9506, 14.01627
583.4327, 20.00906
583.9148, 25.71213
584.3969, 29.51218
584.8790, 31.37244
585.3611, 30.71591
585.8433, 23.52808
586.3254, 14.52560
586.8075, 10.74457
587.2896, 21.33246
587.7717, 29.22034
588.2538, 28.42648
588.7360, 20.80893
589.2181, 16.72437
589.7002, 18.33295
590.1823, 20.02042
590.6644, 18.64737
591.1465, 13.65945
591.6287, 8.797333
592.1108, 3.506866
592.5929, 1.465607
593.0750, 8.761719
593.5571, 22.94650
594.0392, 31.50055
594.5214, 30.90585
595.0035, 26.21527
595.4856, 21.90836
595.9677, 18.24493
596.4498, 15.87164
596.9319, 17.89847
597.4141, 18.97479
597.8962, 13.80624
598.3783, 3.294220
598.8604, 3.666901
599.3425, 1.572357
599.8246, 2.686157
600.3068, 5.530182
600.7889, 6.173584
601.2710, 7.139801
601.7531, 8.636261
602.2352, 10.25885
602.7173, 11.94464
603.1995, 14.08884
603.6816, 13.75955
604.1637, 9.050049
604.6458, 3.505920
605.1279, 7.201843
605.6100, 19.08975
606.0922, 27.03207
606.5743, 2.831268
607.0564, 26.45239
607.5385, 39.70255
608.0206, 43.13892
608.5027, 7.364288
608.9849, 22.22482
609.4670, 16.79453
609.9491, 10.53296
610.4312, 32.52295
610.9133, 2.464783
611.3954, 24.01477
611.8776, 24.95889
612.3597, 35.33295
612.8418, 25.29083
613.3239, 21.55594
613.8060, 38.06638
614.2881, 43.09705
614.7703, 30.70850
615.2524, 41.68793
615.7345, 10.91907
616.2166, 16.78687
616.6987, 38.46246
617.1808, 27.10565
617.6630, 38.46362
618.1451, 27.61578
618.6272, 24.83395
619.1093, 16.06671
619.5914, 7.580627
620.0735, 0.4221500
620.5557, 4.271576
621.0378, 1.832062
621.5199, 11.24164
622.0020, 17.24512
622.4841, 14.39252
622.9662, 12.25705
623.4484, 13.85410
623.9305, 17.18250
624.4126, 17.44247
624.8947, 12.30362
625.3768, 8.123138
625.8589, 6.586609
626.3411, 7.462189
626.8232, 9.653320
627.3053, 13.52734
627.7874, 16.38376
628.2695, 15.55319
628.7516, 12.18246
629.2338, 10.23615
629.7159, 10.04901
630.1980, 10.48047
630.6801, 11.38330
631.1622, 11.94861
631.6443, 11.05798
632.1265, 6.882996
632.6086, 3.789337
633.0907, 5.631409
633.5728, 9.619537
634.0549, 10.92984
634.5370, 5.010712
635.0192, 0.4507750
635.5013, 0.6892090
635.9834, 1.006561
636.4655, 2.403961
636.9476, 3.570801
637.4297, 4.180786
637.9119, 3.669891
638.3939, 2.190277
638.8760, 1.976196
639.3582, 3.064484
639.8403, 4.953735
640.3224, 7.619598
640.8045, 10.54486
641.2866, 13.62894
641.7687, 17.28619
642.2509, 19.12283
642.7330, 15.89001
643.2151, 9.989105
643.6972, 5.019379
644.1793, 1.459564
644.6614, 0.3942570
645.1436, 0.8008730
645.6257, 0.5864260
646.1078, 4.963989
646.5899, 15.97610
647.0720, 23.91611
647.5541, 24.88989
648.0363, 19.61124
648.5184, 16.03207
649.0005, 14.21991
649.4826, 13.80551
649.9647, 15.12518
650.4468, 17.66861
650.9290, 20.28928
651.4111, 19.71811
651.8932, 23.73111
652.3753, 25.85941
652.8574, 26.20435
653.3395, 19.42108
653.8217, 21.84509
654.3038, 20.58154
654.7859, 19.17123
655.2680, 22.90247
655.7501, 17.17114
656.2322, 20.82462
656.7144, 20.63675
657.1965, 22.23260
657.6786, 20.14890
658.1607, 19.21298
658.6428, 21.99158
659.1249, 22.71567
659.6071, 20.20947
660.0892, 21.95294
660.5713, 16.10666
661.0534, 16.92276
661.5355, 20.61380
662.0176, 18.30008
662.4998, 20.11728
662.9819, 20.36273
663.4640, 13.46176
663.9461, 18.99280
664.4282, 19.14893
664.9103, 13.78604
665.3925, 18.89410
665.8746, 16.88858
666.3567, 16.29407
666.8388, 11.38348
667.3209, 4.775360
667.8030, 0.6739500
668.2852, 0.4805600
668.7673, 0.3242190
669.2494, 1.108215
669.7315, 3.355103
670.2136, 5.444305
670.6957, 7.338135
671.1779, 8.381409
671.6600, 7.174164
672.1421, 5.435394
672.6242, 5.617981
673.1063, 7.643158
673.5884, 10.28235
674.0706, 15.92960
674.5527, 19.76770
675.0348, 17.03284
675.5169, 4.336121
675.9990, 3.818787
676.4811, 1.537354
676.9633, 2.896729
677.4454, 2.630859
677.9275, 5.950867
678.4096, 6.982025
678.8917, 3.591339
679.3738, 17.30502
679.8560, 20.55499
680.3381, 14.48328
680.8202, 8.808014
681.3023, 6.364929
681.7844, 5.566376
682.2665, 4.107849
682.7487, 2.579529
683.2308, 2.698486
683.7129, 7.340668
684.1950, 11.83801
684.6771, 13.49026
685.1592, 12.48587
685.6414, 11.40381
686.1235, 9.589447
686.6056, 8.853882
687.0877, 10.12735
687.5698, 13.60638
688.0519, 16.70087
688.5341, 19.62527
689.0162, 21.59793
689.4983, 22.01157
689.9804, 20.93475
690.4625, 18.11813
690.9446, 13.26187
691.4268, 8.966034
691.9089, 7.562286
692.3910, 8.455231
692.8731, 11.25592
693.3552, 18.37671
693.8373, 23.05444
694.3195, 19.21765
694.8016, 11.65875
695.2837, 7.911713
695.7658, 14.99564
696.2479, 17.65613
696.7300, 11.12033
697.2122, 0.3527220
697.6943, 2.700470
698.1764, 6.121948
698.6585, 12.42328
699.1406, 8.735260
699.6227, 0.4829410
700.1049, 1.967255
700.5870, 3.339111
701.0691, 8.364014
701.5512, 6.069061
702.0333, 2.770294
702.5154, 2.213409
702.9976, 6.596405
703.4797, 9.107086
703.9618, 9.833466
704.4439, 3.432220
704.9260, 6.237579
705.4081, 5.353760
705.8903, 4.318787
706.3724, 8.420532
706.8545, 3.057556
707.3366, 7.078369
707.8187, 7.354675
708.3008, 9.345581
708.7830, 7.628571
709.2651, 7.054016
709.7472, 10.19305
710.2293, 11.27594
710.7114, 9.127747
711.1935, 11.22821
711.6757, 5.894318
712.1578, 7.911621
712.6399, 12.89404
713.1220, 11.28195
713.6041, 13.46234
714.0862, 14.09381
714.5684, 7.873505
715.0505, 14.17616
715.5326, 14.73241
716.0147, 9.723694
716.4968, 15.30176
716.9789, 7.635971
717.4611, 12.11932
717.9432, 14.71401
718.4253, 15.60857
718.9074, 9.307159
719.3895, 12.22966
719.8716, 11.49174
720.3538, 10.54535
720.8359, 14.84915
721.3180, 9.581253
721.8001, 13.69551
722.2822, 14.05557
722.7643, 16.13773
723.2465, 14.51491
723.7286, 14.02086
724.2107, 17.23590
724.6928, 18.40408
725.1749, 16.33235
725.6570, 18.57161
726.1392, 13.18567
726.6213, 14.42909
727.1034, 18.56020
727.5855, 16.67638
728.0676, 18.92006
728.5497, 19.68935
729.0319, 13.21883
729.5140, 19.17734
729.9961, 19.81935
730.4782, 14.88031
730.9603, 20.48917
731.4424, 16.38928
731.9246, 15.68042
732.4067, 17.57822
732.8888, 16.74098
733.3709, 20.18962
733.8530, 19.38669
734.3351, 18.30864
734.8173, 18.86794
735.2994, 14.86826
735.7815, 19.12259
736.2636, 17.54135
736.7457, 20.99370
737.2278, 16.79588
737.7100, 11.24750
738.1921, 11.41664
738.6742, 17.01904
739.1563, 19.60513
739.6384, 11.53905
740.1205, 3.217880
740.6027, 0.8304140
741.0848, 5.506348
741.5669, 9.795212
742.0490, 14.67435
742.5311, 17.35330
743.0132, 13.61971
743.4954, 4.202545
743.9775, 2.064255
744.4596, 8.729645
744.9417, 16.82672
745.4238, 19.47923
745.9059, 18.88866
746.3881, 18.59007
746.8702, 19.90480
747.3523, 19.87370
747.8344, 14.94327
748.3165, 8.788315
748.7986, 5.947266
749.2808, 11.33467
749.7629, 12.42882
750.2450, 5.977890
750.7271, 2.509949
751.2092, 2.850601
751.6913, 5.226944
752.1735, 9.830566
752.6556, 6.162323
753.1377, 1.182159
753.6198, 9.380646
754.1019, 25.21434
754.5840, 33.94727
755.0662, 22.31445
755.5483, 8.483414
756.0304, 1.789658
756.5125, 0.7998810
756.9946, 0.8810880
757.4767, 0.1833040
757.9589, 2.082214
758.4410, 9.260742
758.9231, 19.71019
759.4052, 23.55258
759.8873, 19.84470
760.3694, 16.15617
760.8516, 17.12947
761.3337, 20.38136
761.8158, 19.69249
762.2979, 15.20650
762.7800, 12.41493
763.2621, 17.49324
763.7442, 23.23546
764.2263, 24.04691
764.7084, 19.50414
765.1906, 15.31531
765.6727, 9.880203
766.1548, 6.845352
766.6369, 8.997406
767.1190, 17.20146
767.6011, 19.88666
768.0833, 16.46873
768.5654, 10.08284
769.0475, 8.1573002E-02
769.5296, 11.05917
770.0117, 12.50089
770.4938, 3.114899
770.9760, 5.667938
771.4581, 3.119843
771.9402, 2.817520
772.4223, 4.274261
772.9044, 2.455322
773.3865, 6.689590
773.8687, 0.5282290
774.3508, 4.837601
774.8329, 7.259781
775.3150, 7.896179
775.7971, 1.401871
776.2792, 4.112015
776.7614, 3.131195
777.2435, 1.997543
777.7256, 5.998734
778.2077, 0.5335240
778.6898, 4.449615
779.1719, 4.618576
779.6541, 6.500580
780.1362, 4.669022
780.6183, 3.982712
781.1004, 7.008514
781.5825, 7.976837
782.0646, 5.712753
782.5468, 7.695847
783.0289, 2.086899
783.5110, 3.137268
783.9931, 7.060013
784.4752, 4.975510
784.9573, 7.019394
785.4395, 7.506760
785.9216, 1.365051
786.4037, 7.498444
786.8858, 7.870499
787.3679, 2.721344
787.8500, 8.040222
788.3322, 2.092178
788.8143, 2.066422
789.2964, 6.796936
789.7785, 7.032486
790.2606, 11.37329
790.7427, 13.82706
791.2249, 14.49490
791.7070, 8.047089
792.1891, 10.94261
792.6712, 9.995682
793.1533, 8.895432
793.6354, 12.93126
794.1176, 7.502060
794.5997, 11.45502
795.0818, 11.66104
795.5639, 13.58014
796.0460, 11.78581
796.5281, 11.13686
797.0103, 14.19995
797.4924, 15.20587
797.9745, 12.97923
798.4566, 14.97563
798.9387, 9.404388
799.4208, 10.49290
799.9030, 14.45409
800.3851, 12.40804
800.8672, 14.49060
801.3493, 14.99905
801.8314, 8.353729
802.3135, 14.14265
802.7957, 14.55449
803.2778, 9.445114
803.7599, 14.80446
804.2420, 10.45363
804.7241, 9.567093
805.2062, 11.28740
805.6884, 10.28761
806.1705, 13.57320
806.6526, 12.72809
807.1347, 11.51282
807.6168, 11.90646
808.0989, 3.933716
808.5811, 1.213852
809.0632, 15.47910
809.5453, 33.55595
810.0274, 37.32535
810.5095, 27.62070
810.9916, 17.80646
811.4738, 8.334579
811.9559, 4.692398
812.4380, 13.45964
812.9201, 34.98511
813.4022, 41.24312
813.8843, 27.38657
814.3665, 13.06674
814.8486, 12.53622
815.3307, 21.71732
815.8128, 22.10982
816.2949, 14.26675
816.7770, 8.592316
817.2592, 18.32393
817.7413, 29.22023
818.2234, 26.34610
818.7055, 8.057571
819.1876, 3.136337
819.6697, 3.518356
820.1519, 12.63573
820.6340, 18.94839
821.1161, 22.49887
821.5982, 18.80875
822.0803, 6.177185
822.5624, 2.229675
823.0446, 9.194168
823.5267, 29.58452
824.0088, 36.41734
824.4909, 29.11929
824.9730, 20.02585
825.4551, 13.63548
825.9373, 10.22867
826.4194, 11.12694
826.9015, 17.44852
827.3836, 19.17107
827.8657, 14.40355
828.3478, 10.37735
828.8300, 11.64565
829.3121, 17.33791
829.7942, 18.68275
830.2763, 15.82545
830.7584, 12.62973
831.2405, 10.86423
831.7227, 10.05000
832.2048, 9.917969
832.6869, 10.31902
833.1690, 12.15738
833.6511, 16.65096
834.1332, 21.91696
834.6154, 27.79654
835.0975, 34.71924
835.5796, 35.08882
836.0617, 27.12886
836.5438, 18.92032
837.0259, 16.16017
837.5081, 17.43362
837.9902, 19.07668
838.4723, 20.98770
838.9544, 23.31059
839.4365, 27.51773
839.9186, 31.09396
840.4008, 32.41469
840.8829, 31.25922
841.3650, 27.51123
841.8471, 20.04730
842.3292, 11.73677
842.8113, 2.153778
843.2935, 8.149246
843.7756, 5.729828
844.2577, 10.08487
844.7398, 24.08487
845.2219, 23.27975
845.7040, 15.82559
846.1862, 10.47141
846.6683, 7.861328
847.1504, 7.925888
847.6325, 16.01314
848.1146, 21.40878
848.5967, 16.74432
849.0789, 2.248886
849.5610, 2.261154
850.0431, 5.448669
850.5252, 14.73950
851.0073, 20.28654
851.4894, 22.67494
851.9716, 22.55400
852.4537, 20.40318
852.9358, 19.31810
853.4179, 24.12296
853.9000, 28.12367
854.3821, 24.72775
854.8643, 14.34502
855.3464, 11.49173
855.8285, 23.40012
856.3106, 31.63802
856.7927, 27.04634
857.2748, 13.21159
857.7570, 10.27750
858.2391, 17.69630
858.7212, 23.41870
859.2033, 16.88583
859.6854, 7.792465
860.1675, 7.579559
860.6497, 14.19803
861.1318, 18.44542
861.6139, 14.73544
862.0960, 10.94052
862.5781, 9.405045
863.0602, 9.768448
863.5424, 10.22079
864.0245, 10.61743
864.5066, 12.47766
864.9887, 18.14636
865.4708, 23.85936
865.9529, 21.26151
866.4351, 12.62730
866.9172, 5.413803
867.3993, 2.617050
867.8814, 2.217926
868.3635, 5.195602
868.8456, 9.911789
869.3278, 11.41719
869.8099, 8.509003
870.2920, 4.916397
870.7741, 0.3356320
871.2562, 2.627945
871.7383, 6.061508
872.2205, 22.62819
872.7026, 30.90874
873.1847, 19.30641
873.6668, 3.197983
874.1489, 7.666412
874.6310, 10.24040
875.1132, 11.03787
875.5953, 4.705414
876.0774, 7.578918
876.5595, 6.752121
877.0416, 5.442215
877.5237, 9.575745
878.0059, 4.278732
878.4880, 8.365036
878.9701, 8.705261
879.4522, 10.75963
879.9343, 9.083420
880.4164, 8.290573
880.8986, 11.48672
881.3807, 12.63170
881.8628, 10.54520
882.3449, 12.70712
882.8270, 7.277969
883.3091, 8.509689
883.7913, 12.61461
884.2734, 10.71371
884.7555, 12.94312
885.2375, 13.60312
885.7197, 7.119003
886.2018, 13.06703
886.6839, 13.63899
887.1660, 8.691071
887.6481, 14.21429
888.1302, 10.03027
888.6124, 9.311829
889.0945, 7.521561
889.5766, 11.69856
890.0587, 13.98964
890.5408, 14.49606
891.0229, 7.872772
891.5051, 10.45602
891.9872, 9.350449
892.4693, 8.093445
892.9514, 11.97324
893.4335, 6.387924
893.9156, 10.18658
894.3978, 10.23940
894.8799, 12.00658
895.3620, 10.06148
895.8441, 9.262939
896.3262, 12.18056
896.8083, 13.04411
897.2905, 10.67734
897.7726, 12.56932
898.2547, 6.873749
898.7368, 7.828934
899.2189, 11.65689
899.7010, 8.495331
900.1832, 9.164719
900.6653, 11.53940
901.1474, 14.56636
901.6295, 16.29936
902.1116, 15.21832
902.5938, 15.66708
903.0759, 19.56000
903.5580, 24.74509
904.0401, 23.91464
904.5222, 17.97502
905.0043, 14.24132
905.4865, 17.56226
905.9686, 20.75072
906.4507, 14.16795
906.9328, 3.685959
907.4149, 0.5709840
907.8970, 12.54085
908.3792, 20.73360
908.8613, 20.65837
909.3434, 16.33392
909.8255, 12.65823
910.3076, 9.668900
910.7897, 8.425262
911.2719, 9.475098
911.7540, 10.48683
912.2361, 8.613449
912.7182, 5.502335
913.2003, 3.023727
913.6824, 1.286987
914.1646, 1.005020
914.6467, 2.437302
915.1288, 5.118683
915.6109, 8.983978
916.0930, 14.11642
916.5751, 20.14560
917.0573, 27.38174
917.5394, 31.07541
918.0215, 23.57950
918.5036, 12.46329
918.9857, 6.885376
919.4678, 7.506592
919.9500, 8.526367
920.4321, 8.040451
920.9142, 7.833649
921.3963, 8.944885
921.8784, 11.08301
922.3605, 10.72125
922.8427, 7.653198
923.3248, 7.008682
923.8069, 14.28325
924.2890, 23.45648
924.7711, 26.64574
925.2532, 25.15691
925.7354, 22.97556
926.2175, 23.63074
926.6996, 21.00888
927.1817, 11.26488
927.6638, 1.456711
928.1459, 8.956421
928.6281, 11.11627
929.1102, 9.941574
929.5923, 4.838379
930.0744, 1.759354
930.5565, 8.796051
931.0386, 14.87691
931.5208, 17.37373
932.0029, 12.66440
932.4850, 9.911087
932.9671, 14.59790
933.4492, 19.48808
933.9313, 16.95811
934.4135, 5.641327
934.8956, 0.7293090
935.3777, 3.596436
935.8598, 8.913834
936.3419, 13.05267
936.8240, 15.85117
937.3062, 16.24719
937.7883, 13.96690
938.2704, 13.28343
938.7525, 18.99254
939.2346, 23.14343
939.7167, 21.32475
940.1989, 14.09471
940.6810, 10.10289
941.1631, 9.384186
941.6452, 10.57112
942.1273, 14.41048
942.6094, 18.62814
943.0916, 19.50160
943.5737, 18.20836
944.0558, 18.72160
944.5379, 25.49684
945.0200, 30.41092
945.5021, 31.31570
945.9843, 29.41666
946.4664, 27.12479
946.9485, 24.43234
947.4306, 21.61967
947.9127, 18.65369
948.3948, 15.88449
948.8770, 12.79501
949.3591, 10.58354
949.8412, 11.05637
950.3233, 17.76137
950.8054, 20.99913
951.2875, 16.90753
951.7697, 11.95670
952.2518, 12.69601
952.7339, 19.12457
953.2160, 20.14507
953.6981, 15.70168
954.1802, 9.882172
954.6624, 4.579987
955.1445, 1.194427
955.6266, 0.8332980
956.1087, 3.335083
956.5908, 8.605652
957.0729, 20.03407
957.5551, 29.48721
958.0372, 35.15620
958.5193, 36.53581
959.0014, 27.63431
959.4835, 10.03333
959.9656, 0.9184110
960.4478, 7.104355
960.9299, 19.55981
961.4120, 26.02487
961.8941, 27.72066
962.3762, 28.26752
962.8583, 29.77090
963.3405, 28.80351
963.8226, 23.77106
964.3047, 18.04105
964.7868, 17.82855
965.2689, 21.49246
965.7510, 20.48206
966.2332, 12.20509
966.7153, 6.814484
967.1974, 16.42912
967.6795, 29.37743
968.1616, 34.98836
968.6437, 30.78444
969.1259, 25.62560
969.6080, 18.33669
970.0901, 13.10411
970.5722, 14.00089
971.0543, 18.81320
971.5364, 19.92368
972.0186, 18.04362
972.5007, 17.17551
972.9828, 23.05223
973.4649, 26.83139
973.9470, 21.87910
974.4291, 11.23296
974.9113, 4.870285
975.3934, 3.563766
975.8755, 3.235550
976.3576, 2.840668
976.8397, 3.235077
977.3218, 6.798843
977.8040, 11.92546
978.2861, 15.26762
978.7682, 15.23836
979.2503, 14.98372
979.7324, 14.74763
980.2145, 15.39731
980.6967, 18.38301
981.1788, 24.61020
981.6609, 25.15871
982.1430, 19.34146
982.6251, 14.77086
983.1072, 21.27625
983.5894, 30.42918
984.0715, 31.20518
984.5536, 23.86882
985.0357, 16.79939
985.5178, 9.679642
985.9999, 6.185059
986.4821, 9.104797
986.9642, 16.38501
987.4463, 20.99139
987.9284, 23.14485
988.4105, 25.33235
988.8926, 29.92259
989.3748, 32.17297
989.8569, 23.58849
990.3390, 11.61617
990.8211, 6.915115
991.3032, 19.20276
991.7853, 24.90445
992.2675, 21.72990
992.7496, 16.38794
993.2317, 15.79204
993.7138, 18.57559
994.1959, 19.80859
994.6780, 19.20715
995.1602, 19.05698
995.6423, 23.42876
996.1244, 26.34801
996.6065, 21.52281
997.0886, 10.56456
997.5707, 7.997849
998.0529, 16.12260
998.5350, 22.28110
999.0171, 20.93687
999.4992, 16.32143
999.9813, 15.38782
1000.463, 16.85188
1000.946, 17.94893
1001.428, 17.75774
1001.910, 16.93851
1002.392, 15.18045
1002.874, 13.23955
1003.356, 11.11385
1003.838, 8.603256
1004.320, 12.52478
1004.802, 24.09737
1005.285, 32.08000
1005.767, 21.44391
1006.249, 5.823593
1006.731, 1.062241
1007.213, 1.826050
1007.695, 6.190445
1008.177, 11.64973
1008.659, 17.62218
1009.141, 26.01260
1009.624, 33.29808
1010.106, 24.75764
1010.588, 4.655563
1011.070, 9.471924
1011.552, 7.628006
1012.034, 2.594116
1012.516, 2.398773
1012.998, 2.888123
1013.481, 2.076477
1013.963, 15.61101
1014.445, 24.86240
1014.927, 29.66527
1015.409, 29.23074
1015.891, 17.52898
1016.373, 2.364120
1016.855, 0.3529050
1017.337, 9.699707
1017.820, 14.63710
1018.302, 0.1553190
1018.784, 11.87515
1019.266, 11.31085
1019.748, 1.783936
1020.230, 4.568985
1020.712, 7.825500
1021.194, 8.869415
1021.677, 6.575256
1022.159, 5.056305
1022.641, 10.34541
1023.123, 18.00095
1023.605, 21.53612
1024.087, 15.41600
1024.569, 14.42998
1025.051, 17.54562
1025.533, 21.67130
1026.016, 23.91069
1026.498, 24.36562
1026.980, 17.69119
1027.462, 20.22279
1027.944, 19.06503
1028.426, 17.75583
1028.908, 21.58304
1029.390, 15.94524
1029.873, 19.69060
1030.355, 19.69052
1030.837, 21.40479
1031.319, 19.40791
1031.801, 18.55746
1032.283, 21.42058
1032.765, 22.38225
1033.247, 20.50928
1033.729, 22.37698
1034.212, 16.60025
1034.694, 17.48639
1035.176, 21.25447
1035.658, 19.01636
1036.140, 20.90799
1036.622, 21.22675
1037.104, 14.39743
1037.586, 19.99893
1038.068, 20.22450
1038.551, 14.92969
1039.033, 20.10524
1039.515, 15.57166
1039.997, 14.50351
1040.479, 16.04340
1040.961, 14.86446
1041.443, 17.97182
1041.925, 17.60025
1042.408, 20.29366
1042.890, 20.31329
1043.372, 19.27077
1043.854, 19.79532
1044.336, 22.87814
1044.818, 24.47856
1045.300, 23.88339
1045.782, 21.59781
1046.265, 16.66426
1046.747, 10.25369
1047.229, 9.662796
1047.711, 13.79633
1048.193, 16.46141
1048.675, 10.91994
1049.157, 6.668549
1049.639, 12.12773
1050.121, 21.23486
1050.604, 22.58260
1051.086, 12.68570
1051.568, 9.533401
1052.050, 15.73007
1052.532, 22.87971
1053.014, 21.30721
1053.496, 15.85152
1053.978, 13.67049
1054.460, 15.37181
1054.943, 15.40376
1055.425, 9.710526
1055.907, 5.782883
1056.389, 6.044296
1056.871, 9.511551
1057.353, 14.73329
1057.835, 20.97913
1058.317, 24.37125
1058.800, 22.74980
1059.282, 20.00821
1059.764, 17.08479
1060.246, 15.16429
1060.728, 15.91629
1061.210, 20.51517
1061.692, 21.56505
1062.174, 18.54842
1062.656, 15.75259
1063.139, 17.34657
1063.621, 20.34604
1064.103, 20.39220
1064.585, 18.18523
1065.067, 17.62825
1065.549, 21.35571
1066.031, 24.19090
1066.513, 25.20905
1066.995, 25.25447
1067.478, 26.31898
1067.960, 27.63284
1068.442, 25.98863
1068.924, 19.88849
1069.406, 13.61954
1069.888, 7.113617
1070.370, 3.286575
1070.852, 5.047531
1071.334, 12.08138
1071.817, 16.64925
1072.299, 18.61752
1072.781, 20.03816
1073.263, 21.54291
1073.745, 23.28110
1074.227, 27.88618
1074.709, 32.03987
1075.191, 29.99455
1075.674, 11.76907
1076.156, 3.650864
1076.638, 8.180740
1077.120, 15.81226
1077.602, 18.18854
1078.084, 16.60376
1078.566, 13.19044
1079.048, 8.768661
1079.531, 7.081299
1080.013, 12.90151
1080.495, 17.59819
1080.977, 17.92079
1081.459, 15.84737
1081.941, 15.89613
1082.423, 17.88406
1082.905, 18.91840
1083.387, 17.89461
1083.870, 18.30943
1084.352, 27.11102
1084.834, 35.76311
1085.316, 35.04041
1085.798, 23.78244
1086.280, 15.89801
1086.762, 11.62575
1087.244, 9.581360
1087.726, 9.824463
1088.209, 11.11469
1088.691, 13.38704
1089.173, 14.70857
1089.655, 12.17703
1090.137, 3.524323
1090.619, 9.926056
1091.101, 1.580460
1091.583, 9.509445
1092.066, 10.76189
1092.548, 5.112198
1093.030, 3.929581
1093.512, 7.274567
1093.994, 10.20155
1094.476, 9.033203
1094.958, 7.922379
1095.440, 9.658844
1095.922, 12.37643
1096.405, 10.61244
1096.887, 4.406036
1097.369, 2.822128
1097.851, 8.694275
1098.333, 14.27699
1098.815, 8.178375
1099.297, 1.104340
1099.779, 5.460648
1100.261, 23.98676
1100.744, 32.04677
1101.226, 27.37242
1101.708, 21.58701
1102.190, 19.38687
1102.672, 19.74525
1103.154, 21.35043
1103.636, 24.18837
1104.118, 28.46674
1104.601, 38.50273
1105.083, 42.21329
1105.565, 36.75870
1106.047, 28.06357
1106.529, 19.21843
1107.011, 11.46652
1107.493, 12.12227
1107.975, 19.72192
1108.458, 23.56760
1108.940, 11.63396
1109.422, 2.129944
1109.904, 3.111832
1110.386, 10.18721
1110.868, 17.72142
1111.350, 25.56602
1111.832, 28.79352
1112.314, 26.37119
1112.797, 22.95644
1113.279, 23.73654
1113.761, 24.52559
1114.243, 19.73776
1114.725, 10.33559
1115.207, 7.414063
1115.689, 12.34177
1116.171, 15.83971
1116.653, 13.59720
1117.136, 11.10324
1117.618, 18.61749
1118.100, 29.37569
1118.582, 33.20670
1119.064, 25.05856
1119.546, 17.51616
1120.028, 10.38680
1120.510, 5.332336
1120.993, 4.035629
1121.475, 5.285126
1121.957, 6.580078
1122.439, 7.874130
1122.921, 9.017853
1123.403, 10.42099
1123.885, 10.90151
1124.367, 9.344879
1124.849, 7.926010
1125.332, 9.987534
1125.814, 14.56798
1126.296, 15.09697
1126.778, 11.44611
1127.260, 8.437683
1127.742, 10.18950
1128.224, 12.16803
1128.706, 12.01166
1129.188, 10.37901
1129.671, 7.672546
1130.153, 3.867096
1130.635, 4.548248
1131.117, 11.21609
1131.599, 20.05115
1132.081, 31.73688
1132.563, 40.99063
1133.045, 42.57304
1133.528, 36.18523
1134.010, 25.87813
1134.492, 10.28191
1134.974, 1.182388
1135.456, 3.779587
1135.938, 2.442032
1136.420, 3.788437
1136.902, 4.646103
1137.385, 1.732391
1137.867, 8.671783
1138.349, 14.08315
1138.831, 12.62059
1139.313, 11.02834
1139.795, 14.64369
1140.277, 20.58772
1140.759, 23.54312
1141.241, 23.74574
1141.724, 21.95692
1142.206, 14.14339
1142.688, 11.08812
1143.170, 16.54845
1143.652, 22.93976
1144.134, 21.62231
1144.616, 14.52296
1145.098, 7.253860
1145.580, 0.5085140
1146.063, 3.102707
1146.545, 1.150330
1147.027, 4.779022
1147.509, 3.811981
1147.991, 1.313110
1148.473, 2.881805
1148.955, 9.175400
1149.437, 20.04883
1149.920, 36.50363
1150.402, 45.74193
1150.884, 31.74966
1151.366, 15.08752
1151.848, 9.925171
1152.330, 13.55928
1152.812, 12.05862
1153.294, 5.483490
1153.776, 2.024490
1154.259, 5.246902
1154.741, 9.272308
1155.223, 7.621460
1155.705, 5.095184
1156.187, 7.559937
1156.669, 15.62274
1157.151, 20.69048
1157.633, 22.69594
1158.115, 21.76421
1158.598, 15.61752
1159.080, 9.563232
1159.562, 10.78297
1160.044, 15.65543
1160.526, 18.42632
1161.008, 18.72903
1161.490, 15.07166
1161.972, 6.145233
1162.455, 0.9995270
1162.937, 0.1271970
1163.419, 5.268311
1163.901, 12.79428
1164.383, 20.60643
1164.865, 22.78542
1165.347, 11.37665
1165.829, 7.645767
1166.312, 15.70508
1166.794, 25.56627
1167.276, 25.43021
1167.758, 19.79942
1168.240, 17.56277
1168.722, 18.71477
1169.204, 17.52075
1169.686, 9.904587
1170.168, 2.815430
1170.651, 3.621994
1171.133, 7.038773
1171.615, 0.3806300
1172.097, 11.50664
1172.579, 15.61639
1173.061, 9.428055
1173.543, 7.950485
1174.025, 26.77652
1174.507, 38.47131
1174.990, 30.68088
1175.472, 12.81744
1175.954, 10.13239
1176.436, 18.46980
1176.918, 24.54167
1177.400, 24.48232
1177.882, 23.40404
1178.364, 23.09210
1178.847, 22.79314
1179.329, 22.57675
1179.811, 21.98833
1180.293, 16.70166
1180.775, 8.326355
1181.257, 5.379440
1181.739, 15.49991
1182.221, 23.48906
1182.703, 18.58900
1183.186, 11.22412
1183.668, 10.61473
1184.150, 16.50696
1184.632, 19.56261
1185.114, 20.04494
1185.596, 20.26578
1186.078, 20.51952
1186.560, 21.96492
1187.042, 26.60367
1187.525, 31.97115
1188.007, 35.57629
1188.489, 37.46570
1188.971, 35.64490
1189.453, 30.19759
1189.935, 25.92792
1190.417, 28.40367
1190.899, 30.72096
1191.382, 26.33723
1191.864, 19.89464
1192.346, 22.37598
1192.828, 34.82559
1193.310, 31.56792
1193.792, 9.642548
1194.274, 9.828598
1194.756, 8.029800
1195.238, 0.9806060
1195.721, 9.051102
1196.203, 14.56764
1196.685, 18.71463
1197.167, 21.48744
1197.649, 22.78397
1198.131, 22.19853
1198.613, 22.75652
1199.095, 31.24472
1199.578, 38.73596
1200.060, 35.40872
1200.542, 23.13362
1201.024, 16.29250
1201.506, 15.26337
1201.988, 16.58746
1202.470, 20.37318
1202.952, 22.43497
1203.434, 14.44606
1203.917, 5.521637
1204.399, 7.504318
1204.881, 20.24925
1205.363, 26.38062
1205.845, 25.37251
1206.327, 24.75943
1206.809, 28.81819
1207.291, 30.93813
1207.773, 19.77245
1208.256, 5.589951
1208.738, 2.340424
1209.220, 11.88667
1209.702, 14.21417
1210.184, 8.442520
1210.666, 5.565460
1211.148, 13.77260
1211.630, 23.16548
1212.113, 23.07799
1212.595, 18.24765
1213.077, 16.38033
1213.559, 19.23128
1214.041, 19.15266
1214.523, 15.91209
1215.005, 12.17657
1215.487, 6.532547
1215.969, 4.144882
1216.452, 14.93037
1216.934, 30.52412
1217.416, 35.66138
1217.898, 26.96144
1218.380, 18.83252
1218.862, 11.31790
1219.344, 7.118820
1219.826, 11.30498
1220.308, 16.81544
1220.791, 18.01347
1221.273, 15.75441
1221.755, 11.86195
1222.237, 5.236023
1222.719, 3.573227
1223.201, 7.767349
1223.683, 12.50923
1224.165, 12.24921
1224.648, 11.78717
1225.130, 18.10478
1225.612, 27.28047
1226.094, 25.96800
1226.576, 11.10468
1227.058, 4.970230
1227.540, 10.74402
1228.022, 16.78618
1228.505, 8.548325
1228.987, 0.2057340
1229.469, 6.274673
1229.951, 22.34523
1230.433, 25.57396
1230.915, 14.22655
1231.397, 8.158539
1231.879, 10.87236
1232.361, 16.03937
1232.844, 20.85805
1233.326, 23.53087
1233.808, 20.50319
1234.290, 13.95232
1234.772, 12.85381
1235.254, 17.43285
1235.736, 21.34090
1236.218, 23.40121
1236.700, 23.47380
1237.183, 19.72081
1237.665, 15.37849
1238.147, 13.75403
1238.629, 13.72887
1239.111, 8.853561
1239.593, 0.5652160
1240.075, 4.833313
1240.557, 0.8340610
1241.040, 6.067322
1241.522, 17.31430
1242.004, 24.55859
1242.486, 19.49530
1242.968, 5.514847
1243.450, 0.3750460
1243.932, 3.420197
1244.414, 10.01756
1244.896, 20.50230
1245.379, 27.45673
1245.861, 20.05025
1246.343, 13.43356
1246.825, 19.71880
1247.307, 35.17336
1247.789, 35.92223
1248.271, 27.20865
1248.753, 24.14001
1249.235, 35.55861
1249.718, 43.13173
1250.200, 31.85966
1250.682, 19.76210
1251.164, 19.53748
1251.646, 27.12869
1252.128, 18.33838
1252.610, 1.359909
1253.092, 9.984894
1253.575, 6.403778
1254.057, 20.88844
1254.539, 21.45164
1255.021, 20.92883
1255.503, 27.92712
1255.985, 39.13478
1256.467, 41.93904
1256.949, 38.73091
1257.432, 36.99609
1257.914, 41.81143
1258.396, 43.00270
1258.878, 36.75519
1259.360, 30.60234
1259.842, 31.37157
1260.324, 35.07153
1260.806, 27.38582
1261.288, 13.84200
1261.771, 9.406860
1262.253, 30.13492
1262.735, 38.92821
1263.217, 29.37758
1263.699, 18.71422
1264.181, 22.12718
1264.663, 30.78479
1265.145, 26.00415
1265.627, 13.33534
1266.110, 4.506943
1266.592, 2.478882
1267.074, 6.286865
1267.556, 18.43416
1268.038, 26.66945
1268.520, 17.14436
1269.002, 2.372971
1269.484, 3.289810
1269.967, 0.9829860
1270.449, 7.589325
1270.931, 29.57339
1271.413, 37.72012
1271.895, 29.88817
1272.377, 18.61258
1272.859, 9.359451
1273.341, 4.791733
1273.823, 12.05856
1274.306, 24.15752
1274.788, 26.84021
1275.270, 17.44565
1275.752, 15.97244
1276.234, 23.09518
1276.716, 27.88776
1277.198, 16.63945
1277.680, 8.560989
1278.162, 17.58290
1278.645, 31.37927
1279.127, 30.90359
1279.609, 16.28804
1280.091, 8.995895
1280.573, 9.568130
1281.055, 14.32899
1281.537, 27.39441
1282.019, 36.25253
1282.502, 33.13144
1282.984, 25.65230
1283.466, 21.08377
1283.948, 19.21086
1284.430, 19.91644
1284.912, 22.67365
1285.394, 24.36328
1285.876, 30.21317
1286.359, 32.07675
1286.841, 27.31001
1287.323, 20.89243
1287.805, 18.10475
1288.287, 18.04472
1288.769, 18.04504
1289.251, 18.68790
1289.733, 22.78697
1290.215, 38.58984
1290.698, 45.39868
1291.180, 39.97992
1291.662, 29.63786
1292.144, 18.84346
1292.626, 9.707428
1293.108, 5.416168
1293.590, 5.587082
1294.072, 9.177338
1294.554, 18.63063
1295.037, 21.80353
1295.519, 16.99373
1296.001, 10.34216
1296.483, 2.066971
1296.965, 0.8804930
1297.447, 15.91280
1297.929, 41.15601
1298.411, 44.20497
1298.894, 17.48781
1299.376, 2.997070
1299.858, 2.7310001E-03
1300.340, 0.0000000E+00
##END=



