##NAMES=Manganogrunerite
##RRUFFID=R060378
##IDEAL CHEMISTRY=[box]Mn^2+^_2_Fe^2+^_5_Si_8_O_22_(OH)_2_
##LOCALITY=Brunsjogruvan (Brunsjo mine), near Hallefors, Orebro, Sweden
##OWNER=RRUFF
##SOURCE=Michael Scott
##DESCRIPTION=Brown parallel fibers
##STATUS=The identification of this mineral has been confirmed by X-ray diffraction and chemical analysis
##URL=rruff.info/R060378
##MEASURED CHEMISTRY=Mn^2+^_2.00_(Fe^2+^_3.30_Mg_1.60_Ca_0.10_)_Σ=5_Si_8.00_O_22_(OH)_2_
132.5496, 0.0000000E+00
133.0317, 4.2022999E-02
133.5138, 0.3342130
133.9959, 0.9676970
134.4781, 2.180801
134.9602, 2.847931
135.4423, 2.223343
135.9244, 1.023956
136.4065, 0.2455600
136.8886, 0.5699620
137.3708, 1.881287
137.8529, 2.598129
138.3350, 2.084167
138.8171, 1.559418
139.2992, 1.211288
139.7813, 1.069000
140.2635, 1.136108
140.7456, 1.446320
141.2277, 2.050461
141.7098, 2.400879
142.1919, 2.355865
142.6740, 2.233826
143.1561, 2.151855
143.6383, 2.138916
144.1204, 2.230499
144.6025, 2.493790
145.0846, 2.966629
145.5667, 3.343567
146.0488, 3.545807
146.5310, 3.677597
147.0131, 3.869461
147.4952, 4.159500
147.9773, 4.427551
148.4594, 4.344421
148.9415, 3.987946
149.4237, 4.038361
149.9058, 4.950226
150.3879, 6.474442
150.8700, 7.907211
151.3521, 9.105331
151.8342, 10.24486
152.3164, 11.73120
152.7985, 13.46303
153.2806, 14.70134
153.7627, 14.51802
154.2448, 12.87128
154.7269, 11.88931
155.2091, 12.51994
155.6912, 13.42513
156.1733, 14.09991
156.6554, 14.44270
157.1375, 14.42914
157.6196, 13.83347
158.1018, 12.16885
158.5839, 11.39835
159.0660, 12.49303
159.5481, 13.79836
160.0302, 14.20050
160.5123, 13.46088
160.9945, 12.20114
161.4766, 11.55368
161.9587, 12.24858
162.4408, 12.46599
162.9229, 11.93819
163.4050, 11.09250
163.8871, 10.14880
164.3693, 9.200577
164.8514, 8.501724
165.3335, 8.729324
165.8156, 10.85838
166.2977, 12.55151
166.7798, 13.53940
167.2620, 13.95554
167.7441, 13.80630
168.2262, 12.94107
168.7083, 11.86201
169.1904, 12.13242
169.6725, 14.51364
170.1547, 16.57007
170.6368, 16.92235
171.1189, 16.05615
171.6010, 15.68567
172.0831, 16.78230
172.5652, 18.70216
173.0474, 20.03146
173.5295, 20.56638
174.0116, 20.90155
174.4937, 21.58102
174.9758, 22.60478
175.4579, 23.29021
175.9401, 22.83554
176.4222, 22.13873
176.9043, 22.27362
177.3864, 23.65581
177.8685, 25.37704
178.3506, 26.17958
178.8328, 25.75020
179.3149, 25.53320
179.7970, 26.67487
180.2791, 27.94293
180.7612, 28.11948
181.2433, 26.65335
181.7255, 24.31525
182.2076, 22.65318
182.6897, 21.92685
183.1718, 21.49109
183.6539, 21.45961
184.1360, 21.57819
184.6181, 21.45491
185.1003, 21.09184
185.5824, 20.65860
186.0645, 20.50284
186.5466, 21.33031
187.0287, 21.44757
187.5108, 20.15997
187.9930, 18.16545
188.4751, 16.25066
188.9572, 15.00250
189.4393, 14.40289
189.9214, 13.96880
190.4035, 14.02438
190.8857, 13.86354
191.3678, 13.28951
191.8499, 12.41449
192.3320, 11.36015
192.8141, 10.13644
193.2962, 8.842392
193.7784, 8.307510
194.2605, 8.916000
194.7426, 9.667328
195.2247, 10.38452
195.7068, 11.01804
196.1889, 11.43231
196.6711, 11.62529
197.1532, 11.54105
197.6353, 11.01382
198.1174, 9.317261
198.5995, 7.900085
199.0816, 7.767090
199.5638, 8.714493
200.0459, 9.572891
200.5280, 9.624619
201.0101, 9.138290
201.4922, 9.001007
201.9743, 9.651825
202.4565, 10.23965
202.9386, 9.909210
203.4207, 8.616516
203.9028, 7.285416
204.3849, 6.222748
204.8670, 5.514893
205.3492, 5.383469
205.8313, 6.185532
206.3134, 7.212265
206.7955, 7.468918
207.2776, 6.703278
207.7597, 5.926666
208.2419, 5.563950
208.7240, 5.467560
209.2061, 5.607727
209.6882, 6.080856
210.1703, 6.568329
210.6524, 6.404388
211.1346, 5.243164
211.6167, 4.322479
212.0988, 4.113724
212.5809, 4.270859
213.0630, 4.484787
213.5451, 4.633072
214.0273, 4.782700
214.5094, 5.126938
214.9915, 5.928604
215.4736, 6.428085
215.9557, 6.545731
216.4378, 6.326385
216.9200, 5.686646
217.4021, 4.572693
217.8842, 3.270889
218.3663, 2.648346
218.8484, 3.537231
219.3305, 3.911957
219.8127, 3.025024
220.2948, 1.753433
220.7769, 1.070663
221.2590, 1.421890
221.7411, 2.458588
222.2232, 3.136169
222.7054, 2.914688
223.1875, 2.906677
223.6696, 3.654480
224.1517, 4.489090
224.6338, 4.443924
225.1159, 3.079086
225.5980, 1.015137
226.0802, 6.3400000E-02
226.5623, 1.701294
227.0444, 2.727173
227.5265, 2.458862
228.0086, 1.573395
228.4907, 0.9704130
228.9729, 1.039413
229.4550, 1.475906
229.9371, 1.471634
230.4192, 0.5243530
230.9013, 5.7541002E-02
231.3834, 0.1970670
231.8656, 0.8793180
232.3477, 1.449234
232.8298, 1.728134
233.3119, 1.697327
233.7940, 1.171539
234.2761, 0.1709290
234.7583, 1.124939
235.2404, 1.224258
235.7225, 0.7641140
236.2046, 0.1753540
236.6867, 0.4826350
237.1688, 1.014679
237.6510, 0.9592440
238.1331, 0.2268980
238.6152, 0.3699040
239.0973, 0.4507600
239.5794, 0.2117310
240.0615, 5.5725001E-02
240.5437, 8.2367003E-02
241.0258, 0.2415470
241.5079, 0.5363460
241.9900, 0.9752040
242.4721, 1.272873
242.9542, 1.345139
243.4364, 1.186630
243.9185, 0.7047270
244.4006, 0.2943120
244.8827, 1.293976
245.3648, 1.745697
245.8469, 1.715302
246.3290, 1.590866
246.8112, 1.565842
247.2933, 1.593536
247.7754, 1.492096
248.2575, 1.123215
248.7396, 0.8263550
249.2217, 0.8438110
249.7039, 1.130157
250.1860, 1.561844
250.6681, 2.420578
251.1502, 3.432541
251.6323, 3.438599
252.1144, 1.726196
252.5966, 8.3099000E-02
253.0787, 0.3293760
253.5608, 0.1126250
254.0429, 0.5725560
254.5250, 0.5765080
255.0071, 0.2313840
255.4893, 8.1680000E-02
255.9714, 0.4630740
256.4535, 0.6218720
256.9356, 0.2598880
257.4177, 0.3483730
257.8998, 0.7409060
258.3820, 0.5980830
258.8641, 8.7646000E-02
259.3462, 0.2162630
259.8283, 0.3173680
260.3104, 0.1698300
260.7925, 0.4264220
261.2747, 1.182007
261.7568, 1.747162
262.2389, 1.976532
262.7210, 1.881454
263.2031, 1.362595
263.6852, 0.1682740
264.1674, 1.200150
264.6495, 1.176132
265.1316, 0.5984500
265.6137, 5.1346000E-02
266.0958, 0.5778050
266.5779, 0.9660490
267.0601, 1.145386
267.5422, 0.9276430
268.0243, 0.8410030
268.5064, 0.9831700
268.9885, 1.255234
269.4706, 1.614059
269.9528, 2.037491
270.4349, 2.445908
270.9170, 2.666687
271.3991, 2.551270
271.8812, 2.537537
272.3633, 2.594452
272.8455, 2.781677
273.3276, 3.268677
273.8097, 4.046082
274.2918, 4.801773
274.7739, 5.021042
275.2560, 4.357422
275.7382, 3.877487
276.2202, 3.726547
276.7024, 3.609879
277.1845, 3.362244
277.6666, 2.949203
278.1487, 2.399780
278.6308, 1.669235
279.1129, 0.4937590
279.5951, 0.1054690
280.0772, 0.9620670
280.5593, 2.053726
281.0414, 3.031860
281.5235, 3.779892
282.0056, 4.213379
282.4878, 4.228271
282.9699, 3.771988
283.4520, 3.251556
283.9341, 2.152756
284.4162, 1.481720
284.8983, 2.005371
285.3805, 3.354111
285.8626, 4.506897
286.3447, 4.630600
286.8268, 3.750778
287.3089, 3.323776
287.7910, 3.628937
288.2732, 4.039307
288.7553, 4.493668
289.2374, 4.931732
289.7195, 5.261276
290.2016, 5.442001
290.6837, 5.445251
291.1659, 5.095123
291.6480, 3.772324
292.1301, 2.797165
292.6122, 2.375259
293.0943, 2.443024
293.5764, 3.035278
294.0586, 4.190079
294.5407, 5.508133
295.0228, 5.924835
295.5049, 3.973923
295.9870, 2.889008
296.4691, 3.515457
296.9513, 4.734665
297.4334, 5.330597
297.9155, 4.901398
298.3976, 3.906342
298.8797, 3.095444
299.3618, 2.425766
299.8440, 2.061462
300.3261, 2.316483
300.8082, 2.703217
301.2903, 2.722641
301.7724, 2.344940
302.2545, 2.091461
302.7367, 2.568726
303.2188, 4.130051
303.7009, 4.955078
304.1830, 4.663452
304.6651, 4.026474
305.1472, 3.362915
305.6294, 2.768982
306.1115, 2.345566
306.5936, 2.168091
307.0757, 2.242310
307.5578, 2.660324
308.0399, 3.797272
308.5221, 4.846970
309.0042, 5.583252
309.4863, 5.954132
309.9684, 5.832794
310.4505, 5.067520
310.9326, 3.761948
311.4148, 2.747559
311.8969, 1.899490
312.3790, 1.385864
312.8611, 1.331070
313.3432, 1.609070
313.8253, 2.169815
314.3075, 3.051270
314.7896, 3.954330
315.2717, 3.995911
315.7538, 2.068481
316.2359, 0.8085330
316.7180, 0.7890470
317.2001, 1.353790
317.6823, 1.970428
318.1644, 2.473953
318.6465, 2.677643
319.1286, 2.189819
319.6107, 0.4835660
320.0928, 0.6610410
320.5750, 1.246979
321.0571, 1.305252
321.5392, 0.6188350
322.0213, 0.6755980
322.5034, 1.956635
322.9855, 2.557083
323.4677, 2.377518
323.9498, 2.155838
324.4319, 1.540222
324.9140, 1.177765
325.3961, 1.538254
325.8782, 2.459274
326.3604, 3.427277
326.8425, 4.098770
327.3246, 4.488617
327.8067, 4.766983
328.2888, 5.238831
328.7709, 5.282455
329.2531, 4.371780
329.7352, 2.991318
330.2173, 1.891541
330.6994, 1.426010
331.1815, 1.467712
331.6636, 1.679382
332.1458, 2.182465
332.6279, 2.720306
333.1100, 3.274887
333.5921, 3.863571
334.0742, 4.553406
334.5563, 5.344559
335.0385, 6.117264
335.5206, 6.710770
336.0027, 7.179489
336.4848, 7.253555
336.9669, 6.557938
337.4490, 5.791122
337.9312, 5.417099
338.4133, 5.448685
338.8954, 5.705185
339.3775, 6.062332
339.8596, 6.557175
340.3417, 6.679779
340.8239, 5.978546
341.3060, 5.423599
341.7881, 5.305786
342.2702, 5.596100
342.7523, 6.286011
343.2344, 7.418091
343.7166, 8.798721
344.1987, 9.482239
344.6808, 8.801346
345.1629, 8.123642
345.6450, 7.296738
346.1271, 6.645950
346.6093, 6.631744
347.0914, 7.398483
347.5735, 8.543533
348.0556, 9.301590
348.5377, 9.505707
349.0198, 9.594467
349.5020, 9.410507
349.9841, 9.247070
350.4662, 9.414719
350.9483, 9.877365
351.4304, 10.26242
351.9125, 10.12430
352.3947, 9.354416
352.8768, 8.792831
353.3589, 8.578613
353.8410, 8.432648
354.3231, 8.277298
354.8052, 8.114792
355.2874, 8.027817
355.7695, 8.132507
356.2516, 8.298752
356.7337, 7.720963
357.2158, 5.349854
357.6979, 3.674149
358.1800, 3.099075
358.6621, 3.407883
359.1443, 4.687500
359.6264, 6.964569
360.1085, 9.325333
360.5906, 9.958374
361.0727, 8.007843
361.5548, 6.550034
362.0370, 6.067642
362.5191, 6.005814
363.0012, 6.268600
363.4833, 6.722794
363.9654, 6.962250
364.4475, 6.342850
364.9297, 4.764786
365.4118, 4.048279
365.8939, 5.216400
366.3760, 6.145905
366.8581, 5.697968
367.3402, 4.396027
367.8224, 3.351028
368.3045, 3.229660
368.7866, 3.799133
369.2687, 4.487747
369.7508, 5.559509
370.2329, 6.133240
370.7151, 5.372391
371.1972, 4.268463
371.6793, 3.901184
372.1614, 4.655350
372.6435, 5.634949
373.1256, 5.631073
373.6078, 4.558807
374.0899, 3.752090
374.5720, 3.809479
375.0541, 3.929886
375.5362, 3.365524
376.0183, 2.193634
376.5005, 1.262802
376.9826, 1.214417
377.4647, 1.836227
377.9468, 2.403595
378.4289, 2.887909
378.9110, 3.344528
379.3932, 3.971146
379.8753, 4.595032
380.3574, 4.863541
380.8395, 4.560669
381.3216, 3.956757
381.8037, 3.304520
382.2859, 2.582428
382.7680, 2.284592
383.2501, 2.993195
383.7322, 4.195984
384.2143, 4.838486
384.6964, 4.780823
385.1786, 4.650330
385.6607, 4.904343
386.1428, 5.307037
386.6249, 4.970261
387.1070, 3.405060
387.5891, 1.866684
388.0713, 2.174225
388.5534, 4.134399
389.0355, 5.647614
389.5176, 6.015305
389.9997, 5.917755
390.4818, 6.003189
390.9640, 6.308884
391.4461, 6.608292
391.9282, 6.778961
392.4103, 6.799530
392.8924, 6.622559
393.3745, 5.820160
393.8567, 5.328476
394.3388, 5.853561
394.8209, 6.866928
395.3030, 7.289719
395.7851, 6.754501
396.2672, 5.828018
396.7494, 5.530624
397.2315, 6.250763
397.7136, 6.681671
398.1957, 6.391327
398.6778, 6.044922
399.1599, 6.324982
399.6420, 7.213242
400.1241, 8.108871
400.6063, 8.508606
401.0884, 8.340958
401.5705, 7.976654
402.0526, 7.139465
402.5347, 6.572891
403.0168, 6.821548
403.4990, 7.427780
403.9811, 7.625854
404.4632, 7.040558
404.9453, 5.949341
405.4274, 4.984131
405.9095, 3.786240
406.3917, 3.407288
406.8738, 4.828506
407.3559, 6.302567
407.8380, 6.309845
408.3201, 4.865768
408.8022, 3.320648
409.2844, 3.052460
409.7665, 4.150253
410.2486, 5.192047
410.7307, 6.721039
411.2128, 7.545349
411.6949, 6.748322
412.1771, 5.136108
412.6592, 4.085602
413.1413, 4.373215
413.6234, 5.228867
414.1055, 4.774170
414.5876, 2.284637
415.0698, 0.7112880
415.5519, 1.770538
416.0340, 3.313644
416.5161, 3.851639
416.9982, 3.232315
417.4803, 2.394516
417.9625, 2.048294
418.4446, 2.084396
418.9267, 2.462616
419.4088, 3.447906
419.8909, 4.421127
420.3730, 5.084747
420.8552, 5.445801
421.3373, 5.434219
421.8194, 4.729385
422.3015, 3.950211
422.7836, 4.088074
423.2657, 5.124786
423.7479, 5.580856
424.2300, 4.497375
424.7121, 2.847641
425.1942, 2.220230
425.6763, 2.803802
426.1584, 3.398590
426.6406, 3.532028
427.1227, 3.332901
427.6048, 2.955521
428.0869, 2.408676
428.5690, 1.916031
429.0511, 1.647903
429.5333, 1.543991
430.0154, 1.392181
430.4975, 1.190643
430.9796, 1.040100
431.4617, 1.094437
431.9438, 1.249985
432.4260, 1.208832
432.9081, 0.8072970
433.3902, 0.2196660
433.8723, 0.1405330
434.3544, 0.3407900
434.8365, 0.2118990
435.3187, 0.5106960
435.8008, 1.392166
436.2829, 2.200821
436.7650, 2.836121
437.2471, 3.156281
437.7292, 3.037949
438.2114, 2.479996
438.6935, 1.483154
439.1756, 1.462616
439.6577, 3.156265
440.1398, 1.742966
440.6219, 1.005005
441.1040, 2.614105
441.5862, 2.042526
442.0683, 0.3838650
442.5504, 0.3569950
443.0325, 0.1581420
443.5146, 0.5498200
443.9967, 0.5571140
444.4789, 0.5352480
444.9610, 0.6423950
445.4431, 0.8841860
445.9252, 1.225952
446.4073, 1.778168
446.8894, 2.389679
447.3716, 2.386871
447.8537, 1.491241
448.3358, 0.6745910
448.8179, 0.4479830
449.3000, 0.4850920
449.7821, 0.4663700
450.2643, 0.3269650
450.7464, 0.1218570
451.2285, 0.3117830
451.7106, 0.8423460
452.1927, 0.6580050
452.6748, 0.6999510
453.1570, 2.186935
453.6391, 2.645172
454.1212, 2.280746
454.6033, 1.910217
455.0854, 1.739151
455.5675, 1.627853
456.0497, 1.524231
456.5318, 1.396194
457.0139, 1.000458
457.4960, 6.7749001E-02
457.9781, 1.032379
458.4602, 1.194946
458.9424, 0.1062160
459.4245, 1.074432
459.9066, 1.202423
460.3887, 0.9561610
460.8708, 0.6896970
461.3529, 0.5101470
461.8351, 0.5728450
462.3172, 1.088425
462.7993, 2.081512
463.2814, 2.652466
463.7635, 2.657700
464.2456, 2.439606
464.7278, 1.865784
465.2099, 1.188812
465.6920, 0.7548070
466.1741, 0.6919100
466.6562, 0.8290710
467.1383, 0.8885800
467.6205, 0.8514710
468.1026, 0.7948460
468.5847, 0.6934810
469.0668, 0.5976870
469.5489, 0.4798130
470.0310, 0.3837740
470.5132, 0.4068300
470.9953, 0.5983580
471.4774, 0.9590300
471.9595, 1.602707
472.4416, 2.704971
472.9237, 3.437668
473.4059, 3.432083
473.8880, 2.943314
474.3701, 1.916840
474.8522, 0.3121190
475.3343, 0.7930910
475.8164, 0.2875520
476.2986, 1.202347
476.7807, 2.099731
477.2628, 2.158325
477.7449, 1.998291
478.2270, 2.046875
478.7091, 2.254059
479.1913, 2.393936
479.6734, 2.447830
480.1555, 2.439514
480.6376, 2.291809
481.1197, 2.099106
481.6018, 2.105911
482.0839, 2.404633
482.5660, 2.762650
483.0482, 2.855377
483.5303, 2.605713
484.0124, 2.331772
484.4945, 2.174133
484.9766, 1.864014
485.4587, 0.9370120
485.9409, 0.2596590
486.4230, 0.8792880
486.9051, 0.4235690
487.3872, 0.7616580
487.8693, 1.673584
488.3514, 2.303543
488.8336, 2.652100
489.3157, 2.742096
489.7978, 2.585861
490.2799, 1.873062
490.7620, 0.8153840
491.2441, 0.2412720
491.7263, 1.057602
492.2084, 2.892761
492.6905, 3.926895
493.1726, 3.968445
493.6547, 3.704773
494.1368, 3.148529
494.6190, 2.559525
495.1011, 2.167404
495.5832, 1.999802
496.0653, 2.124573
496.5474, 2.828781
497.0295, 3.762589
497.5117, 4.207260
497.9938, 4.233505
498.4759, 4.105347
498.9580, 3.632004
499.4401, 2.899857
499.9222, 2.557861
500.4044, 3.064758
500.8865, 3.604660
501.3686, 3.670807
501.8507, 3.416183
502.3328, 3.152817
502.8149, 2.986328
503.2971, 2.896545
503.7792, 2.835663
504.2613, 2.743057
504.7434, 2.933960
505.2255, 3.575500
505.7076, 4.303253
506.1898, 5.119919
506.6719, 5.867050
507.1540, 6.260971
507.6361, 6.144257
508.1182, 5.653290
508.6003, 5.002533
509.0825, 3.907623
509.5646, 3.457047
510.0467, 4.510834
510.5288, 5.702347
511.0109, 6.194183
511.4930, 6.036453
511.9752, 5.719757
512.4573, 5.449997
512.9394, 5.301300
513.4215, 5.690353
513.9036, 6.828140
514.3857, 7.097488
514.8679, 5.041946
515.3500, 2.393982
515.8321, 1.494537
516.3142, 2.644043
516.7963, 3.880554
517.2784, 4.208786
517.7606, 4.052155
518.2427, 3.931458
518.7248, 3.909561
519.2069, 4.146652
519.6890, 4.923050
520.1711, 5.995804
520.6533, 6.063629
521.1354, 3.806763
521.6175, 2.458649
522.0996, 3.352997
522.5817, 4.954468
523.0638, 5.763428
523.5460, 5.494965
524.0281, 4.662994
524.5102, 3.640442
524.9923, 2.451416
525.4744, 2.030212
525.9565, 3.329971
526.4387, 4.159103
526.9208, 3.569214
527.4029, 2.578766
527.8850, 2.386856
528.3671, 3.264114
528.8492, 4.274109
529.3314, 4.295395
529.8135, 3.455124
530.2956, 3.133621
530.7777, 3.730179
531.2598, 4.175873
531.7419, 3.481949
532.2241, 2.266876
532.7062, 1.547882
533.1883, 1.702301
533.6704, 1.924316
534.1525, 1.360733
534.6346, 0.3945470
535.1168, 0.1175840
535.5989, 0.8141780
536.0810, 1.829773
536.5631, 2.623276
537.0452, 3.186554
537.5273, 3.113373
538.0095, 1.657700
538.4916, 0.4567110
538.9737, 0.1655880
539.4558, 0.4892430
539.9379, 1.105438
540.4200, 1.864044
540.9022, 2.478088
541.3843, 2.444168
541.8664, 1.551483
542.3485, 1.218414
542.8306, 2.351089
543.3127, 3.062927
543.7948, 2.314209
544.2769, 0.8470610
544.7590, 0.1156010
545.2411, 0.1051640
545.7233, 0.2840120
546.2054, 0.3971560
546.6875, 0.2575680
547.1696, 0.2228390
547.6517, 0.3908080
548.1339, 0.5867310
548.6160, 0.5878450
549.0981, 0.4784240
549.5802, 0.5720670
550.0623, 1.196274
550.5444, 1.725098
551.0266, 1.665237
551.5087, 1.213669
551.9908, 0.7398830
552.4729, 0.3426970
552.9550, 0.2281040
553.4371, 0.7809140
553.9193, 2.272934
554.4014, 2.730865
554.8835, 1.332565
555.3656, 2.8198000E-02
555.8477, 0.9204250
556.3298, 1.261139
556.8120, 0.7664030
557.2941, 0.6196900
557.7762, 2.112869
558.2583, 2.433624
558.7404, 1.371094
559.2225, 0.9358980
559.7047, 1.819565
560.1868, 2.493607
560.6689, 1.913376
561.1510, 0.7485050
561.6331, 0.2053680
562.1152, 0.8354340
562.5974, 1.629379
563.0795, 1.466339
563.5616, 0.6629490
564.0437, 0.5395200
564.5258, 1.527298
565.0079, 2.408112
565.4901, 1.915543
565.9722, 0.1205440
566.4543, 1.051285
566.9364, 1.305603
567.4185, 1.281296
567.9006, 1.231323
568.3828, 1.045807
568.8649, 0.4609530
569.3470, 0.5471190
569.8291, 1.627350
570.3112, 2.389465
570.7933, 2.834732
571.2755, 2.980072
571.7576, 2.570801
572.2397, 2.168869
572.7218, 1.797134
573.2039, 1.556366
573.6860, 1.644196
574.1682, 2.095734
574.6503, 2.504868
575.1324, 2.358276
575.6145, 1.816650
576.0966, 1.655441
576.5787, 2.020218
577.0609, 2.383942
577.5430, 2.513153
578.0251, 2.377762
578.5072, 1.916199
578.9893, 0.9194030
579.4714, 6.5505996E-02
579.9536, 0.5123900
580.4357, 0.7397310
580.9178, 0.2918550
581.3999, 0.7379150
581.8820, 1.538589
582.3641, 1.420135
582.8463, 0.6087040
583.3284, 0.4448240
583.8105, 1.859741
584.2926, 2.564804
584.7747, 1.812576
585.2568, 0.7659000
585.7390, 0.1866000
586.2211, 0.1765590
586.7032, 0.5915220
587.1853, 1.532516
587.6674, 2.677643
588.1495, 3.011169
588.6317, 2.372223
589.1138, 1.937698
589.5959, 2.236725
590.0780, 2.762497
590.5601, 2.832474
591.0422, 2.456818
591.5244, 2.333801
592.0065, 3.005493
592.4886, 3.759613
592.9707, 3.900269
593.4528, 3.546158
593.9349, 3.123550
594.4171, 2.799057
594.8992, 2.673508
595.3813, 2.992645
595.8634, 4.139847
596.3455, 4.570480
596.8276, 3.844254
597.3098, 2.970978
597.7919, 2.182709
598.2740, 1.585266
598.7561, 1.331070
599.2382, 1.493042
599.7203, 1.812943
600.2025, 1.881287
600.6846, 1.712860
601.1667, 1.866364
601.6488, 2.507401
602.1309, 3.256607
602.6130, 4.023743
603.0952, 4.691406
603.5773, 4.936279
604.0594, 4.525696
604.5415, 4.042343
605.0236, 3.669327
605.5057, 3.455765
605.9879, 3.594833
606.4700, 4.070129
606.9521, 4.441315
607.4342, 4.304276
607.9163, 3.752899
608.3984, 3.504379
608.8806, 3.759583
609.3627, 4.058289
609.8448, 4.310059
610.3269, 4.625854
610.8090, 5.171188
611.2911, 5.890839
611.7733, 6.525650
612.2554, 6.910965
612.7375, 7.076630
613.2196, 7.028778
613.7017, 6.703781
614.1838, 6.470871
614.6660, 6.479401
615.1481, 6.661011
615.6302, 6.978226
616.1123, 7.418274
616.5944, 7.682770
617.0765, 7.603058
617.5587, 7.432678
618.0408, 7.423737
618.5229, 7.444305
619.0050, 7.083084
619.4871, 6.209290
619.9692, 5.318420
620.4514, 5.047668
620.9335, 5.408539
621.4156, 6.313812
621.8977, 8.853134
622.3798, 10.62764
622.8619, 10.59317
623.3441, 9.693832
623.8262, 8.822189
624.3083, 8.180908
624.7904, 8.047668
625.2725, 9.245056
625.7546, 11.06923
626.2367, 11.17184
626.7188, 9.257736
627.2009, 8.007813
627.6830, 9.111588
628.1652, 11.50206
628.6473, 12.69759
629.1294, 12.36629
629.6115, 12.16449
630.0936, 12.60744
630.5757, 13.02588
631.0579, 12.68805
631.5400, 11.91356
632.0221, 11.70024
632.5042, 12.57434
632.9863, 13.83806
633.4684, 14.04480
633.9506, 12.85611
634.4327, 12.29921
634.9148, 12.72942
635.3969, 13.50812
635.8790, 14.51393
636.3611, 15.56773
636.8433, 16.32663
637.3254, 16.61652
637.8075, 16.86620
638.2896, 17.32466
638.7717, 18.01408
639.2538, 19.11868
639.7360, 20.59315
640.2181, 21.74733
640.7002, 21.98442
641.1823, 21.64088
641.6644, 22.00984
642.1465, 23.93689
642.6287, 25.42772
643.1108, 26.00343
643.5929, 26.52844
644.0750, 27.61261
644.5571, 29.16264
645.0392, 30.79695
645.5214, 32.34206
646.0035, 33.71654
646.4856, 34.76378
646.9677, 35.49269
647.4498, 35.99115
647.9319, 36.04094
648.4141, 36.35614
648.8962, 37.67210
649.3783, 39.61777
649.8604, 41.18913
650.3425, 42.16920
650.8246, 42.94197
651.3068, 43.56540
651.7889, 44.16901
652.2710, 44.63200
652.7531, 44.96048
653.2352, 45.80104
653.7173, 47.83516
654.1995, 50.65819
654.6816, 52.42972
655.1637, 52.74631
655.6458, 52.96249
656.1279, 53.34599
656.6100, 53.63600
657.0922, 53.55635
657.5743, 53.20323
658.0564, 53.07271
658.5385, 53.60677
659.0206, 54.07068
659.5027, 53.76105
659.9849, 52.81876
660.4670, 51.50325
660.9491, 49.86179
661.4312, 48.38562
661.9133, 47.65768
662.3954, 47.56436
662.8776, 46.49910
663.3597, 43.60277
663.8418, 40.84575
664.3239, 38.36966
664.8060, 36.12949
665.2881, 34.09734
665.7703, 32.24193
666.2524, 30.54510
666.7345, 29.01021
667.2166, 27.57573
667.6987, 26.08951
668.1808, 24.55542
668.6630, 23.12500
669.1451, 21.84740
669.6272, 20.66620
670.1093, 19.54939
670.5914, 18.49579
671.0735, 17.51622
671.5557, 16.83006
672.0378, 15.94856
672.5199, 14.45120
673.0020, 12.84334
673.4841, 11.68567
673.9662, 11.02957
674.4484, 10.57513
674.9305, 10.10818
675.4126, 9.634598
675.8947, 9.186905
676.3768, 8.790756
676.8589, 8.281586
677.3411, 7.339066
677.8232, 6.604721
678.3053, 6.871414
678.7874, 7.806351
679.2695, 8.166641
679.7516, 7.222290
680.2338, 6.203568
680.7159, 5.813889
681.1980, 5.826370
681.6801, 6.023407
682.1622, 6.297958
682.6443, 6.287445
683.1265, 5.630066
683.6086, 4.522034
684.0907, 3.948929
684.5728, 4.207306
685.0549, 4.350403
685.5370, 4.365524
686.0192, 4.127762
686.5013, 3.148712
686.9834, 1.838242
687.4655, 1.421494
687.9476, 2.888748
688.4297, 4.427536
688.9119, 4.134781
689.3940, 2.744049
689.8761, 1.873474
690.3582, 1.846100
690.8403, 2.342850
691.3224, 3.274765
691.8046, 4.388214
692.2867, 4.444443
692.7688, 2.361557
693.2509, 0.9560550
693.7330, 0.6992650
694.2151, 0.7811580
694.6973, 0.9203030
695.1794, 0.9845890
695.6615, 0.7328490
696.1436, 2.6320999E-02
696.6257, 0.7786560
697.1078, 0.9792180
697.5900, 0.6934050
698.0721, 0.1059110
698.5542, 0.7772220
699.0363, 1.658905
699.5184, 2.420746
700.0005, 2.997650
700.4827, 3.051758
700.9648, 2.053131
701.4469, 1.393356
701.9290, 1.371536
702.4111, 1.436295
702.8932, 1.338181
703.3754, 1.066818
703.8575, 0.6143950
704.3396, 1.6780000E-03
704.8217, 0.6497500
705.3038, 1.417984
705.7859, 2.132935
706.2681, 1.686615
706.7502, 0.2149510
707.2323, 1.888702
707.7144, 2.481430
708.1965, 2.184174
708.6786, 1.260178
709.1607, 0.8308110
709.6428, 1.937042
710.1249, 1.275223
710.6071, 0.2468720
711.0892, 0.5560610
711.5713, 1.114380
712.0534, 1.550491
712.5355, 1.905075
713.0176, 1.980499
713.4998, 1.308228
713.9819, 0.1339870
714.4640, 8.3374001E-02
714.9461, 0.8532410
715.4282, 1.583008
715.9103, 1.549164
716.3925, 1.022202
716.8746, 0.7005460
717.3567, 0.6536250
717.8388, 0.6430510
718.3209, 0.5115360
718.8030, 0.5658870
719.2852, 1.132645
719.7673, 1.882797
720.2494, 2.469894
720.7315, 2.765930
721.2136, 2.646194
721.6957, 1.746109
722.1779, 0.4538270
722.6600, 0.3538510
723.1421, 1.617004
723.6242, 2.542084
724.1063, 2.522293
724.5884, 2.191681
725.0706, 2.213989
725.5527, 2.544449
726.0348, 2.808426
726.5169, 3.214645
726.9990, 3.277069
727.4811, 2.512283
727.9633, 1.527863
728.4454, 0.9411770
728.9275, 0.8118440
729.4096, 0.9229280
729.8917, 1.177612
730.3738, 1.464081
730.8560, 1.478043
731.3381, 1.207214
731.8202, 1.173859
732.3023, 1.573227
732.7844, 1.938766
733.2665, 1.765442
733.7487, 1.293060
734.2308, 1.451996
734.7129, 2.782318
735.1950, 3.719810
735.6771, 3.659294
736.1592, 3.324913
736.6414, 3.388870
737.1235, 3.685959
737.6056, 3.624596
738.0877, 2.927116
738.5698, 2.043816
739.0519, 1.513016
739.5341, 1.333771
740.0162, 1.608650
740.4983, 2.474976
740.9804, 3.150719
741.4625, 3.136169
741.9446, 2.810410
742.4268, 2.984619
742.9089, 3.844513
743.3910, 4.210342
743.8731, 3.705452
744.3552, 3.021957
744.8373, 2.366318
745.3195, 1.689751
745.8016, 0.9459380
746.2837, 0.2038420
746.7658, 4.1824002E-02
747.2479, 0.9555130
747.7300, 2.636086
748.2122, 3.358505
748.6943, 3.049347
749.1764, 2.713364
749.6585, 2.670357
750.1406, 2.709587
750.6227, 2.579643
751.1049, 2.298737
751.5870, 2.279907
752.0691, 2.992760
752.5512, 3.197861
753.0333, 1.977798
753.5154, 0.7178340
753.9976, 0.7111890
754.4797, 1.695358
754.9618, 2.687920
755.4439, 3.294708
755.9260, 3.418091
756.4081, 2.509598
756.8903, 0.9040530
757.3724, 0.1182630
757.8545, 0.3657460
758.3366, 0.9037630
758.8187, 1.376244
759.3008, 1.695343
759.7830, 1.597755
760.2651, 0.6568980
760.7472, 0.3206560
761.2293, 1.258347
761.7114, 2.013649
762.1935, 1.681557
762.6757, 0.9170990
763.1578, 0.7359540
763.6399, 1.352180
764.1220, 2.017967
764.6041, 2.268738
765.0862, 2.166191
765.5684, 1.871803
766.0505, 1.437981
766.5326, 1.064491
767.0147, 0.7448350
767.4968, 0.5525440
767.9789, 0.7565080
768.4611, 1.346809
768.9432, 1.447891
769.4253, 0.4781650
769.9074, 5.8143999E-02
770.3895, 0.2761150
770.8716, 0.9110260
771.3538, 1.901291
771.8359, 2.887474
772.3180, 2.731941
772.8001, 0.2890320
773.2822, 1.674469
773.7643, 0.5105440
774.2465, 1.938446
774.7286, 2.961197
775.2107, 2.454437
775.6928, 1.587181
776.1749, 0.9646220
776.6570, 0.7350620
777.1392, 1.390182
777.6213, 3.171478
778.1034, 4.047653
778.5855, 3.660316
779.0676, 3.025299
779.5497, 2.362434
780.0319, 1.816368
780.5140, 1.702988
780.9961, 2.083969
781.4782, 2.132950
781.9603, 1.015015
782.4424, 0.1901470
782.9246, 0.9622800
783.4067, 2.357979
783.8888, 2.890770
784.3709, 2.332542
784.8530, 1.465912
785.3351, 0.8315580
785.8173, 0.4494780
786.2994, 0.4565200
786.7815, 0.8526000
787.2636, 1.187103
787.7457, 1.377243
788.2278, 1.497780
788.7100, 1.608109
789.1921, 1.692734
789.6742, 1.668358
790.1563, 1.233360
790.6384, 1.249260
791.1205, 2.617455
791.6026, 3.587639
792.0847, 2.543320
792.5668, 0.6493070
793.0490, 4.3560001E-03
793.5311, 1.208977
794.0132, 2.749390
794.4953, 3.614708
794.9774, 3.887726
795.4595, 3.489738
795.9417, 2.552071
796.4238, 1.822784
796.9059, 1.551224
797.3880, 1.418221
797.8701, 1.019562
798.3522, 1.284195
798.8344, 0.4654310
799.3165, 1.772331
799.7986, 2.661446
800.2807, 2.957260
800.7628, 2.710068
801.2449, 1.438095
801.7271, 0.2735600
802.2092, 0.9609910
802.6913, 0.1012340
803.1734, 1.244530
803.6555, 1.827103
804.1376, 1.882439
804.6198, 1.108185
805.1019, 7.9925999E-02
805.5840, 0.7413180
806.0661, 0.4617920
806.5482, 0.2956010
807.0303, 1.124634
807.5125, 1.949814
807.9946, 1.796516
808.4767, 0.3935390
808.9588, 0.3983380
809.4409, 0.3243790
809.9230, 1.438889
810.4052, 1.618073
810.8873, 0.8593520
811.3694, 0.5013350
811.8515, 0.7409820
812.3336, 1.150330
812.8157, 1.873619
813.2979, 2.519943
813.7800, 2.692764
814.2621, 2.517929
814.7442, 2.407021
815.2263, 2.540825
815.7084, 2.697258
816.1906, 2.537277
816.6727, 2.247070
817.1548, 2.277191
817.6369, 2.606972
818.1190, 2.859833
818.6011, 2.875977
819.0833, 2.757576
819.5654, 2.545990
820.0475, 2.219444
820.5296, 2.280487
821.0117, 2.948120
821.4938, 3.587074
821.9760, 4.254021
822.4581, 4.611176
822.9402, 4.098885
823.4223, 2.968590
823.9044, 2.404572
824.3865, 2.999115
824.8687, 3.630981
825.3508, 3.941109
825.8329, 4.042961
826.3150, 3.943451
826.7971, 3.734230
827.2792, 3.625481
827.7614, 3.706001
828.2435, 3.860756
828.7256, 3.926750
829.2077, 3.797737
829.6898, 3.113052
830.1719, 1.871460
830.6541, 1.229858
831.1362, 1.644112
831.6183, 2.431274
832.1004, 2.513542
832.5825, 1.854820
833.0646, 1.431381
833.5468, 1.310165
834.0289, 1.330498
834.5110, 1.754066
834.9931, 2.049797
835.4752, 1.666611
835.9573, 0.9070360
836.4395, 0.5701680
836.9216, 0.9547880
837.4037, 1.450737
837.8858, 1.909805
838.3679, 2.189041
838.8500, 1.912491
839.3322, 1.356644
839.8143, 1.309151
840.2964, 1.994080
840.7785, 2.718002
841.2606, 2.543129
841.7427, 1.816666
842.2249, 2.217316
842.7070, 3.828941
843.1891, 4.312500
843.6712, 2.753189
844.1533, 1.090134
844.6354, 1.085403
845.1176, 2.346001
845.5997, 2.953430
846.0818, 2.397095
846.5639, 1.980690
847.0460, 1.750122
847.5281, 1.603096
848.0103, 1.462509
848.4924, 1.386223
848.9745, 1.459183
849.4566, 1.697388
849.9387, 2.063225
850.4208, 2.863220
850.9030, 3.474960
851.3851, 3.208893
851.8672, 2.401085
852.3493, 1.533226
852.8314, 0.8194960
853.3135, 0.7166140
853.7957, 1.698296
854.2778, 3.125107
854.7599, 3.463463
855.2420, 2.738228
855.7241, 2.161598
856.2062, 1.925941
856.6884, 1.433693
857.1705, 6.5352999E-02
857.6526, 1.320679
858.1347, 0.9421390
858.6168, 1.850372
859.0989, 3.458588
859.5811, 3.105759
860.0632, 2.523888
860.5453, 2.017952
861.0274, 1.648804
861.5095, 1.607613
861.9916, 1.797806
862.4738, 1.752777
862.9559, 0.9702530
863.4380, 0.5035630
863.9201, 1.534386
864.4022, 3.077454
864.8843, 3.979126
865.3665, 4.166168
865.8486, 3.659019
866.3307, 2.492264
866.8128, 1.392059
867.2949, 1.539192
867.7770, 2.585175
868.2592, 3.010658
868.7413, 2.813057
869.2234, 2.578651
869.7055, 2.495811
870.1876, 2.301910
870.6697, 1.681580
871.1519, 0.7592320
871.6340, 0.2609940
872.1161, 0.4455340
872.5981, 0.5555110
873.0803, 0.2670210
873.5624, 0.2180180
874.0445, 1.106499
874.5266, 2.267654
875.0087, 2.377350
875.4908, 1.144196
875.9730, 0.5162580
876.4551, 2.128326
876.9372, 3.572899
877.4193, 2.996758
877.9014, 1.554214
878.3835, 0.7436980
878.8657, 0.7486040
879.3478, 1.064308
879.8299, 1.449799
880.3120, 1.783180
880.7941, 1.845329
881.2762, 1.721779
881.7584, 1.634010
882.2405, 1.614151
882.7226, 1.907104
883.2047, 2.684074
883.6868, 3.315643
884.1689, 2.857109
884.6511, 1.353249
885.1332, 0.2276080
885.6153, 0.6275480
886.0974, 0.7506940
886.5795, 0.5036090
887.0616, 1.796783
887.5438, 2.003937
888.0259, 1.488884
888.5080, 1.375061
888.9901, 1.895836
889.4722, 2.317032
889.9543, 2.310715
890.4365, 2.423691
890.9186, 3.447556
891.4007, 4.499214
891.8828, 4.018074
892.3649, 2.024239
892.8470, 0.6193080
893.3292, 1.456367
893.8113, 2.792923
894.2934, 2.899254
894.7755, 2.366493
895.2576, 2.263138
895.7397, 2.613373
896.2219, 2.730019
896.7040, 2.244156
897.1861, 1.626495
897.6682, 1.599037
898.1503, 2.093124
898.6324, 2.624031
899.1146, 3.207733
899.5967, 3.557541
900.0788, 3.612152
900.5609, 3.257362
901.0430, 2.166801
901.5251, 0.6070710
902.0073, 0.3314820
902.4894, 2.396912
902.9715, 3.571045
903.4536, 3.211205
903.9357, 2.491676
904.4178, 1.721161
904.9000, 1.011955
905.3821, 0.5001600
905.8642, 0.1970900
906.3463, 0.1284410
906.8284, 0.3312990
907.3105, 0.7340770
907.7927, 1.654472
908.2748, 2.504890
908.7569, 2.536407
909.2390, 1.922134
909.7211, 1.396385
910.2032, 1.269447
910.6854, 1.407028
911.1675, 1.884232
911.6496, 2.434860
912.1317, 2.507599
912.6138, 2.248062
913.0959, 2.285042
913.5781, 2.786453
914.0602, 3.291389
914.5423, 3.393349
915.0244, 3.188263
915.5065, 3.349983
915.9886, 4.004166
916.4708, 3.977531
916.9529, 2.899925
917.4350, 2.038795
917.9171, 2.214218
918.3992, 2.764229
918.8813, 2.449371
919.3635, 1.070328
919.8456, 0.3872910
920.3277, 0.9711150
920.8098, 1.254852
921.2919, 0.4271700
921.7740, 0.3760910
922.2562, 0.1660610
922.7383, 0.7102200
923.2204, 1.221382
923.7025, 1.010605
924.1846, 0.6795880
924.6667, 7.0556998E-02
925.1489, 0.1342700
925.6310, 0.8843460
926.1131, 2.344269
926.5952, 3.271149
927.0773, 3.481445
927.5594, 3.164383
928.0416, 2.036041
928.5237, 1.063126
929.0058, 1.470726
929.4879, 2.425659
929.9700, 2.675713
930.4521, 2.177002
930.9343, 1.196495
931.4164, 0.1211780
931.8985, 1.201607
932.3806, 1.305969
932.8627, 0.6572950
933.3448, 0.1556550
933.8270, 1.098419
934.3091, 1.776596
934.7912, 2.098915
935.2733, 2.210854
935.7554, 2.201515
936.2375, 2.085312
936.7197, 1.873734
937.2018, 1.532272
937.6839, 1.300354
938.1660, 1.214745
938.6481, 1.147774
939.1302, 1.086639
939.6124, 0.9834210
940.0945, 0.6972350
940.5766, 0.2801740
941.0587, 0.2350390
941.5408, 0.8941420
942.0229, 1.397766
942.5051, 1.888130
942.9872, 2.013618
943.4693, 0.9500270
943.9514, 0.2674260
944.4335, 4.0436000E-02
944.9156, 1.952614
945.3978, 3.403229
945.8799, 3.426277
946.3620, 3.142174
946.8441, 3.079208
947.3262, 3.021355
947.8083, 2.698738
948.2905, 2.184967
948.7726, 1.697021
949.2547, 1.313339
949.7368, 1.054588
950.2189, 0.7774730
950.7010, 0.7509000
951.1832, 1.773064
951.6653, 3.247169
952.1474, 3.528008
952.6295, 2.496803
953.1116, 1.570023
953.5938, 1.679512
954.0759, 2.201530
954.5580, 1.996590
955.0400, 1.256393
955.5222, 1.028328
956.0043, 1.341110
956.4864, 1.887428
956.9685, 2.619896
957.4506, 3.035294
957.9327, 2.559547
958.4149, 1.463051
958.8970, 0.8961330
959.3791, 0.9133000
959.8612, 1.246414
960.3433, 2.100670
960.8254, 2.656662
961.3076, 2.394592
961.7897, 1.813568
962.2718, 1.574783
962.7539, 1.684341
963.2360, 1.814842
963.7181, 1.981476
964.2003, 2.144554
964.6824, 2.352989
965.1645, 2.501160
965.6466, 2.409966
966.1287, 2.269623
966.6108, 2.436119
967.0930, 2.972755
967.5751, 3.467041
968.0572, 4.041458
968.5393, 4.294724
969.0214, 3.818733
969.5035, 3.154480
969.9857, 2.971062
970.4678, 3.006607
970.9499, 2.297478
971.4320, 0.3816910
971.9141, 0.9847490
972.3962, 0.3096240
972.8784, 0.9038160
973.3605, 1.480820
973.8426, 1.622131
974.3247, 1.691284
974.8068, 1.754082
975.2889, 1.744026
975.7711, 1.635315
976.2532, 1.380539
976.7353, 0.5423130
977.2174, 0.2810750
977.6995, 0.4269560
978.1816, 2.168121
978.6638, 3.023743
979.1459, 2.502396
979.6280, 1.297592
980.1101, 0.1436390
980.5922, 1.358131
981.0743, 1.207741
981.5565, 0.1083980
982.0386, 1.521790
982.5207, 2.949127
983.0028, 4.026009
983.4849, 4.664421
983.9670, 4.773674
984.4492, 4.166168
984.9313, 3.047707
985.4134, 2.389084
985.8955, 2.234306
986.3776, 2.200867
986.8597, 2.208275
987.3419, 2.554222
987.8240, 3.575806
988.3061, 4.635643
988.7882, 4.723511
989.2703, 3.838783
989.7524, 3.543602
990.2346, 4.362251
990.7167, 4.835098
991.1988, 4.563103
991.6809, 4.178230
992.1630, 4.043236
992.6451, 4.043930
993.1273, 3.943581
993.6094, 3.696678
994.0915, 3.690636
994.5736, 4.327347
995.0557, 4.654114
995.5378, 4.065834
996.0200, 3.528023
996.5021, 3.964371
996.9842, 4.836777
997.4663, 4.920532
997.9484, 3.902534
998.4305, 3.251701
998.9127, 3.882523
999.3948, 4.266190
999.8769, 3.288513
1000.359, 2.142990
1000.841, 1.991310
1001.323, 2.642342
1001.805, 3.339096
1002.287, 3.907822
1002.770, 4.434708
1003.252, 5.159355
1003.734, 5.658745
1004.216, 5.495987
1004.698, 5.001289
1005.180, 4.413635
1005.662, 3.932434
1006.144, 4.052101
1006.627, 5.081505
1007.109, 6.044968
1007.591, 6.085236
1008.073, 5.681778
1008.555, 5.023064
1009.037, 4.490288
1009.519, 5.017067
1010.001, 6.504799
1010.483, 7.734787
1010.966, 7.984207
1011.448, 7.888786
1011.930, 8.135124
1012.412, 8.616608
1012.894, 9.231636
1013.376, 9.889320
1013.858, 10.26295
1014.340, 10.32243
1014.823, 10.48225
1015.305, 11.09721
1015.787, 11.84573
1016.269, 11.87370
1016.751, 11.25407
1017.233, 11.02603
1017.715, 11.21053
1018.197, 11.69215
1018.679, 12.42471
1019.162, 12.93789
1019.644, 12.78111
1020.126, 12.39075
1020.608, 12.98706
1021.090, 14.43798
1021.572, 14.77663
1022.054, 13.88963
1022.536, 13.24094
1023.018, 13.31256
1023.501, 13.59554
1023.983, 13.62002
1024.465, 13.53304
1024.947, 13.95898
1025.429, 15.01566
1025.911, 15.00365
1026.393, 13.62366
1026.875, 12.45442
1027.358, 12.04670
1027.840, 12.00739
1028.322, 12.02832
1028.804, 12.04437
1029.286, 11.79102
1029.768, 11.18678
1030.250, 10.34292
1030.732, 8.834320
1031.214, 8.294525
1031.697, 10.01216
1032.179, 11.62971
1032.661, 10.40550
1033.143, 7.106209
1033.625, 5.712341
1034.107, 7.290009
1034.589, 8.091118
1035.071, 7.851280
1035.553, 7.223839
1036.036, 6.028809
1036.518, 4.969528
1037.000, 4.924545
1037.482, 5.675392
1037.964, 5.955185
1038.446, 5.890411
1038.928, 4.957848
1039.410, 1.700119
1039.893, 0.3750690
1040.375, 1.007141
1040.857, 3.238625
1041.339, 3.719849
1041.821, 2.779686
1042.303, 2.183884
1042.785, 2.034302
1043.267, 2.087357
1043.750, 2.905128
1044.232, 3.211533
1044.714, 1.938370
1045.196, 0.4286270
1045.678, 5.4214001E-02
1046.160, 0.6330180
1046.642, 1.119865
1047.124, 1.482964
1047.606, 1.603104
1048.089, 1.025925
1048.571, 0.7380450
1049.053, 1.467400
1049.535, 2.458229
1050.017, 2.915894
1050.499, 2.876938
1050.981, 2.756157
1051.463, 2.630486
1051.945, 2.390045
1052.428, 1.873016
1052.910, 1.407524
1053.392, 1.183693
1053.874, 1.047676
1054.356, 0.6803130
1054.838, 0.2605510
1055.320, 0.5095060
1055.802, 1.887474
1056.285, 2.831055
1056.767, 2.790154
1057.249, 2.343155
1057.731, 1.152061
1058.213, 0.1762920
1058.695, 0.6790310
1059.177, 2.191071
1059.659, 3.120789
1060.141, 3.013214
1060.624, 2.740150
1061.106, 2.297493
1061.588, 2.135635
1062.070, 3.120598
1062.552, 3.986244
1063.034, 2.972008
1063.516, 0.8289720
1063.998, 8.3672002E-02
1064.480, 0.9873810
1064.963, 1.785362
1065.445, 0.8749690
1065.927, 2.9099001E-02
1066.409, 0.5570070
1066.891, 1.346893
1067.373, 1.092690
1067.855, 0.2070770
1068.337, 2.7953999E-02
1068.820, 0.7350770
1069.302, 1.286392
1069.784, 0.8523100
1070.266, 0.4003300
1070.748, 0.5594250
1071.230, 0.8261180
1071.712, 0.8312000
1072.194, 0.5298770
1072.677, 0.3686830
1073.159, 1.881874
1073.641, 2.359665
1074.123, 9.8784998E-02
1074.605, 2.109001
1075.087, 2.891296
1075.569, 2.967461
1076.051, 2.790306
1076.533, 2.465439
1077.016, 1.977516
1077.498, 1.377884
1077.980, 0.9821010
1078.462, 1.131561
1078.944, 1.271309
1079.426, 0.9706340
1079.908, 0.7074430
1080.390, 1.067635
1080.872, 1.632996
1081.354, 1.549049
1081.837, 0.8322830
1082.319, 0.6281810
1082.801, 1.857162
1083.283, 2.713921
1083.765, 1.853661
1084.247, 0.8367770
1084.729, 0.9077760
1085.211, 1.471245
1085.694, 1.629395
1086.176, 1.356926
1086.658, 1.246071
1087.140, 1.641502
1087.622, 1.830307
1088.104, 1.359840
1088.586, 0.9691240
1089.068, 1.164581
1089.551, 1.652702
1090.033, 2.274605
1090.515, 2.846657
1090.997, 2.871162
1091.479, 2.083084
1091.961, 1.366203
1092.443, 0.9871220
1092.925, 0.8481520
1093.407, 1.076149
1093.890, 1.378212
1094.372, 1.548149
1094.854, 1.542328
1095.336, 1.214676
1095.818, 0.4607160
1096.300, 0.1582490
1096.782, 1.027496
1097.264, 1.814514
1097.746, 2.027290
1098.229, 1.969330
1098.711, 1.633011
1099.193, 1.277962
1099.675, 1.466217
1100.157, 2.268761
1100.639, 2.632683
1101.121, 1.865463
1101.603, 1.250816
1102.086, 1.124123
1102.568, 1.260590
1103.050, 1.725510
1103.532, 2.245888
1104.014, 2.495529
1104.496, 2.450233
1104.978, 2.177292
1105.460, 1.574005
1105.943, 0.9340820
1106.425, 4.7568999E-02
1106.907, 0.6364360
1107.389, 0.2957000
1107.871, 0.4458240
1108.353, 1.251678
1108.835, 1.981873
1109.317, 2.082977
1109.799, 1.131493
1110.281, 0.5032880
1110.764, 0.2685240
1111.246, 0.4085690
1111.728, 1.338448
1112.210, 2.255470
1112.692, 2.511551
1113.174, 2.273758
1113.656, 1.905319
1114.138, 1.270256
1114.621, 1.132339
1115.103, 1.792366
1115.585, 2.476227
1116.067, 3.396126
1116.549, 3.851372
1117.031, 3.086365
1117.513, 1.880981
1117.995, 1.554054
1118.478, 2.120155
1118.960, 2.340599
1119.442, 1.918579
1119.924, 1.922600
1120.406, 2.913857
1120.888, 3.326553
1121.370, 2.202293
1121.852, 0.6148680
1122.334, 0.3124310
1122.817, 0.5824970
1123.299, 9.1353998E-02
1123.781, 1.432640
1124.263, 2.658867
1124.745, 3.661240
1125.227, 3.854263
1125.709, 2.789726
1126.191, 1.737328
1126.673, 1.811462
1127.156, 2.554077
1127.638, 2.885513
1128.120, 2.797760
1128.602, 2.448845
1129.084, 1.804657
1129.566, 1.246910
1130.048, 0.8446040
1130.530, 0.5397420
1131.013, 0.1977840
1131.495, 0.2367550
1131.977, 1.594887
1132.459, 3.690002
1132.941, 4.185570
1133.423, 3.187088
1133.905, 1.885658
1134.387, 0.4662780
1134.870, 0.2526780
1135.352, 5.1422000E-02
1135.834, 0.9447480
1136.316, 2.173431
1136.798, 3.268753
1137.280, 2.795341
1137.762, 3.567276
1138.244, 3.827957
1138.726, 3.380692
1139.208, 3.993462
1139.691, 3.088989
1140.173, 2.176453
1140.655, 2.200775
1141.137, 2.588829
1141.619, 2.616516
1142.101, 2.509865
1142.583, 3.046051
1143.065, 3.632973
1143.548, 2.376251
1144.030, 0.2279360
1144.512, 1.458878
1144.994, 0.3139190
1145.476, 1.358131
1145.958, 2.312027
1146.440, 2.804459
1146.922, 3.142235
1147.405, 3.134659
1147.887, 2.163506
1148.369, 0.8511120
1148.851, 0.2550890
1149.333, 0.5196990
1149.815, 1.161705
1150.297, 2.145287
1150.779, 2.958748
1151.261, 3.320358
1151.744, 3.381889
1152.226, 2.822166
1152.708, 2.338974
1153.190, 3.300415
1153.672, 5.016953
1154.154, 4.976524
1154.636, 2.254128
1155.118, 0.4287800
1155.600, 1.486786
1156.083, 2.329430
1156.565, 1.422607
1157.047, 0.4084010
1157.529, 0.4422150
1158.011, 1.143921
1158.493, 1.958580
1158.975, 2.846428
1159.457, 3.415810
1159.940, 3.389130
1160.422, 3.463913
1160.904, 3.673065
1161.386, 3.998672
1161.868, 4.887367
1162.350, 5.316460
1162.832, 3.955673
1163.314, 1.596275
1163.796, 0.8163910
1164.279, 1.996460
1164.761, 2.519104
1165.243, 2.301048
1165.725, 1.936958
1166.207, 1.419228
1166.689, 1.030830
1167.171, 0.9892810
1167.653, 1.268990
1168.135, 2.378487
1168.618, 4.019547
1169.100, 4.194496
1169.582, 2.931793
1170.064, 2.160423
1170.546, 2.046608
1171.028, 2.806175
1171.510, 4.516968
1171.992, 5.619911
1172.474, 4.761795
1172.957, 5.573845
1173.439, 3.446533
1173.921, 4.656967
1174.403, 4.070770
1174.885, 2.255219
1175.367, 1.248413
1175.849, 1.272079
1176.331, 1.459381
1176.814, 1.435852
1177.296, 1.681076
1177.778, 3.039246
1178.260, 4.316765
1178.742, 3.577240
1179.224, 2.310379
1179.706, 3.014267
1180.188, 4.615883
1180.671, 4.423241
1181.153, 2.390114
1181.635, 1.003784
1182.117, 1.437912
1182.599, 2.230049
1183.081, 3.161461
1183.563, 3.529083
1184.045, 2.112892
1184.527, 0.5929640
1185.010, 0.8636930
1185.492, 2.300072
1185.974, 3.234833
1186.456, 3.421547
1186.938, 3.462143
1187.420, 3.258820
1187.902, 3.212456
1188.384, 3.760918
1188.866, 4.004219
1189.349, 3.169754
1189.831, 2.231186
1190.313, 2.275291
1190.795, 3.043861
1191.277, 3.520187
1191.759, 3.654884
1192.241, 3.682083
1192.723, 3.528854
1193.206, 3.507927
1193.688, 3.723419
1194.170, 3.777634
1194.652, 3.406082
1195.134, 2.892563
1195.616, 2.605202
1196.098, 2.548759
1196.580, 2.893242
1197.063, 3.525375
1197.545, 3.717247
1198.027, 3.457413
1198.509, 3.073929
1198.991, 2.708809
1199.473, 2.951515
1199.955, 4.328117
1200.437, 5.505150
1200.919, 3.994751
1201.401, 1.637489
1201.884, 1.968636
1202.366, 3.652618
1202.848, 4.405197
1203.330, 4.111145
1203.812, 3.638954
1204.294, 3.245399
1204.776, 2.466003
1205.258, 0.5959400
1205.741, 0.8657000
1206.223, 0.7878880
1206.705, 0.1123660
1207.187, 0.8669590
1207.669, 1.714035
1208.151, 1.777184
1208.633, 1.296028
1209.115, 1.205612
1209.598, 1.760361
1210.080, 2.140945
1210.562, 2.132751
1211.044, 2.084061
1211.526, 2.019196
1212.008, 1.976944
1212.490, 1.996292
1212.972, 2.095894
1213.454, 2.370461
1213.937, 2.726784
1214.419, 2.708076
1214.901, 2.244888
1215.383, 1.678925
1215.865, 0.9368060
1216.347, 0.6357420
1216.829, 0.9721300
1217.311, 1.246193
1217.793, 1.033768
1218.276, 0.6894530
1218.758, 0.7060010
1219.240, 0.6136930
1219.722, 0.9169540
1220.204, 0.7221150
1220.686, 0.7352600
1221.168, 0.9938810
1221.650, 1.644920
1222.133, 2.613113
1222.615, 3.368324
1223.097, 3.661980
1223.579, 3.213257
1224.061, 0.6192250
1224.543, 1.615814
1225.025, 0.1285780
1225.507, 2.391029
1225.990, 2.515686
1226.472, 1.169724
1226.954, 0.9202350
1227.436, 2.039749
1227.918, 2.463036
1228.400, 0.8348160
1228.882, 4.3602001E-02
1229.364, 1.576141
1229.846, 2.993530
1230.328, 3.447266
1230.811, 3.323761
1231.293, 2.678490
1231.775, 1.844978
1232.257, 1.432716
1232.739, 1.440872
1233.221, 1.658951
1233.703, 2.072533
1234.185, 2.948013
1234.668, 4.564560
1235.150, 4.859772
1235.632, 2.964813
1236.114, 1.378906
1236.596, 2.136292
1237.078, 3.925095
1237.560, 4.640015
1238.042, 4.449287
1238.525, 3.678322
1239.007, 2.536575
1239.489, 1.491508
1239.971, 0.7416840
1240.453, 0.8852230
1240.935, 1.951714
1241.417, 2.802048
1241.899, 2.706261
1242.381, 2.284477
1242.864, 1.651672
1243.346, 1.316574
1243.828, 1.949326
1244.310, 2.915161
1244.792, 3.759140
1245.274, 4.244392
1245.756, 3.541679
1246.238, 1.907227
1246.720, 1.408386
1247.203, 3.944962
1247.685, 4.996162
1248.167, 3.049950
1248.649, 1.433907
1249.131, 1.347870
1249.613, 1.573784
1250.095, 1.140556
1250.577, 0.4731370
1251.059, 0.3773040
1251.542, 0.8442610
1252.024, 2.027771
1252.506, 3.921021
1252.988, 3.600502
1253.470, 0.9899980
1253.952, 0.1492840
1254.434, 1.259964
1254.916, 2.543030
1255.399, 2.358040
1255.881, 1.734383
1256.363, 2.177063
1256.845, 2.102165
1257.327, 2.993469
1257.809, 2.751137
1258.291, 3.228287
1258.773, 4.009010
1259.255, 3.911377
1259.738, 2.836174
1260.220, 1.865509
1260.702, 1.339851
1261.184, 1.071869
1261.666, 0.9265290
1262.148, 1.127213
1262.630, 2.326073
1263.112, 3.302124
1263.594, 3.061836
1264.077, 2.153961
1264.559, 1.251053
1265.041, 0.4046940
1265.523, 7.0029996E-02
1266.005, 0.2566830
1266.487, 1.157722
1266.969, 2.970726
1267.451, 3.369278
1267.934, 1.749954
1268.416, 0.1429060
1268.898, 0.3104710
1269.380, 2.9076001E-02
1269.862, 0.9015810
1270.344, 2.001099
1270.826, 2.254990
1271.308, 2.087257
1271.791, 2.273651
1272.273, 2.708336
1272.755, 3.199844
1273.237, 3.581100
1273.719, 3.395233
1274.201, 2.444786
1274.683, 1.673653
1275.165, 1.780922
1275.647, 1.679253
1276.130, 0.6258090
1276.612, 0.1821590
1277.094, 1.1803000E-02
1277.576, 0.7730180
1278.058, 1.093323
1278.540, 1.071945
1279.022, 1.111115
1279.504, 1.199600
1279.986, 1.639183
1280.469, 1.405067
1280.951, 2.253311
1281.433, 0.9125980
1281.915, 0.1181410
1282.397, 0.3899840
1282.879, 0.8642040
1283.361, 0.9833150
1283.843, 0.7874070
1284.326, 0.4584880
1284.808, 0.0000000E+00
##END=



