##NAMES=Metavoltine
##RRUFFID=R070542
##IDEAL CHEMISTRY=K_2_Na_6_Fe^2+^Fe^3+^_6_O_2_(S^6+^O_4_)_12_&#183;18H_2_O
##LOCALITY=Vulcano Island. Lipari Islands, Messina Province, Sicily, Italy
##OWNER=RRUFF
##SOURCE=James Shigley
##DESCRIPTION=Dark yellow granular crystals
##STATUS=The identification of this mineral has been made only by X-ray diffraction.
##URL=rruff.info/R070542
159.9693, 0.0000000E+00
160.4514, 5.891724
160.9335, 7.915161
161.4157, 8.019165
161.8978, 9.111572
162.3799, 17.22510
162.8620, 42.40857
163.3441, 53.75012
163.8262, 40.02197
164.3084, 18.29370
164.7905, 7.824341
165.2726, 14.31274
165.7547, 28.52795
166.2368, 32.73145
166.7189, 22.32947
167.2011, 20.42078
167.6832, 29.92944
168.1653, 32.84412
168.6474, 36.48962
169.1295, 37.67322
169.6116, 35.23816
170.0938, 28.72937
170.5759, 15.42236
171.0580, 5.681274
171.5401, 2.719360
172.0222, 3.543091
172.5043, 4.840820
172.9865, 5.850342
173.4686, 5.610962
173.9507, 1.009277
174.4328, 11.61365
174.9149, 17.46448
175.3970, 6.576538
175.8792, 10.99548
176.3613, 18.11023
176.8434, 8.087524
177.3255, 7.427612
177.8076, 6.627319
178.2897, 14.66858
178.7719, 30.68213
179.2540, 29.40735
179.7361, 20.03882
180.2182, 18.48486
180.7003, 30.33179
181.1824, 47.59265
181.6646, 55.34448
182.1467, 51.03125
182.6288, 53.62537
183.1109, 76.34375
183.5930, 107.8901
184.0751, 128.2662
184.5573, 130.7747
185.0394, 124.4327
185.5215, 121.6108
186.0036, 122.2010
186.4857, 123.7869
186.9678, 124.9658
187.4500, 126.7441
187.9321, 131.6700
188.4142, 141.2120
188.8963, 151.6194
189.3784, 157.8044
189.8605, 160.1311
190.3427, 160.0168
190.8248, 155.8523
191.3069, 149.8879
191.7890, 146.8658
192.2711, 148.7855
192.7532, 151.1511
193.2354, 145.9528
193.7175, 133.2356
194.1996, 125.3589
194.6817, 129.2053
195.1638, 139.8739
195.6459, 150.0968
196.1281, 159.6475
196.6102, 164.9495
197.0923, 158.9568
197.5744, 142.8977
198.0565, 127.6986
198.5386, 116.4353
199.0207, 108.1145
199.5029, 100.6946
199.9850, 93.24341
200.4671, 72.39746
200.9492, 92.96130
201.4313, 104.7705
201.9134, 108.2963
202.3956, 78.69971
202.8777, 91.89844
203.3598, 87.96069
203.8419, 83.33105
204.3240, 102.5814
204.8061, 77.85522
205.2883, 96.74805
205.7704, 98.24438
206.2525, 107.7207
206.7346, 99.95532
207.2167, 97.52893
207.6988, 112.3690
208.1810, 117.6637
208.6631, 107.9508
209.1452, 117.9932
209.6273, 92.78088
210.1094, 98.55090
210.5915, 117.6863
211.0737, 108.9172
211.5558, 119.3622
212.0379, 122.5430
212.5200, 111.1117
213.0021, 119.5121
213.4842, 125.9261
213.9664, 131.3052
214.4485, 133.5438
214.9306, 127.0374
215.4127, 111.1118
215.8948, 99.85437
216.3769, 105.8003
216.8591, 124.8302
217.3412, 140.7662
217.8233, 153.7450
218.3054, 161.6747
218.7875, 159.4393
219.2696, 147.4065
219.7518, 136.9463
220.2339, 134.3065
220.7160, 139.2170
221.1981, 147.9749
221.6802, 165.7654
222.1623, 182.7186
222.6445, 189.8439
223.1266, 188.4957
223.6087, 188.9541
224.0908, 198.3749
224.5729, 212.6284
225.0550, 219.2295
225.5371, 211.9907
226.0193, 205.3300
226.5014, 209.4325
226.9835, 221.7681
227.4656, 231.0961
227.9477, 230.8566
228.4298, 225.9949
228.9120, 229.0496
229.3941, 244.4850
229.8762, 258.5792
230.3583, 262.8827
230.8404, 260.9238
231.3225, 262.8846
231.8047, 274.1566
232.2868, 287.7084
232.7689, 288.9312
233.2510, 273.6101
233.7331, 263.7118
234.2152, 267.9120
234.6974, 281.5825
235.1795, 298.0626
235.6616, 317.0552
236.1437, 333.9193
236.6258, 337.7378
237.1079, 323.9358
237.5901, 317.6270
238.0722, 329.8053
238.5543, 349.9100
239.0364, 364.7283
239.5185, 371.2600
240.0006, 373.2965
240.4828, 375.0514
240.9649, 376.4463
241.4470, 378.0780
241.9291, 377.9777
242.4112, 379.3252
242.8933, 386.4723
243.3755, 399.7587
243.8576, 413.5031
244.3397, 421.6324
244.8218, 422.6924
245.3039, 427.9115
245.7860, 439.3602
246.2682, 453.2109
246.7503, 467.0367
247.2324, 480.7291
247.7145, 495.5682
248.1966, 513.2500
248.6787, 533.9551
249.1608, 548.2134
249.6430, 546.6123
250.1251, 548.6489
250.6072, 569.6687
251.0893, 602.7041
251.5714, 626.5635
252.0535, 625.7202
252.5357, 604.0869
253.0178, 600.3125
253.4999, 627.7456
253.9820, 655.3553
254.4641, 677.2109
254.9462, 693.6750
255.4284, 704.2349
255.9105, 707.9907
256.3926, 708.9705
256.8747, 720.6514
257.3568, 757.2438
257.8390, 788.0161
258.3211, 806.3843
258.8032, 820.5200
259.2853, 839.3245
259.7674, 865.5463
260.2495, 893.7654
260.7316, 915.3726
261.2137, 922.1448
261.6959, 935.7260
262.1780, 953.6992
262.6601, 979.5076
263.1422, 1021.259
263.6243, 1076.958
264.1064, 1133.652
264.5886, 1177.314
265.0707, 1208.176
265.5528, 1228.105
266.0349, 1225.034
266.5170, 1223.226
266.9991, 1242.157
267.4813, 1276.855
267.9634, 1303.749
268.4455, 1298.057
268.9276, 1256.721
269.4097, 1226.029
269.8918, 1226.497
270.3740, 1218.849
270.8561, 1187.860
271.3382, 1139.250
271.8203, 1086.617
272.3024, 1038.053
272.7845, 993.2773
273.2667, 950.2472
273.7488, 911.1328
274.2309, 870.8724
274.7130, 830.5018
275.1951, 787.7324
275.6772, 737.9606
276.1594, 677.4956
276.6415, 614.3933
277.1236, 566.7520
277.6057, 539.8807
278.0878, 513.1113
278.5699, 479.2058
279.0521, 444.0759
279.5342, 412.6174
280.0163, 386.1545
280.4984, 362.2010
280.9805, 336.8514
281.4626, 309.6412
281.9448, 288.0319
282.4269, 278.6359
282.9090, 271.4609
283.3911, 257.7711
283.8732, 237.3055
284.3553, 217.9196
284.8375, 206.2699
285.3196, 200.7793
285.8017, 193.6277
286.2838, 183.7576
286.7659, 171.9788
287.2480, 155.5303
287.7302, 136.5779
288.2123, 124.8768
288.6944, 132.5325
289.1765, 147.1515
289.6586, 145.1335
290.1407, 122.4941
290.6229, 99.98267
291.1050, 95.15039
291.5871, 101.8776
292.0692, 102.4866
292.5513, 89.79102
293.0334, 73.80786
293.5156, 60.64954
293.9977, 50.59509
294.4798, 45.58215
294.9619, 47.29553
295.4440, 54.31873
295.9261, 62.24268
296.4083, 73.55444
296.8904, 82.02795
297.3725, 85.43152
297.8546, 83.91492
298.3367, 77.13208
298.8188, 64.41235
299.3010, 49.10791
299.7831, 36.74646
300.2652, 25.34985
300.7473, 21.68677
301.2294, 33.69580
301.7115, 49.73059
302.1937, 58.13062
302.6758, 57.13440
303.1579, 53.38757
303.6400, 53.36829
304.1221, 58.06750
304.6042, 60.43201
305.0864, 63.43323
305.5685, 62.28809
306.0506, 49.86768
306.5327, 30.07434
307.0148, 15.25989
307.4969, 15.40332
307.9791, 28.47742
308.4612, 31.71252
308.9433, 7.928955
309.4254, 6.447510
309.9075, 1.627808
310.3896, 20.48108
310.8717, 34.98291
311.3539, 38.29333
311.8360, 34.20691
312.3181, 30.53931
312.8002, 26.02881
313.2823, 24.38599
313.7644, 31.47058
314.2466, 37.38977
314.7287, 33.11633
315.2108, 17.81116
315.6929, 0.1781010
316.1750, 11.34485
316.6571, 16.80371
317.1393, 15.26611
317.6214, 1.800171
318.1035, 17.61902
318.5856, 25.22693
319.0677, 24.70874
319.5498, 17.39661
320.0320, 2.290771
320.5141, 27.49512
320.9962, 34.66284
321.4783, 16.40710
321.9604, 1.748657
322.4425, 4.995483
322.9247, 0.1939700
323.4068, 5.464966
323.8889, 9.069580
324.3710, 11.41138
324.8531, 13.08496
325.3352, 14.09705
325.8174, 13.56311
326.2995, 10.13098
326.7816, 5.829102
327.2637, 4.333618
327.7458, 6.486328
328.2279, 7.669678
328.7101, 5.673828
329.1922, 1.225220
329.6743, 4.927246
330.1564, 13.08838
330.6385, 20.06372
331.1206, 21.32642
331.6028, 15.91077
332.0849, 12.70032
332.5670, 15.62378
333.0491, 18.46960
333.5312, 15.24133
334.0133, 7.261841
334.4955, 7.2144002E-02
334.9776, 2.787598
335.4597, 1.036987
335.9418, 1.054077
336.4239, 2.169312
336.9060, 5.056274
337.3882, 12.15393
337.8703, 20.99976
338.3524, 28.58398
338.8345, 34.37207
339.3166, 37.43921
339.7987, 35.63672
340.2809, 25.02661
340.7630, 17.64954
341.2451, 14.99792
341.7272, 14.26147
342.2093, 12.97021
342.6914, 11.45776
343.1736, 11.92334
343.6557, 18.10657
344.1378, 30.72620
344.6199, 38.54773
345.1020, 36.76416
345.5841, 35.40381
346.0663, 39.77612
346.5484, 47.11267
347.0305, 51.89526
347.5126, 50.95361
347.9947, 46.88245
348.4768, 45.09338
348.9590, 46.65100
349.4411, 46.26489
349.9232, 40.41174
350.4053, 32.36792
350.8874, 24.13245
351.3695, 15.06323
351.8517, 10.44360
352.3338, 19.51648
352.8159, 37.49731
353.2980, 44.14331
353.7801, 31.61218
354.2622, 14.45959
354.7444, 10.70349
355.2265, 18.74927
355.7086, 24.52722
356.1907, 21.98511
356.6728, 17.49158
357.1549, 17.59973
357.6371, 22.40588
358.1192, 28.72217
358.6013, 35.69604
359.0834, 42.24353
359.5655, 40.33618
360.0476, 19.26843
360.5297, 3.512085
361.0118, 5.090088
361.4940, 15.23047
361.9761, 20.28467
362.4582, 15.18298
362.9403, 5.148071
363.4224, 0.6983640
363.9045, 0.4003910
364.3867, 0.4932860
364.8688, 0.6983640
365.3509, 2.422974
365.8330, 8.818604
366.3151, 18.59485
366.7972, 26.75842
367.2794, 28.71130
367.7615, 25.24365
368.2436, 21.00562
368.7257, 14.30298
369.2078, 9.053711
369.6899, 6.014160
370.1721, 5.046753
370.6542, 6.315186
371.1363, 10.21985
371.6184, 14.97900
372.1005, 18.19336
372.5826, 19.82275
373.0648, 20.52417
373.5469, 20.49292
374.0290, 18.77917
374.5111, 15.02246
374.9932, 9.680664
375.4753, 5.496338
375.9575, 0.6938480
376.4396, 2.727661
376.9217, 0.1489260
377.4038, 9.289917
377.8859, 20.60278
378.3680, 31.26013
378.8502, 40.80786
379.3323, 43.35364
379.8144, 31.71973
380.2965, 18.83606
380.7786, 10.73914
381.2607, 6.408447
381.7429, 4.271851
382.2250, 3.825806
382.7071, 4.836060
383.1892, 7.023071
383.6713, 13.70374
384.1534, 15.83252
384.6356, 7.340454
385.1177, 1.265503
385.5998, 0.7673340
386.0819, 8.125366
386.5640, 16.99243
387.0461, 17.82812
387.5283, 10.99500
388.0104, 9.112793
388.4925, 17.62451
388.9746, 24.31067
389.4567, 27.53503
389.9388, 26.90222
390.4210, 20.34937
390.9031, 6.346924
391.3852, 7.780029
391.8673, 9.895142
392.3494, 1.295532
392.8315, 9.404541
393.3137, 9.961548
393.7958, 8.286865
394.2779, 9.836548
394.7600, 13.97351
395.2421, 14.41699
395.7242, 2.540039
396.2064, 12.97119
396.6885, 16.43396
397.1706, 6.572510
397.6527, 6.045044
398.1348, 17.39136
398.6169, 25.67322
399.0991, 25.55994
399.5812, 8.027588
400.0633, 5.754395
400.5454, 4.258789
401.0275, 5.518677
401.5096, 11.97119
401.9918, 11.54993
402.4739, 8.925293
402.9560, 11.24524
403.4381, 22.65552
403.9202, 24.70825
404.4023, 8.027466
404.8845, 7.966187
405.3666, 12.89062
405.8487, 8.978027
406.3308, 3.582886
406.8129, 1.248169
407.2950, 1.036255
407.7772, 0.7592770
408.2592, 6.356567
408.7414, 8.821533
409.2235, 1.813843
409.7056, 5.483887
410.1877, 3.665283
410.6698, 8.352173
411.1519, 19.99219
411.6341, 19.20740
412.1162, 9.112793
412.5983, 7.667603
413.0804, 19.46204
413.5625, 33.23291
414.0446, 42.74976
414.5268, 48.08521
415.0089, 48.07568
415.4910, 37.72058
415.9731, 26.71375
416.4552, 21.32825
416.9373, 21.10388
417.4195, 25.37976
417.9016, 34.44397
418.3837, 45.40466
418.8658, 54.49341
419.3479, 62.53687
419.8300, 66.69458
420.3122, 62.83203
420.7943, 57.80273
421.2764, 56.59155
421.7585, 59.42908
422.2406, 63.83374
422.7227, 68.18579
423.2049, 72.33862
423.6870, 74.72815
424.1691, 73.02185
424.6512, 72.63416
425.1333, 70.80249
425.6154, 72.54639
426.0976, 85.92859
426.5797, 111.9774
427.0618, 136.9861
427.5439, 145.1177
428.0260, 137.6562
428.5081, 130.4463
428.9903, 120.5077
429.4724, 118.4635
429.9545, 135.6090
430.4366, 165.5293
430.9187, 194.4612
431.4008, 223.6075
431.8830, 245.7616
432.3651, 250.3252
432.8472, 241.2548
433.3293, 235.5631
433.8114, 240.0492
434.2935, 248.3446
434.7757, 249.1898
435.2578, 237.6962
435.7399, 234.5371
436.2220, 247.4136
436.7041, 263.6165
437.1862, 275.0471
437.6684, 281.4481
438.1505, 285.4989
438.6326, 288.6825
439.1147, 291.4991
439.5968, 296.6906
440.0789, 308.0457
440.5611, 315.6628
441.0432, 315.7021
441.5253, 313.5227
442.0074, 312.4530
442.4895, 313.4260
442.9716, 317.2097
443.4538, 327.0444
443.9359, 341.5867
444.4180, 351.3907
444.9001, 354.6941
445.3822, 356.4697
445.8643, 360.5940
446.3465, 365.1091
446.8286, 366.1140
447.3107, 361.1229
447.7928, 355.3738
448.2749, 351.2806
448.7570, 349.0664
449.2392, 350.1791
449.7213, 356.0886
450.2034, 361.7789
450.6855, 358.9219
451.1676, 344.8870
451.6497, 334.8038
452.1319, 336.2350
452.6140, 333.8024
453.0961, 319.6566
453.5782, 296.1803
454.0603, 266.3964
454.5424, 232.3442
455.0246, 199.1533
455.5067, 177.4248
455.9888, 171.3501
456.4709, 163.3263
456.9530, 149.2598
457.4351, 134.4113
457.9172, 119.8135
458.3994, 106.7379
458.8815, 97.58472
459.3636, 94.49402
459.8457, 95.59033
460.3278, 99.73157
460.8099, 107.4331
461.2921, 107.7745
461.7742, 90.86218
462.2563, 67.79077
462.7384, 60.46899
463.2205, 74.31482
463.7026, 85.68359
464.1848, 84.82751
464.6669, 79.24622
465.1490, 79.08923
465.6311, 85.05664
466.1132, 93.18958
466.5953, 99.19507
467.0775, 103.5172
467.5596, 103.4508
468.0417, 92.05151
468.5238, 85.08008
469.0059, 84.79333
469.4880, 86.99915
469.9702, 84.56946
470.4523, 76.91272
470.9344, 71.76453
471.4165, 80.12817
471.8986, 100.0880
472.3807, 110.1219
472.8629, 106.0551
473.3450, 100.2054
473.8271, 99.01184
474.3092, 100.9788
474.7913, 103.7606
475.2734, 106.3059
475.7556, 110.1566
476.2377, 117.0310
476.7198, 125.5800
477.2019, 134.5156
477.6840, 143.6265
478.1661, 148.6099
478.6483, 143.2810
479.1304, 125.8846
479.6125, 119.0535
480.0946, 132.3202
480.5767, 143.8660
481.0588, 145.6541
481.5410, 141.4478
482.0231, 135.8337
482.5052, 130.6725
482.9873, 127.9795
483.4694, 131.5159
483.9515, 142.2418
484.4337, 152.3015
484.9158, 165.1106
485.3979, 172.1569
485.8800, 164.7659
486.3621, 149.4469
486.8442, 140.3162
487.3264, 143.5554
487.8085, 152.1672
488.2906, 162.5977
488.7727, 173.3970
489.2548, 177.6689
489.7369, 172.4344
490.2191, 164.0920
490.7012, 159.9995
491.1833, 160.8407
491.6654, 163.3958
492.1475, 169.5374
492.6296, 175.5068
493.1118, 180.5037
493.5939, 183.7820
494.0760, 183.2218
494.5581, 177.8590
495.0402, 171.3958
495.5223, 170.4999
496.0045, 176.2554
496.4866, 183.2908
496.9687, 194.7469
497.4508, 203.7880
497.9329, 205.5381
498.4150, 202.3279
498.8972, 200.0305
499.3793, 201.5823
499.8614, 204.3135
500.3435, 206.3673
500.8256, 207.3142
501.3077, 203.1027
501.7899, 190.2983
502.2720, 177.9945
502.7541, 179.3547
503.2362, 197.9014
503.7183, 208.8824
504.2004, 205.8478
504.6826, 200.8224
505.1647, 200.5004
505.6468, 202.9867
506.1289, 203.9735
506.6110, 201.5603
507.0931, 196.6641
507.5752, 190.3859
508.0573, 181.9651
508.5395, 175.4062
509.0216, 174.3147
509.5037, 171.4847
509.9858, 161.3518
510.4679, 146.9753
510.9500, 135.7682
511.4322, 131.7981
511.9143, 130.1797
512.3964, 125.2598
512.8785, 117.9608
513.3607, 114.2987
513.8428, 117.6792
514.3249, 118.3153
514.8070, 102.2263
515.2891, 65.34473
515.7712, 41.99268
516.2534, 37.89624
516.7355, 40.76501
517.2176, 50.93420
517.6997, 62.77637
518.1818, 68.15308
518.6639, 63.96545
519.1461, 53.50684
519.6282, 39.55493
520.1103, 20.81433
520.5924, 7.682617
521.0745, 4.063599
521.5566, 17.14941
522.0388, 1.655762
522.5209, 11.73706
523.0030, 13.56226
523.4851, 17.60693
523.9672, 6.164917
524.4493, 11.79297
524.9315, 18.12073
525.4136, 0.6771240
525.8957, 27.03748
526.3778, 9.972290
526.8599, 14.79517
527.3420, 8.667847
527.8242, 1.403076
528.3063, 11.05701
528.7884, 19.67004
529.2705, 21.10986
529.7526, 18.11450
530.2347, 13.21704
530.7169, 7.300781
531.1990, 1.023315
531.6810, 6.110352
532.1631, 13.64026
532.6453, 16.59485
533.1274, 15.54504
533.6095, 8.321899
534.0916, 13.54248
534.5737, 39.23950
535.0558, 51.87463
535.5380, 45.86792
536.0201, 41.37061
536.5022, 50.87183
536.9843, 65.45349
537.4664, 72.25403
537.9485, 70.93823
538.4307, 70.96680
538.9128, 79.75977
539.3949, 94.44141
539.8770, 101.3220
540.3591, 95.39429
540.8412, 89.21082
541.3234, 79.76599
541.8055, 73.47034
542.2876, 75.58289
542.7697, 85.50757
543.2518, 99.03174
543.7339, 116.7460
544.2161, 133.7926
544.6982, 138.5332
545.1803, 130.7960
545.6624, 123.1160
546.1445, 117.4578
546.6266, 117.1277
547.1088, 130.5546
547.5909, 160.3113
548.0730, 179.9200
548.5551, 178.4198
549.0372, 173.3744
549.5193, 176.2307
550.0015, 183.8319
550.4836, 187.5260
550.9657, 183.5869
551.4478, 176.8425
551.9299, 176.2710
552.4120, 183.9821
552.8942, 185.3867
553.3763, 170.1150
553.8584, 158.4709
554.3405, 171.4734
554.8226, 180.5214
555.3047, 185.8019
555.7869, 177.4119
556.2690, 185.6183
556.7511, 186.5293
557.2332, 186.6975
557.7153, 195.9233
558.1974, 187.1504
558.6796, 195.3029
559.1617, 196.0547
559.6438, 192.4425
560.1259, 188.1396
560.6080, 169.6973
561.0901, 156.7102
561.5723, 155.7640
562.0544, 157.8352
562.5365, 153.7946
563.0186, 143.8138
563.5007, 136.1204
563.9828, 138.0579
564.4650, 146.2395
564.9471, 152.4709
565.4292, 156.6376
565.9113, 160.4529
566.3934, 165.5121
566.8755, 168.8942
567.3577, 164.8202
567.8398, 152.1895
568.3219, 143.8044
568.8040, 146.6742
569.2861, 149.3037
569.7682, 141.6320
570.2504, 128.6396
570.7325, 122.5193
571.2146, 127.9927
571.6967, 136.1981
572.1788, 135.1903
572.6609, 124.1140
573.1431, 109.2894
573.6252, 83.39905
574.1073, 64.94080
574.5894, 68.09509
575.0715, 83.42700
575.5536, 96.70801
576.0358, 106.7618
576.5179, 111.3663
577.0000, 104.6295
577.4821, 92.82153
577.9642, 85.95947
578.4464, 84.68396
578.9285, 83.74304
579.4106, 79.82178
579.8927, 74.45667
580.3748, 67.01648
580.8569, 54.26990
581.3391, 45.18188
581.8212, 42.06299
582.3033, 40.76038
582.7854, 40.84167
583.2675, 43.18115
583.7496, 45.93555
584.2318, 52.02759
584.7139, 58.45154
585.1960, 63.82788
585.6781, 67.68250
586.1602, 67.23438
586.6423, 61.00183
587.1245, 53.17688
587.6066, 48.14148
588.0887, 46.16895
588.5708, 45.10168
589.0529, 44.06250
589.5350, 43.13733
590.0172, 43.52014
590.4993, 44.17725
590.9814, 42.52527
591.4635, 39.08972
591.9456, 39.42468
592.4277, 50.86865
592.9099, 68.24475
593.3920, 73.08557
593.8741, 63.63696
594.3562, 56.19141
594.8383, 57.40881
595.3204, 63.32971
595.8026, 68.47620
596.2847, 73.38318
596.7668, 74.94385
597.2489, 67.91895
597.7310, 61.82385
598.2131, 65.87085
598.6953, 74.93982
599.1774, 77.25134
599.6595, 68.23621
600.1416, 55.86230
600.6237, 52.08801
601.1058, 57.33667
601.5880, 60.93188
602.0701, 61.97217
602.5522, 62.84277
603.0343, 66.28064
603.5164, 69.75464
603.9985, 68.89172
604.4807, 62.01013
604.9628, 55.26440
605.4449, 47.20087
605.9270, 43.03918
606.4091, 52.15863
606.8912, 71.28418
607.3734, 86.92474
607.8555, 91.46582
608.3376, 87.25177
608.8197, 77.55872
609.3018, 58.31116
609.7839, 48.55768
610.2661, 56.07300
610.7482, 65.81805
611.2303, 72.89502
611.7124, 76.02502
612.1945, 71.13690
612.6766, 51.60846
613.1588, 36.83893
613.6409, 45.07916
614.1230, 63.80426
614.6051, 74.21783
615.0872, 73.51196
615.5693, 64.02740
616.0515, 45.58258
616.5336, 22.81335
617.0157, 14.12451
617.4978, 28.18427
617.9799, 38.61859
618.4620, 41.84125
618.9442, 41.71924
619.4263, 37.86804
619.9084, 32.28723
620.3905, 30.67957
620.8726, 39.02161
621.3547, 45.78046
621.8369, 37.43091
622.3190, 19.97076
622.8011, 6.909119
623.2832, 0.9606320
623.7653, 0.1931150
624.2474, 3.767517
624.7296, 10.89716
625.2117, 15.57001
625.6938, 17.08545
626.1759, 17.08997
626.6580, 15.92206
627.1401, 13.34698
627.6223, 6.481567
628.1044, 2.461548
628.5865, 4.971680
629.0686, 8.348572
629.5507, 23.13538
630.0328, 19.68799
630.5149, 3.923218
630.9970, 4.192505
631.4791, 0.2745360
631.9612, 8.014343
632.4434, 10.43140
632.9255, 7.701233
633.4076, 3.282898
633.8897, 6.158875
634.3718, 12.57153
634.8539, 15.25427
635.3361, 14.45312
635.8182, 8.808411
636.3003, 0.5916750
636.7824, 9.441589
637.2645, 17.39703
637.7466, 21.32556
638.2288, 12.10974
638.7109, 5.368530
639.1930, 9.884155
639.6751, 4.970703
640.1572, 22.50708
640.6393, 25.51495
641.1215, 14.48383
641.6036, 7.198853
642.0857, 3.396179
642.5678, 4.009583
643.0499, 14.65253
643.5320, 25.63220
644.0142, 29.21826
644.4963, 25.25940
644.9784, 17.77026
645.4605, 5.535889
645.9426, 5.526001
646.4247, 6.386597
646.9069, 0.8767700
647.3890, 7.247253
647.8711, 11.07458
648.3532, 11.20703
648.8353, 5.294312
649.3174, 6.177063
649.7996, 11.00922
650.2817, 2.892395
650.7638, 3.129639
651.2459, 1.605469
651.7280, 4.8218001E-02
652.2101, 6.433105
652.6923, 19.25702
653.1744, 27.07074
653.6565, 20.78436
654.1386, 10.66406
654.6207, 6.797668
655.1028, 8.382874
655.5850, 14.87225
656.0671, 26.13489
656.5492, 34.63763
657.0313, 32.42346
657.5134, 20.87292
657.9955, 15.03998
658.4777, 14.80121
658.9598, 20.71960
659.4419, 43.99933
659.9240, 63.77875
660.4061, 60.74414
660.8882, 39.77740
661.3704, 24.29187
661.8525, 26.13922
662.3346, 33.98309
662.8167, 41.29657
663.2988, 46.42383
663.7809, 44.12152
664.2631, 33.98260
664.7452, 23.45789
665.2273, 18.67999
665.7094, 18.82825
666.1915, 20.11609
666.6736, 22.89703
667.1558, 26.09674
667.6379, 30.32269
668.1200, 34.21436
668.6021, 36.49707
669.0842, 37.76740
669.5663, 40.06757
670.0485, 45.51678
670.5306, 49.76971
671.0127, 50.64691
671.4948, 48.30823
671.9769, 40.11719
672.4590, 27.79382
672.9412, 21.94946
673.4233, 31.24615
673.9054, 47.92767
674.3875, 48.67395
674.8696, 28.17529
675.3517, 16.01862
675.8339, 19.26910
676.3160, 26.01508
676.7981, 30.25903
677.2802, 31.97614
677.7623, 30.43390
678.2444, 22.27380
678.7266, 17.91608
679.2087, 26.01746
679.6908, 36.01123
680.1729, 38.07300
680.6550, 33.01862
681.1371, 25.96118
681.6193, 19.47540
682.1014, 14.80609
682.5835, 13.98669
683.0656, 17.34406
683.5477, 21.15106
684.0298, 24.51062
684.5120, 28.29584
684.9941, 34.71729
685.4762, 40.73761
685.9583, 37.25049
686.4404, 18.38916
686.9225, 9.755737
687.4047, 25.34857
687.8868, 39.95673
688.3689, 35.23541
688.8510, 19.37177
689.3331, 9.509094
689.8152, 11.04840
690.2974, 16.39429
690.7795, 17.79474
691.2616, 16.83258
691.7437, 19.87964
692.2258, 27.35370
692.7079, 29.35034
693.1901, 20.39545
693.6722, 8.377258
694.1543, 5.478699
694.6364, 13.89636
695.1185, 18.00281
695.6006, 12.81921
696.0828, 9.624939
696.5649, 12.82434
697.0470, 17.87891
697.5291, 19.35828
698.0112, 16.37323
698.4933, 16.45532
698.9755, 30.61707
699.4576, 45.36719
699.9397, 41.54749
700.4218, 24.80048
700.9039, 11.19342
701.3860, 4.962524
701.8682, 5.164246
702.3503, 12.46271
702.8324, 25.11389
703.3145, 26.08704
703.7966, 6.346558
704.2787, 5.087341
704.7609, 4.942017
705.2430, 18.39709
705.7251, 22.92944
706.2072, 20.10779
706.6893, 16.89728
707.1714, 14.47668
707.6536, 11.60278
708.1357, 6.392700
708.6178, 2.136108
709.0999, 3.763367
709.5820, 10.36920
710.0641, 16.70929
710.5463, 19.31757
711.0284, 19.49652
711.5105, 20.31165
711.9926, 21.68939
712.4747, 18.82898
712.9568, 9.028564
713.4390, 3.344727
713.9211, 10.48309
714.4032, 24.96753
714.8853, 32.52136
715.3674, 30.15015
715.8495, 28.52209
716.3317, 29.15369
716.8138, 29.76141
717.2959, 27.43243
717.7780, 24.88544
718.2601, 27.72559
718.7422, 37.35803
719.2244, 45.70398
719.7065, 46.31580
720.1886, 41.20349
720.6707, 32.06433
721.1528, 19.97852
721.6349, 9.738098
722.1171, 2.838074
722.5992, 0.8635250
723.0813, 6.838501
723.5634, 20.85620
724.0455, 31.30603
724.5276, 40.90234
725.0098, 42.12518
725.4919, 22.81470
725.9740, 3.631348
726.4561, 0.1976320
726.9382, 10.86011
727.4203, 17.27728
727.9025, 7.581360
728.3846, 0.4855350
728.8667, 10.04382
729.3488, 25.24445
729.8309, 32.59882
730.3130, 31.06329
730.7951, 25.91467
731.2772, 19.98523
731.7593, 14.56396
732.2415, 13.08008
732.7236, 15.22339
733.2057, 12.96344
733.6878, 3.522095
734.1699, 0.5189210
734.6520, 12.17914
735.1342, 32.41998
735.6163, 35.86652
736.0984, 9.447571
736.5805, 4.020203
737.0626, 4.796448
737.5447, 15.97809
738.0269, 24.74792
738.5090, 29.01605
738.9911, 24.93018
739.4732, 11.91290
739.9553, 0.2638550
740.4374, 8.314636
740.9196, 10.06110
741.4017, 2.953064
741.8838, 24.20929
742.3659, 34.54401
742.8480, 28.71954
743.3301, 17.12610
743.8123, 9.274292
744.2944, 5.283447
744.7765, 6.856628
745.2586, 15.89752
745.7407, 23.81335
746.2228, 30.24744
746.7050, 33.11731
747.1871, 27.64282
747.6692, 16.61920
748.1513, 12.53864
748.6334, 24.54706
749.1155, 30.05542
749.5977, 18.25586
750.0798, 4.048828
750.5619, 2.725464
751.0440, 2.547241
751.5261, 1.729797
752.0082, 9.411743
752.4904, 17.06647
752.9725, 22.41150
753.4546, 24.74689
753.9367, 20.40839
754.4188, 10.61481
754.9009, 4.747314
755.3831, 7.246216
755.8652, 13.06403
756.3473, 15.36139
756.8294, 14.24268
757.3115, 13.90912
757.7936, 13.59833
758.2758, 16.02521
758.7579, 26.87799
759.2400, 36.52631
759.7221, 31.83063
760.2042, 15.46454
760.6863, 8.901489
761.1685, 26.79114
761.6506, 40.58472
762.1327, 33.93280
762.6148, 23.12134
763.0969, 24.45630
763.5790, 35.71930
764.0612, 44.54791
764.5433, 44.74432
765.0254, 39.85614
765.5075, 31.43024
765.9896, 21.71234
766.4717, 18.33234
766.9539, 21.56488
767.4360, 24.78192
767.9181, 24.90015
768.4002, 22.50861
768.8823, 17.48633
769.3644, 8.335999
769.8466, 9.719116
770.3287, 31.96393
770.8108, 45.92212
771.2929, 32.68671
771.7750, 14.34430
772.2571, 14.59015
772.7393, 31.97192
773.2214, 42.81042
773.7035, 38.88275
774.1856, 32.20807
774.6677, 25.92438
775.1498, 20.33386
775.6320, 15.43127
776.1141, 11.47552
776.5962, 9.330017
777.0783, 9.887268
777.5604, 10.64600
778.0425, 7.122009
778.5247, 1.587708
779.0068, 0.6880490
779.4889, 4.752197
779.9710, 10.40710
780.4531, 16.25397
780.9352, 21.58728
781.4174, 25.91876
781.8995, 29.88812
782.3816, 23.56897
782.8637, 3.943726
783.3458, 17.75409
783.8279, 4.373474
784.3101, 35.11237
784.7922, 43.61456
785.2743, 31.86597
785.7564, 24.82990
786.2385, 31.24835
786.7206, 35.03906
787.2028, 28.78687
787.6849, 19.76685
788.1670, 13.61108
788.6491, 10.70514
789.1312, 9.895386
789.6133, 11.13062
790.0955, 12.23956
790.5776, 8.766602
791.0597, 4.722534
791.5418, 11.31549
792.0239, 25.94989
792.5060, 30.47876
792.9882, 16.73462
793.4703, 0.2448120
793.9524, 1.186096
794.4345, 19.34698
794.9166, 28.19049
795.3987, 25.40277
795.8809, 24.47931
796.3630, 29.40894
796.8451, 34.40082
797.3272, 34.24109
797.8093, 29.56445
798.2914, 27.18781
798.7736, 32.58258
799.2557, 33.67499
799.7378, 21.33203
800.2199, 10.80963
800.7020, 14.33722
801.1841, 26.34894
801.6663, 35.05023
802.1484, 37.09680
802.6305, 36.67242
803.1126, 36.23993
803.5947, 34.44965
804.0768, 28.60828
804.5590, 20.60980
805.0411, 14.81537
805.5232, 12.39819
806.0053, 11.27527
806.4874, 9.290649
806.9695, 7.412231
807.4517, 8.852051
807.9338, 13.29889
808.4159, 16.66827
808.8980, 18.34662
809.3801, 18.63831
809.8622, 17.33740
810.3444, 15.08014
810.8265, 14.23474
811.3086, 17.11078
811.7907, 15.26807
812.2728, 3.034180
812.7549, 6.382996
813.2371, 6.705017
813.7192, 1.609009
814.2013, 6.420227
814.6834, 17.73700
815.1655, 22.21796
815.6476, 11.42834
816.1298, 0.9345700
816.6119, 3.513000
817.0940, 3.289246
817.5761, 1.109619
818.0582, 8.564392
818.5403, 16.64343
819.0225, 24.86444
819.5046, 31.09412
819.9867, 32.61957
820.4688, 30.86444
820.9509, 28.22577
821.4330, 24.96240
821.9152, 20.31995
822.3973, 14.04083
822.8794, 8.761597
823.3615, 7.425476
823.8436, 9.936401
824.3257, 12.97968
824.8079, 16.69861
825.2900, 20.21454
825.7721, 23.74310
826.2542, 25.77051
826.7363, 24.57159
827.2184, 20.50177
827.7006, 16.17596
828.1826, 8.126587
828.6647, 5.880920
829.1469, 15.84296
829.6290, 25.46124
830.1111, 30.15753
830.5932, 30.08136
831.0753, 23.84882
831.5574, 9.521729
832.0396, 1.237061
832.5217, 8.196838
833.0038, 17.10620
833.4859, 21.26202
833.9680, 21.96881
834.4501, 20.46600
834.9323, 17.80383
835.4144, 16.02777
835.8965, 16.98865
836.3786, 18.56458
836.8607, 18.19055
837.3428, 16.73553
837.8250, 15.79541
838.3071, 15.55811
838.7892, 16.06061
839.2713, 17.39520
839.7534, 18.48102
840.2355, 17.20673
840.7177, 13.69824
841.1998, 11.11359
841.6819, 11.34235
842.1640, 14.43579
842.6461, 21.83087
843.1282, 28.10785
843.6104, 27.12573
844.0925, 20.29614
844.5746, 18.25311
845.0567, 24.53467
845.5388, 28.21136
846.0209, 26.55939
846.5031, 24.38086
846.9852, 22.82440
847.4673, 22.79242
847.9494, 27.59100
848.4315, 39.55341
848.9136, 43.06213
849.3958, 26.35828
849.8779, 10.95764
850.3600, 7.967651
850.8421, 10.38824
851.3242, 11.63037
851.8063, 10.35760
852.2885, 5.665894
852.7706, 5.846741
853.2527, 14.42999
853.7348, 10.84491
854.2169, 0.3616940
854.6990, 12.62079
855.1812, 25.81647
855.6633, 35.13568
856.1454, 38.95728
856.6275, 38.08594
857.1096, 31.13599
857.5917, 20.98181
858.0739, 16.76086
858.5560, 17.60571
859.0381, 14.79852
859.5202, 6.211487
860.0023, 0.9172360
860.4844, 6.826477
860.9666, 19.42731
861.4487, 25.02917
861.9308, 22.27942
862.4129, 21.41663
862.8950, 24.25671
863.3771, 24.94110
863.8593, 19.23364
864.3414, 12.07214
864.8235, 10.67896
865.3056, 15.62292
865.7877, 19.04303
866.2698, 20.25153
866.7520, 20.88251
867.2341, 21.68201
867.7162, 21.82178
868.1983, 17.86127
868.6804, 12.62561
869.1625, 14.78918
869.6447, 29.70258
870.1268, 37.69067
870.6089, 24.59674
871.0910, 11.11499
871.5731, 13.09796
872.0552, 21.34277
872.5374, 21.98438
873.0195, 13.72614
873.5016, 6.251892
873.9837, 4.707947
874.4658, 6.271790
874.9479, 10.42517
875.4301, 15.56982
875.9122, 17.54065
876.3943, 17.59729
876.8764, 23.00354
877.3585, 36.90375
877.8406, 48.81378
878.3228, 44.73804
878.8049, 29.59961
879.2870, 14.21069
879.7691, 0.3192750
880.2512, 5.561584
880.7333, 0.2269290
881.2155, 8.632202
881.6976, 13.22827
882.1797, 15.39917
882.6618, 19.37054
883.1439, 25.56488
883.6260, 26.88208
884.1082, 21.57294
884.5903, 17.88794
885.0724, 20.45532
885.5545, 24.59503
886.0366, 21.76837
886.5187, 11.42413
887.0009, 7.738953
887.4830, 16.43060
887.9651, 21.24634
888.4472, 16.58698
888.9293, 11.46869
889.4114, 10.66687
889.8936, 14.00604
890.3757, 21.52252
890.8578, 37.36090
891.3399, 41.75635
891.8220, 18.49170
892.3041, 0.9794310
892.7863, 5.481689
893.2684, 18.98499
893.7505, 30.88629
894.2326, 39.99695
894.7147, 45.18597
895.1968, 44.66449
895.6790, 40.73175
896.1611, 30.35406
896.6432, 20.37305
897.1253, 17.95367
897.6074, 19.99725
898.0895, 19.68488
898.5717, 15.54907
899.0538, 12.40643
899.5359, 10.95013
900.0180, 14.80652
900.5001, 33.81018
900.9822, 58.20990
901.4644, 71.13861
901.9465, 71.47180
902.4286, 64.38208
902.9107, 52.07477
903.3928, 41.66406
903.8749, 44.80249
904.3571, 55.61847
904.8392, 57.81812
905.3213, 52.82202
905.8034, 49.21228
906.2855, 49.19653
906.7676, 52.32214
907.2498, 58.88263
907.7319, 66.45898
908.2140, 68.41058
908.6961, 64.24609
909.1782, 58.74152
909.6603, 52.45123
910.1425, 47.28375
910.6246, 43.15753
911.1067, 42.48315
911.5888, 51.25946
912.0709, 67.67114
912.5530, 67.05737
913.0352, 42.72516
913.5173, 25.84155
913.9994, 20.90704
914.4815, 23.76715
914.9636, 37.19458
915.4457, 52.25525
915.9279, 50.07556
916.4100, 25.81891
916.8921, 11.89142
917.3742, 13.47021
917.8563, 17.49902
918.3384, 25.26721
918.8206, 31.16956
919.3027, 29.95764
919.7848, 23.68060
920.2669, 18.22858
920.7490, 13.13940
921.2311, 10.80719
921.7133, 13.18988
922.1954, 16.37091
922.6775, 21.25226
923.1596, 24.42755
923.6417, 21.23145
924.1238, 12.35986
924.6060, 3.741760
925.0881, 4.546082
925.5702, 9.611694
926.0523, 10.05682
926.5344, 7.139771
927.0165, 0.1196290
927.4986, 8.976379
927.9807, 17.24567
928.4628, 24.03912
928.9449, 29.89606
929.4271, 37.07355
929.9092, 41.28253
930.3913, 36.70630
930.8734, 29.22406
931.3555, 26.55743
931.8376, 27.43225
932.3198, 26.00653
932.8019, 20.14722
933.2840, 13.29083
933.7661, 7.165100
934.2482, 2.554443
934.7303, 0.3465580
935.2125, 0.4472050
935.6946, 4.358948
936.1767, 10.81195
936.6588, 12.98529
937.1409, 6.647522
937.6230, 8.6852998E-02
938.1052, 4.908936
938.5873, 16.65613
939.0694, 22.33936
939.5515, 22.87360
940.0336, 24.29181
940.5157, 27.74164
940.9979, 28.33301
941.4800, 22.09332
941.9621, 11.85590
942.4442, 0.5200810
942.9263, 10.33221
943.4084, 11.76135
943.8906, 3.926636
944.3727, 5.954041
944.8548, 15.59235
945.3369, 21.27161
945.8190, 18.65887
946.3011, 10.08441
946.7833, 1.481873
947.2654, 7.014832
947.7475, 4.825317
948.2296, 10.26086
948.7117, 20.55664
949.1938, 17.33844
949.6760, 9.368958
950.1581, 8.702332
950.6402, 14.03113
951.1223, 9.423157
951.6044, 8.305481
952.0865, 12.93738
952.5687, 3.265259
953.0508, 17.89038
953.5329, 17.93048
954.0150, 9.869690
954.4971, 4.401611
954.9792, 1.569702
955.4614, 0.3396610
955.9435, 0.3624880
956.4256, 3.485107
956.9077, 12.40271
957.3898, 19.64893
957.8719, 19.31952
958.3541, 14.46954
958.8362, 12.00085
959.3183, 12.32196
959.8004, 12.92310
960.2825, 12.80756
960.7646, 15.16101
961.2468, 23.97681
961.7289, 31.33856
962.2110, 28.50568
962.6931, 19.68457
963.1752, 19.98492
963.6573, 38.54889
964.1395, 42.19342
964.6216, 16.31458
965.1037, 4.320190
965.5858, 11.41254
966.0679, 7.994690
966.5500, 11.17322
967.0322, 40.07776
967.5143, 50.25037
967.9964, 27.51086
968.4785, 12.57538
968.9606, 8.686584
969.4427, 11.03467
969.9249, 23.36865
970.4070, 37.08063
970.8891, 43.12158
971.3712, 42.12335
971.8533, 40.93079
972.3354, 39.28009
972.8176, 39.16895
973.2997, 41.33569
973.7818, 44.54913
974.2639, 50.18439
974.7460, 55.24329
975.2281, 54.09290
975.7103, 47.64868
976.1924, 47.72522
976.6745, 63.02380
977.1566, 75.49243
977.6387, 80.71588
978.1208, 82.63525
978.6030, 81.21918
979.0851, 79.16241
979.5672, 80.22205
980.0493, 84.62115
980.5314, 89.02075
981.0135, 91.27625
981.4957, 95.10474
981.9778, 105.0999
982.4599, 113.4890
982.9420, 113.0934
983.4241, 107.8458
983.9063, 103.4194
984.3884, 101.0935
984.8705, 103.5759
985.3526, 112.7734
985.8347, 122.3561
986.3168, 131.4663
986.7990, 138.3129
987.2811, 140.8415
987.7632, 140.3326
988.2453, 138.5487
988.7274, 135.8922
989.2095, 134.0920
989.6917, 131.8784
990.1738, 133.1520
990.6559, 145.9030
991.1380, 157.2476
991.6201, 150.0941
992.1022, 135.1937
992.5844, 136.7274
993.0665, 159.7590
993.5486, 179.0905
994.0307, 180.0955
994.5128, 179.8459
994.9949, 190.2766
995.4771, 200.0864
995.9592, 195.9736
996.4413, 184.1973
996.9234, 179.2891
997.4055, 184.6774
997.8876, 192.3551
998.3698, 197.7692
998.8519, 205.7914
999.3340, 222.8978
999.8161, 240.5106
1000.298, 248.5125
1000.780, 250.3857
1001.262, 256.7073
1001.745, 270.5311
1002.227, 286.8675
1002.709, 302.8345
1003.191, 321.0034
1003.673, 344.0968
1004.155, 368.8180
1004.637, 392.5690
1005.119, 414.5475
1005.602, 434.6844
1006.084, 453.0543
1006.566, 472.2756
1007.048, 496.7758
1007.530, 518.5347
1008.012, 527.4636
1008.494, 536.6809
1008.976, 562.5442
1009.458, 597.0637
1009.941, 623.8165
1010.423, 640.0317
1010.905, 647.6401
1011.387, 644.6174
1011.869, 637.1609
1012.351, 629.7151
1012.833, 618.1979
1013.315, 595.7944
1013.797, 567.2987
1014.280, 540.5969
1014.762, 517.2657
1015.244, 505.4500
1015.726, 518.8495
1016.208, 529.2814
1016.690, 524.5311
1017.172, 512.0004
1017.654, 493.8232
1018.137, 474.3564
1018.619, 460.6472
1019.101, 454.0375
1019.583, 448.9075
1020.065, 445.8711
1020.547, 440.6842
1021.029, 431.6804
1021.511, 419.8944
1021.993, 404.4735
1022.476, 387.6652
1022.958, 372.2097
1023.440, 358.2949
1023.922, 348.3900
1024.404, 351.6820
1024.886, 347.2302
1025.368, 322.9938
1025.850, 294.5630
1026.333, 273.9774
1026.815, 255.7550
1027.297, 229.2770
1027.779, 193.9161
1028.261, 165.5386
1028.743, 149.0492
1029.225, 136.7401
1029.707, 131.5504
1030.189, 126.2465
1030.672, 115.4707
1031.154, 102.5585
1031.636, 92.28918
1032.118, 85.01135
1032.600, 78.90198
1033.082, 72.66882
1033.564, 69.29993
1034.046, 74.53137
1034.528, 76.55188
1035.011, 66.52893
1035.493, 52.02637
1035.975, 43.34143
1036.457, 40.20215
1036.939, 33.35706
1037.421, 14.72961
1037.903, 5.300049
1038.385, 14.09583
1038.868, 22.55981
1039.350, 20.75952
1039.832, 16.02600
1040.314, 21.18005
1040.796, 33.41150
1041.278, 32.05042
1041.760, 2.653320
1042.242, 10.01709
1042.724, 2.934448
1043.207, 16.42773
1043.689, 23.64221
1044.171, 28.08838
1044.653, 32.31958
1045.135, 36.46252
1045.617, 40.88257
1046.099, 45.46863
1046.581, 50.86377
1047.063, 58.09192
1047.546, 63.98499
1048.028, 69.13452
1048.510, 68.64661
1048.992, 55.25305
1049.474, 37.03381
1049.956, 37.54382
1050.438, 60.31775
1050.920, 72.52405
1051.403, 72.02832
1051.885, 69.97949
1052.367, 67.53613
1052.849, 70.20703
1053.331, 82.78076
1053.813, 100.0697
1054.295, 112.2650
1054.777, 119.5491
1055.260, 126.6364
1055.742, 133.7705
1056.224, 134.5997
1056.706, 127.5409
1057.188, 121.2551
1057.670, 120.3146
1058.152, 124.4475
1058.634, 134.9169
1059.116, 149.2910
1059.599, 158.2208
1060.081, 161.4437
1060.563, 152.7189
1061.045, 132.9650
1061.527, 124.0590
1062.009, 135.4441
1062.491, 150.7555
1062.973, 152.3655
1063.455, 146.1019
1063.938, 145.4939
1064.420, 147.5936
1064.902, 142.7804
1065.384, 131.4360
1065.866, 117.7561
1066.348, 103.7080
1066.830, 93.87817
1067.312, 93.22375
1067.795, 94.64331
1068.277, 86.96692
1068.759, 75.81348
1069.241, 71.16296
1069.723, 71.11035
1070.205, 72.23108
1070.687, 71.88184
1071.169, 61.65588
1071.651, 34.32715
1072.134, 7.819580
1072.616, 4.777344
1073.098, 7.155029
1073.580, 3.136108
1074.062, 17.31677
1074.544, 22.89734
1075.026, 20.00195
1075.508, 14.62952
1075.990, 8.185791
1076.473, 5.189087
1076.955, 12.54456
1077.437, 18.60510
1077.919, 14.60205
1078.401, 7.370239
1078.883, 2.575928
1079.365, 0.4107670
1079.847, 0.4437260
1080.329, 0.2672120
1080.812, 2.619995
1081.294, 13.56677
1081.776, 20.33435
1082.258, 18.18604
1082.740, 12.36145
1083.222, 1.157471
1083.704, 8.879395
1084.186, 5.284912
1084.669, 11.65796
1085.151, 18.30286
1085.633, 1.087646
1086.115, 5.194580
1086.597, 22.90674
1087.079, 41.77393
1087.561, 29.46887
1088.043, 10.42554
1088.526, 9.471924
1089.008, 21.07605
1089.490, 22.96777
1089.972, 11.65430
1090.454, 4.809692
1090.936, 3.060425
1091.418, 3.542236
1091.900, 5.600342
1092.382, 10.35706
1092.865, 20.25317
1093.347, 28.93823
1093.829, 22.32507
1094.311, 2.041626
1094.793, 8.285645
1095.275, 8.857300
1095.757, 11.35498
1096.239, 17.42517
1096.721, 14.64282
1097.204, 3.282593
1097.686, 23.76306
1098.168, 33.68420
1098.650, 33.54712
1099.132, 17.92163
1099.614, 5.576904
1100.096, 11.88708
1100.578, 1.842651
1101.061, 8.871094
1101.543, 14.99695
1102.025, 16.78943
1102.507, 13.63867
1102.989, 10.67419
1103.471, 13.98804
1103.953, 19.37830
1104.435, 20.98828
1104.917, 20.76294
1105.400, 22.47510
1105.882, 26.62622
1106.364, 32.66260
1106.846, 41.73169
1107.328, 44.36328
1107.810, 25.40247
1108.292, 10.28040
1108.774, 19.35559
1109.256, 35.70642
1109.739, 44.88306
1110.221, 47.62524
1110.703, 47.51990
1111.185, 45.04541
1111.667, 44.73743
1112.149, 51.24609
1112.631, 54.34644
1113.113, 47.49133
1113.596, 42.27002
1114.078, 46.41541
1114.560, 53.53943
1115.042, 57.14600
1115.524, 57.60327
1116.006, 56.75842
1116.488, 52.81213
1116.970, 52.91235
1117.453, 57.85718
1117.935, 65.70984
1118.417, 78.81299
1118.899, 85.26697
1119.381, 74.36572
1119.863, 56.29602
1120.345, 51.28101
1120.827, 58.11475
1121.309, 63.09106
1121.792, 66.23096
1122.274, 68.27283
1122.756, 69.42114
1123.238, 72.37122
1123.720, 78.29810
1124.202, 81.78369
1124.684, 75.90784
1125.166, 66.93872
1125.648, 69.78833
1126.131, 76.93787
1126.613, 68.67200
1127.095, 50.13184
1127.577, 39.05457
1128.059, 38.45789
1128.541, 40.06604
1129.023, 40.13098
1129.505, 37.86670
1129.988, 30.62842
1130.470, 22.58740
1130.952, 16.33044
1131.434, 13.48999
1131.916, 15.72156
1132.398, 21.34888
1132.880, 26.83118
1133.362, 31.50146
1133.844, 34.61218
1134.327, 34.53931
1134.809, 35.03809
1135.291, 37.23218
1135.773, 39.94727
1136.255, 43.28284
1136.737, 46.18652
1137.219, 46.25073
1137.701, 44.62341
1138.183, 47.88403
1138.666, 58.45618
1139.148, 67.56982
1139.630, 77.26953
1140.112, 77.28162
1140.594, 61.32104
1141.076, 49.15063
1141.558, 55.12134
1142.040, 67.27283
1142.523, 62.92383
1143.005, 45.72742
1143.487, 41.22437
1143.969, 47.33521
1144.451, 46.77380
1144.933, 38.06299
1145.415, 29.89160
1145.897, 25.58508
1146.380, 24.97803
1146.862, 28.24438
1147.344, 34.16064
1147.826, 43.82263
1148.308, 53.03125
1148.790, 54.76770
1149.272, 51.77539
1149.754, 50.67468
1150.236, 50.47900
1150.719, 42.96094
1151.201, 24.57300
1151.683, 9.345581
1152.165, 3.329102
1152.647, 2.551025
1153.129, 10.48328
1153.611, 18.78809
1154.093, 22.61462
1154.575, 22.35559
1155.058, 16.78259
1155.540, 5.766113
1156.022, 1.309814
1156.504, 8.851929
1156.986, 12.11597
1157.468, 10.45178
1157.950, 3.296753
1158.432, 12.77124
1158.915, 23.39722
1159.397, 16.43982
1159.879, 1.408813
1160.361, 3.607666
1160.843, 0.2318120
1161.325, 5.768921
1161.807, 19.13477
1162.289, 18.40076
1162.771, 2.996582
1163.254, 3.663818
1163.736, 6.489136
1164.218, 22.25305
1164.700, 35.63989
1165.182, 45.83362
1165.664, 52.64441
1166.146, 54.92126
1166.628, 46.06311
1167.110, 34.12097
1167.593, 34.98083
1168.075, 46.55176
1168.557, 55.92358
1169.039, 59.11377
1169.521, 58.27380
1170.003, 49.75403
1170.485, 43.92249
1170.967, 45.63403
1171.450, 50.66272
1171.932, 58.64233
1172.414, 66.72632
1172.896, 69.00549
1173.378, 67.87183
1173.860, 77.15833
1174.342, 104.2441
1174.824, 114.5790
1175.306, 100.6222
1175.789, 94.86169
1176.271, 106.0693
1176.753, 117.6722
1177.235, 120.2133
1177.717, 118.9248
1178.199, 120.4225
1178.681, 124.1285
1179.163, 128.1199
1179.646, 132.6196
1180.128, 141.3341
1180.610, 151.5962
1181.092, 148.4680
1181.574, 131.6807
1182.056, 123.1101
1182.538, 135.8873
1183.020, 149.4026
1183.502, 142.4066
1183.984, 132.5056
1184.467, 139.1896
1184.949, 147.2415
1185.431, 136.6187
1185.913, 116.1177
1186.395, 104.4910
1186.877, 103.6945
1187.359, 103.3813
1187.841, 106.4124
1188.324, 100.9756
1188.806, 76.70374
1189.288, 59.37219
1189.770, 60.41650
1190.252, 63.59143
1190.734, 57.60815
1191.216, 46.01953
1191.698, 33.20886
1192.181, 20.96106
1192.663, 29.59460
1193.145, 57.60925
1193.627, 69.09314
1194.109, 62.24744
1194.591, 56.89929
1195.073, 59.02551
1195.555, 61.91101
1196.037, 61.28918
1196.520, 57.44470
1197.002, 47.50745
1197.484, 37.56226
1197.966, 37.31274
1198.448, 40.20630
1198.930, 36.14819
1199.412, 27.54736
1199.894, 20.35889
1200.376, 16.30176
1200.859, 20.52795
1201.341, 46.01440
1201.823, 59.15479
1202.305, 40.23743
1202.787, 26.29871
1203.269, 34.87146
1203.751, 45.93140
1204.233, 45.13489
1204.716, 37.12402
1205.198, 29.60828
1205.680, 22.80444
1206.162, 22.41748
1206.644, 28.54285
1207.126, 28.43115
1207.608, 21.35107
1208.090, 15.90222
1208.573, 14.81030
1209.055, 17.39587
1209.537, 23.53564
1210.019, 30.18042
1210.501, 35.26953
1210.983, 34.86292
1211.465, 25.88635
1211.947, 16.93494
1212.429, 5.832397
1212.911, 17.23706
1213.394, 24.10400
1213.876, 26.99060
1214.358, 13.33057
1214.840, 21.04041
1215.322, 20.18848
1215.804, 18.98584
1216.286, 29.70703
1216.768, 18.46155
1217.251, 29.00171
1217.733, 38.84668
1218.215, 45.94617
1218.697, 46.95728
1219.179, 42.71228
1219.661, 37.45520
1220.143, 31.35364
1220.625, 26.92212
1221.108, 24.55554
1221.590, 27.73596
1222.072, 36.12231
1222.554, 40.00488
1223.036, 33.85034
1223.518, 27.88501
1224.000, 35.82166
1224.482, 43.90466
1224.964, 37.71765
1225.447, 26.32373
1225.929, 13.08179
1226.411, 4.815186
1226.893, 16.46350
1227.375, 43.13770
1227.857, 54.11951
1228.339, 40.06628
1228.821, 26.09460
1229.303, 7.396606
1229.786, 1.738770
1230.268, 17.38843
1230.750, 31.12048
1231.232, 31.48962
1231.714, 27.06982
1232.196, 26.71875
1232.678, 28.62988
1233.160, 28.12524
1233.643, 26.19702
1234.125, 27.11108
1234.607, 29.63977
1235.089, 29.09399
1235.571, 26.00256
1236.053, 25.52563
1236.535, 29.01135
1237.017, 30.64001
1237.500, 23.11365
1237.982, 20.85242
1238.464, 43.21692
1238.946, 58.28931
1239.428, 35.85608
1239.910, 8.425171
1240.392, 11.91943
1240.874, 30.44617
1241.356, 32.70044
1241.839, 19.46973
1242.321, 16.61426
1242.803, 26.09436
1243.285, 30.59949
1243.767, 28.88074
1244.249, 28.24158
1244.731, 30.42871
1245.213, 25.47070
1245.695, 6.712036
1246.178, 9.527466
1246.660, 1.459106
1247.142, 15.84192
1247.624, 26.21899
1248.106, 31.59241
1248.588, 32.08533
1249.070, 30.56189
1249.552, 32.30737
1250.035, 36.29907
1250.517, 35.27087
1250.999, 26.09302
1251.481, 20.00317
1251.963, 19.99048
1252.445, 18.75012
1252.927, 12.02441
1253.409, 14.48608
1253.891, 36.51721
1254.374, 52.51831
1254.856, 34.77185
1255.338, 6.281494
1255.820, 2.014771
1256.302, 14.84473
1256.784, 24.52380
1257.266, 30.64819
1257.748, 32.03333
1258.230, 28.92773
1258.713, 20.13757
1259.195, 7.466431
1259.677, 0.3237300
1260.159, 4.782471
1260.641, 8.601807
1261.123, 5.436523
1261.605, 2.956055
1262.087, 9.1553003E-02
1262.570, 0.0000000E+00
##END=



