##NAMES=Paramontroseite
##RRUFFID=R050391
##IDEAL CHEMISTRY=V^4+^O_2_
##LOCALITY=J.J. mine, Buell Canyon District, Montrose County, Colorado, USA
##OWNER=RRUFF
##SOURCE=University of Arizona Mineral Museum
##DESCRIPTION=Black massive, radioactive
##STATUS=The identification of this mineral has been confirmed by X-ray diffraction and chemical analysis
##URL=rruff.info/R050391
##MEASURED CHEMISTRY=gray phase: (V^4+^_0.82_Fe^3+^_0.09_U^6+^_0.04_V^5+^_0.03_Al_0.02_)_Σ=1_O_2_; lightest phase is uranophane
128.7333, 0.0000000E+00
129.2154, 2.237366
129.6975, 6.904968
130.1796, 37.47052
130.6617, 81.56085
131.1439, 133.1837
131.6260, 189.5642
132.1081, 248.5966
132.5902, 300.0176
133.0723, 346.5046
133.5544, 380.1516
134.0366, 395.6488
134.5187, 396.6060
135.0008, 387.1359
135.4829, 368.3002
135.9650, 341.0839
136.4471, 330.7001
136.9293, 351.4777
137.4114, 372.4808
137.8935, 383.0294
138.3756, 386.0784
138.8577, 389.3817
139.3398, 397.5798
139.8220, 410.7692
140.3041, 438.4252
140.7862, 484.9905
141.2683, 537.6587
141.7504, 591.2235
142.2325, 645.7736
142.7147, 704.5894
143.1968, 772.8470
143.6789, 850.0498
144.1610, 909.3887
144.6431, 941.1167
145.1252, 965.3557
145.6074, 994.4048
146.0895, 1027.670
146.5716, 1057.148
147.0537, 1078.970
147.5358, 1091.105
148.0179, 1083.334
148.5001, 1042.806
148.9822, 992.3252
149.4643, 948.4972
149.9464, 911.4938
150.4285, 872.3241
150.9106, 823.4277
151.3928, 764.3020
151.8749, 703.8329
152.3570, 642.8784
152.8391, 583.8027
153.3212, 528.4370
153.8033, 477.0793
154.2855, 426.8511
154.7676, 373.3579
155.2497, 318.4762
155.7318, 270.8894
156.2139, 238.8071
156.6960, 211.3229
157.1782, 171.8972
157.6603, 117.1040
158.1424, 68.74744
158.6245, 49.96362
159.1066, 51.46545
159.5887, 52.56140
160.0709, 48.80188
160.5530, 41.53357
161.0351, 30.83313
161.5172, 14.91870
161.9993, 2.548950
162.4814, 3.381958
162.9636, 12.18152
163.4457, 20.06665
163.9278, 25.60535
164.4099, 27.91400
164.8920, 23.88574
165.3741, 10.98761
165.8563, 1.080505
166.3384, 5.654419
166.8205, 5.415344
167.3026, 4.404541
167.7847, 3.153442
168.2668, 1.854553
168.7490, 1.896240
169.2311, 3.359558
169.7132, 5.265259
170.1953, 2.069397
170.6774, 4.705505
171.1595, 8.030212
171.6417, 2.655457
172.1238, 7.101440
172.6059, 13.95386
173.0880, 19.99335
173.5701, 22.53674
174.0522, 18.67145
174.5344, 10.29846
175.0165, 0.4121700
175.4986, 10.26917
175.9807, 19.87146
176.4628, 27.02380
176.9449, 33.59741
177.4271, 35.33215
177.9092, 28.10272
178.3913, 17.19666
178.8734, 9.526611
179.3555, 8.771667
179.8376, 12.90332
180.3197, 18.61401
180.8019, 28.59015
181.2840, 36.79718
181.7661, 38.11871
182.2482, 35.71686
182.7303, 35.26697
183.2124, 40.30792
183.6946, 48.86884
184.1767, 54.58221
184.6588, 53.88361
185.1409, 53.98065
185.6230, 58.27100
186.1051, 64.42621
186.5873, 68.88885
187.0694, 71.49524
187.5515, 73.05322
188.0336, 74.93524
188.5157, 75.45496
188.9978, 79.51544
189.4800, 91.01947
189.9621, 104.5801
190.4442, 114.6659
190.9263, 118.5950
191.4084, 118.6132
191.8905, 120.0294
192.3727, 123.2435
192.8548, 127.2908
193.3369, 132.1366
193.8190, 137.5092
194.3011, 144.0671
194.7832, 152.1425
195.2654, 159.3831
195.7475, 160.6182
196.2296, 154.0449
196.7117, 144.1613
197.1938, 128.3192
197.6759, 111.7761
198.1581, 99.48938
198.6402, 93.02606
199.1223, 89.79169
199.6044, 85.24139
200.0865, 79.56549
200.5686, 71.89594
201.0508, 60.34918
201.5329, 48.25977
202.0150, 37.72345
202.4971, 29.42822
202.9792, 23.74146
203.4613, 22.02014
203.9435, 27.78662
204.4256, 29.46722
204.9077, 24.37335
205.3898, 17.21796
205.8719, 10.50415
206.3540, 5.008606
206.8362, 0.7756350
207.3183, 1.724609
207.8004, 0.9111940
208.2825, 2.419922
208.7646, 9.708801
209.2467, 16.45227
209.7289, 17.71881
210.2110, 13.65717
210.6931, 9.045593
211.1752, 10.01953
211.6573, 18.93866
212.1395, 24.69086
212.6216, 26.68518
213.1037, 26.28943
213.5858, 22.52600
214.0679, 16.40002
214.5500, 10.93280
215.0322, 9.572571
215.5143, 13.29547
215.9964, 14.59949
216.4785, 11.62769
216.9606, 8.010559
217.4427, 4.433716
217.9249, 1.289612
218.4070, 0.9191890
218.8891, 1.643738
219.3712, 0.8377690
219.8533, 0.2220460
220.3354, 0.3165890
220.8176, 0.5338130
221.2997, 0.7928470
221.7818, 0.6655270
222.2639, 0.9876710
222.7460, 5.445618
223.2281, 12.15302
223.7103, 14.76324
224.1924, 7.260010
224.6745, 2.052734
225.1566, 2.251160
225.6387, 6.229919
226.1208, 11.65326
226.6030, 17.32208
227.0851, 23.01068
227.5672, 27.99701
228.0493, 34.10132
228.5314, 36.78894
229.0135, 31.70459
229.4957, 24.33447
229.9778, 21.29883
230.4599, 25.67908
230.9420, 34.21143
231.4241, 39.34131
231.9062, 41.56482
232.3884, 39.55450
232.8705, 28.67926
233.3526, 16.37213
233.8347, 9.100403
234.3168, 9.029236
234.7989, 13.73181
235.2811, 19.85156
235.7632, 29.51459
236.2453, 35.39954
236.7274, 35.56659
237.2095, 33.26147
237.6916, 29.84161
238.1738, 25.88672
238.6559, 22.27454
239.1380, 18.98407
239.6201, 14.22083
240.1022, 16.73303
240.5843, 36.53937
241.0665, 55.73346
241.5486, 65.81323
242.0307, 66.58887
242.5128, 62.77606
242.9949, 57.41241
243.4770, 50.02747
243.9592, 46.86505
244.4413, 54.48132
244.9234, 60.18500
245.4055, 56.87439
245.8876, 47.43909
246.3697, 39.83051
246.8519, 40.10944
247.3340, 47.44409
247.8161, 54.37781
248.2982, 61.06024
248.7803, 67.08667
249.2624, 71.93243
249.7446, 76.18903
250.2267, 81.11255
250.7088, 88.12109
251.1909, 95.45905
251.6730, 97.57819
252.1551, 91.80975
252.6373, 86.12799
253.1194, 81.30365
253.6015, 78.57208
254.0836, 79.94263
254.5657, 86.63702
255.0478, 95.74335
255.5300, 101.9276
256.0121, 103.5500
256.4942, 108.4879
256.9763, 124.3680
257.4584, 141.3463
257.9406, 151.8585
258.4227, 154.1782
258.9048, 153.5052
259.3869, 154.6487
259.8690, 157.6442
260.3511, 161.7114
260.8333, 166.1506
261.3154, 172.3824
261.7975, 182.7434
262.2796, 196.8594
262.7617, 209.5772
263.2438, 214.9515
263.7260, 214.8499
264.2081, 220.5082
264.6902, 235.2260
265.1723, 252.3619
265.6544, 268.4998
266.1365, 283.2761
266.6187, 295.0536
267.1008, 300.5254
267.5829, 303.4271
268.0650, 312.5116
268.5471, 330.1299
269.0292, 346.6229
269.5114, 350.9792
269.9935, 349.7511
270.4756, 354.5660
270.9577, 372.2975
271.4398, 394.5154
271.9219, 411.0338
272.4041, 421.6295
272.8862, 433.5763
273.3683, 450.3455
273.8504, 470.8242
274.3325, 492.1336
274.8146, 513.8924
275.2968, 537.1292
275.7789, 565.5583
276.2610, 596.8549
276.7431, 621.0865
277.2252, 632.7980
277.7073, 638.2455
278.1895, 646.8546
278.6716, 657.7559
279.1537, 673.8832
279.6358, 703.1609
280.1179, 736.9481
280.6000, 759.2476
281.0822, 765.8575
281.5643, 765.4228
282.0464, 767.5865
282.5285, 772.7805
283.0106, 775.3968
283.4927, 776.0047
283.9749, 773.3044
284.4570, 765.5766
284.9391, 752.8251
285.4212, 736.9167
285.9033, 719.1138
286.3854, 699.3210
286.8676, 678.2557
287.3497, 651.7168
287.8318, 627.8530
288.3139, 615.5098
288.7960, 609.6720
289.2781, 596.4669
289.7603, 566.4355
290.2424, 524.1990
290.7245, 490.2568
291.2066, 469.3777
291.6887, 449.7288
292.1708, 430.4954
292.6530, 411.7361
293.1351, 392.6886
293.6172, 373.1824
294.0993, 354.9343
294.5814, 341.4887
295.0635, 336.3576
295.5457, 329.4553
296.0278, 317.4700
296.5099, 306.2025
296.9920, 300.8738
297.4741, 301.2656
297.9562, 302.9729
298.4384, 301.6432
298.9205, 296.5674
299.4026, 290.3195
299.8847, 282.7051
300.3668, 275.0678
300.8489, 265.6973
301.3311, 255.8435
301.8131, 249.2853
302.2953, 249.1199
302.7774, 253.7754
303.2595, 252.4059
303.7416, 238.6836
304.2237, 228.1455
304.7058, 228.6614
305.1880, 232.2874
305.6701, 228.7631
306.1522, 213.7055
306.6343, 193.7311
307.1164, 179.3380
307.5985, 171.5217
308.0807, 165.8187
308.5628, 161.6845
309.0449, 159.4965
309.5270, 161.6194
310.0091, 167.2296
310.4912, 170.4303
310.9734, 164.8162
311.4555, 151.2635
311.9376, 139.3051
312.4197, 129.3877
312.9018, 122.0654
313.3839, 118.8589
313.8661, 118.1486
314.3482, 115.6613
314.8303, 107.6480
315.3124, 97.47980
315.7945, 91.68591
316.2766, 91.16418
316.7588, 90.39301
317.2409, 84.93549
317.7230, 77.83081
318.2051, 74.52838
318.6872, 78.86621
319.1693, 81.47144
319.6515, 70.71118
320.1336, 50.69421
320.6157, 41.47711
321.0978, 54.14294
321.5799, 74.51471
322.0620, 77.30750
322.5442, 60.61597
323.0263, 47.15851
323.5084, 44.90967
323.9905, 48.77069
324.4726, 53.63354
324.9547, 58.63757
325.4369, 60.77917
325.9190, 55.87115
326.4011, 42.96149
326.8832, 36.48114
327.3653, 41.85309
327.8474, 48.38495
328.3296, 50.38892
328.8117, 48.50385
329.2938, 45.31006
329.7759, 41.99677
330.2580, 39.07886
330.7401, 39.01617
331.2223, 49.46478
331.7044, 53.24249
332.1865, 41.82220
332.6686, 25.94342
333.1507, 17.52148
333.6328, 20.03680
334.1150, 28.00763
334.5971, 33.88910
335.0792, 38.41522
335.5613, 38.45428
336.0434, 28.67310
336.5255, 19.65430
337.0077, 18.44434
337.4898, 23.31879
337.9719, 27.18158
338.4540, 23.76221
338.9361, 14.19629
339.4182, 8.878601
339.9004, 10.40546
340.3825, 12.62500
340.8646, 14.36603
341.3467, 15.43597
341.8288, 15.21753
342.3109, 13.18579
342.7931, 11.20258
343.2752, 12.62286
343.7573, 18.08026
344.2394, 22.60278
344.7215, 26.94537
345.2036, 28.11914
345.6858, 21.18036
346.1679, 6.328186
346.6500, 4.911438
347.1321, 2.181274
347.6142, 9.652039
348.0963, 17.29919
348.5785, 19.14252
349.0606, 17.79315
349.5427, 13.30658
350.0248, 6.995178
350.5069, 2.929810
350.9890, 2.264404
351.4712, 3.737793
351.9533, 7.970947
352.4354, 14.10083
352.9175, 17.40564
353.3996, 15.03058
353.8817, 9.190063
354.3639, 5.655701
354.8460, 5.056702
355.3281, 4.835938
355.8102, 6.012146
356.2923, 6.562988
356.7744, 2.725830
357.2566, 5.939453
357.7387, 14.36871
358.2208, 16.82458
358.7029, 12.28778
359.1850, 6.956360
359.6671, 1.787781
360.1493, 8.638733
360.6314, 11.09845
361.1135, 9.800903
361.5956, 5.742004
362.0777, 0.9166260
362.5598, 8.502930
363.0420, 10.69897
363.5241, 3.594421
364.0062, 2.862183
364.4883, 9.325195
364.9704, 13.62384
365.4525, 12.65686
365.9347, 6.302307
366.4168, 0.8320310
366.8989, 2.721008
367.3810, 1.107666
367.8631, 1.608826
368.3452, 6.489929
368.8274, 11.90570
369.3095, 6.210205
369.7916, 6.448914
370.2737, 15.83948
370.7558, 15.61835
371.2379, 10.68774
371.7201, 10.01001
372.2022, 14.27100
372.6843, 15.85046
373.1664, 8.069092
373.6485, 2.013428
374.1306, 2.948853
374.6128, 8.334900
375.0949, 18.89795
375.5770, 21.05353
376.0591, 17.87921
376.5412, 15.84589
377.0233, 16.51807
377.5055, 16.12842
377.9876, 9.023193
378.4697, 5.795410
378.9518, 11.33112
379.4339, 3.077942
379.9160, 17.43109
380.3982, 17.30823
380.8803, 6.993591
381.3624, 9.4910003E-02
381.8445, 4.390198
382.3266, 15.64722
382.8087, 21.07208
383.2909, 14.79810
383.7730, 10.16241
384.2551, 4.673462
384.7372, 2.449890
385.2193, 9.239258
385.7014, 24.50342
386.1836, 40.49146
386.6657, 48.89398
387.1478, 49.31696
387.6299, 49.18311
388.1120, 47.42047
388.5941, 46.37030
389.0763, 47.33197
389.5584, 49.34961
390.0405, 50.63763
390.5226, 50.08496
391.0047, 49.55975
391.4868, 52.52136
391.9690, 59.37396
392.4511, 65.88727
392.9332, 72.06775
393.4153, 76.30914
393.8974, 75.81134
394.3795, 70.68463
394.8617, 68.00330
395.3438, 70.97382
395.8259, 78.65857
396.3080, 91.76666
396.7901, 110.8046
397.2722, 126.8712
397.7544, 132.9700
398.2365, 130.5780
398.7186, 129.6039
399.2007, 131.7584
399.6828, 133.3943
400.1649, 130.8785
400.6471, 127.4282
401.1292, 129.0178
401.6113, 137.6572
402.0934, 149.6356
402.5755, 160.0700
403.0576, 170.0849
403.5398, 174.3387
404.0219, 168.9089
404.5040, 161.8454
404.9861, 157.3450
405.4682, 155.5103
405.9503, 155.6585
406.4325, 158.1143
406.9146, 160.9702
407.3967, 156.4490
407.8788, 138.8687
408.3609, 125.6547
408.8430, 123.6605
409.3252, 124.6183
409.8073, 122.5889
410.2894, 116.5308
410.7715, 108.1139
411.2536, 96.88336
411.7357, 83.94232
412.2179, 75.76129
412.7000, 73.99921
413.1821, 74.08215
413.6642, 73.67889
414.1463, 72.83118
414.6284, 71.60254
415.1106, 70.26337
415.5927, 67.22394
416.0748, 61.48444
416.5569, 53.90356
417.0390, 44.87042
417.5211, 33.85718
418.0033, 24.19464
418.4854, 22.30518
418.9675, 31.48053
419.4496, 37.41223
419.9317, 38.72150
420.4138, 36.85126
420.8960, 31.36108
421.3781, 24.33380
421.8602, 19.92255
422.3423, 21.03784
422.8244, 25.90332
423.3065, 26.81171
423.7887, 21.57202
424.2708, 15.46509
424.7529, 6.378967
425.2350, 1.279358
425.7171, 3.950317
426.1992, 1.695984
426.6814, 2.759460
427.1635, 9.276917
427.6456, 17.37372
428.1277, 19.36975
428.6098, 12.04370
429.0919, 4.777649
429.5741, 2.523865
430.0562, 3.348450
430.5383, 4.475586
431.0204, 4.762573
431.5025, 6.182373
431.9846, 13.13043
432.4668, 23.34961
432.9489, 26.82867
433.4310, 19.73022
433.9131, 9.812744
434.3952, 6.817749
434.8773, 11.74817
435.3595, 12.95044
435.8416, 5.660461
436.3237, 2.047546
436.8058, 5.735535
437.2879, 4.801331
437.7701, 0.2872920
438.2522, 7.959534
438.7343, 16.99359
439.2164, 18.92999
439.6985, 8.213257
440.1806, 0.2255250
440.6628, 6.035645
441.1449, 8.845886
441.6270, 4.304871
442.1091, 5.400574
442.5912, 12.25116
443.0733, 7.980042
443.5555, 3.000793
444.0376, 1.567444
444.5197, 18.30908
445.0018, 33.65381
445.4839, 28.32117
445.9660, 17.99445
446.4482, 20.47314
446.9303, 40.00757
447.4124, 55.58295
447.8945, 48.70935
448.3766, 29.85394
448.8587, 21.89172
449.3409, 28.39026
449.8230, 37.40106
450.3051, 39.33856
450.7872, 35.19110
451.2693, 35.39648
451.7514, 45.06171
452.2336, 52.79724
452.7157, 52.37073
453.1978, 48.66388
453.6799, 49.84460
454.1620, 57.84100
454.6441, 65.82709
455.1263, 64.04718
455.6084, 49.79498
456.0905, 41.14996
456.5726, 42.73730
457.0547, 45.55261
457.5368, 46.20654
458.0190, 46.50543
458.5011, 50.12476
458.9832, 59.11621
459.4653, 69.54095
459.9474, 76.63159
460.4295, 80.37469
460.9117, 79.18085
461.3938, 68.38879
461.8759, 58.55127
462.3580, 62.18561
462.8401, 76.26740
463.3222, 84.57031
463.8044, 75.71460
464.2865, 64.75171
464.7686, 67.03839
465.2507, 79.50116
465.7328, 88.57214
466.2149, 87.80511
466.6971, 82.56573
467.1792, 83.25299
467.6613, 92.84723
468.1434, 102.6017
468.6255, 115.6816
469.1076, 126.2190
469.5898, 129.9293
470.0719, 127.7475
470.5540, 122.6501
471.0361, 116.0635
471.5182, 109.0300
472.0003, 103.9376
472.4825, 99.69220
472.9646, 100.5218
473.4467, 117.3615
473.9288, 132.3041
474.4109, 131.1458
474.8930, 114.6765
475.3752, 97.80438
475.8573, 86.51074
476.3394, 81.24915
476.8215, 85.63617
477.3036, 99.81793
477.7857, 111.4918
478.2679, 114.8228
478.7500, 111.5016
479.2321, 104.5136
479.7142, 91.07410
480.1963, 81.48956
480.6784, 79.69556
481.1606, 81.26550
481.6427, 83.58423
482.1248, 85.59766
482.6069, 85.26764
483.0890, 80.63489
483.5711, 72.79456
484.0533, 68.03577
484.5354, 67.45459
485.0175, 68.26349
485.4996, 71.99554
485.9817, 75.42273
486.4638, 75.01263
486.9460, 70.91858
487.4281, 67.50043
487.9102, 70.82965
488.3923, 77.33478
488.8744, 74.30847
489.3565, 59.69635
489.8387, 46.91956
490.3208, 42.47894
490.8029, 44.52423
491.2850, 49.13171
491.7671, 58.32422
492.2492, 64.27063
492.7314, 61.73761
493.2135, 55.99109
493.6956, 52.80072
494.1777, 52.71448
494.6598, 53.61023
495.1419, 54.30505
495.6241, 54.48157
496.1062, 53.09430
496.5883, 49.86450
497.0704, 45.66248
497.5525, 38.24542
498.0346, 30.81342
498.5168, 25.79675
498.9989, 23.44263
499.4810, 22.58673
499.9631, 22.86719
500.4452, 23.86768
500.9273, 24.19934
501.4095, 23.43787
501.8916, 21.46759
502.3737, 17.06793
502.8558, 12.36279
503.3379, 9.975525
503.8200, 9.663391
504.3022, 14.35229
504.7843, 29.96759
505.2664, 47.26715
505.7485, 53.53455
506.2306, 48.95264
506.7127, 43.05103
507.1949, 42.43982
507.6770, 45.81909
508.1591, 46.76636
508.6412, 41.06372
509.1233, 38.56360
509.6054, 43.01495
510.0876, 48.43353
510.5697, 49.12866
511.0518, 45.70721
511.5339, 44.37793
512.0161, 51.19727
512.4982, 62.45184
512.9803, 67.15234
513.4624, 64.21521
513.9445, 61.21356
514.4266, 60.36090
514.9088, 61.07996
515.3909, 63.09216
515.8730, 66.69318
516.3551, 68.77802
516.8372, 67.91193
517.3193, 65.19659
517.8015, 58.81934
518.2836, 50.95343
518.7657, 50.44617
519.2478, 62.93835
519.7299, 81.29877
520.2120, 87.94702
520.6942, 73.77368
521.1763, 65.41980
521.6584, 66.04688
522.1405, 68.45227
522.6226, 70.03973
523.1047, 70.22382
523.5869, 68.34821
524.0690, 63.50720
524.5511, 57.66394
525.0332, 53.00964
525.5153, 49.59802
525.9974, 51.59137
526.4796, 63.41705
526.9617, 75.20459
527.4438, 73.37585
527.9259, 59.94812
528.4080, 52.92743
528.8901, 61.95258
529.3723, 71.00391
529.8544, 69.54474
530.3365, 61.45618
530.8186, 54.73499
531.3007, 52.07068
531.7828, 50.38068
532.2650, 44.46649
532.7471, 32.30127
533.2292, 28.88293
533.7113, 48.37939
534.1934, 60.52887
534.6755, 49.56915
535.1577, 29.15747
535.6398, 16.22803
536.1219, 15.26758
536.6040, 20.92310
537.0861, 32.46295
537.5682, 46.90753
538.0504, 53.46918
538.5325, 50.32465
539.0146, 44.25897
539.4967, 39.20215
539.9788, 35.12811
540.4609, 31.86823
540.9431, 31.11914
541.4252, 28.50592
541.9073, 21.13702
542.3894, 13.05206
542.8715, 6.383850
543.3536, 2.407471
543.8358, 3.862549
544.3179, 14.31073
544.8000, 30.39301
545.2821, 36.55457
545.7642, 29.62256
546.2463, 21.66632
546.7285, 12.28113
547.2106, 5.701233
547.6927, 7.280579
548.1748, 16.19843
548.6569, 22.61194
549.1390, 19.04254
549.6211, 12.94415
550.1032, 14.42651
550.5853, 21.39563
551.0674, 23.19714
551.5496, 14.91516
552.0317, 3.128784
552.5138, 1.203552
552.9959, 5.351929
553.4780, 8.141785
553.9601, 1.333557
554.4423, 3.268860
554.9244, 2.843933
555.4065, 13.49561
555.8886, 18.04443
556.3707, 12.47156
556.8528, 3.036377
557.3350, 4.310303
557.8171, 9.308533
558.2992, 9.091980
558.7813, 1.917664
559.2634, 5.738953
559.7455, 11.03882
560.2277, 13.52185
560.7098, 11.54425
561.1919, 0.7006230
561.6740, 7.261169
562.1561, 3.519043
562.6382, 18.37982
563.1204, 22.73871
563.6025, 16.02191
564.0846, 6.116882
564.5667, 2.037659
565.0488, 7.576050
565.5309, 5.928284
566.0131, 8.426025
566.4952, 17.27576
566.9773, 11.15002
567.4594, 2.317566
567.9415, 2.218872
568.4236, 2.127686
568.9058, 0.3536990
569.3879, 4.980164
569.8700, 10.27625
570.3521, 16.04041
570.8342, 21.64734
571.3163, 25.06488
571.7985, 25.68805
572.2806, 23.60590
572.7627, 18.23645
573.2448, 8.773865
573.7269, 4.559875
574.2090, 6.477173
574.6912, 9.354858
575.1733, 16.08417
575.6554, 22.82471
576.1375, 24.91467
576.6196, 21.48828
577.1017, 15.87610
577.5839, 9.306030
578.0660, 2.980591
578.5481, 1.901428
579.0302, 6.768005
579.5123, 11.52045
579.9944, 13.09576
580.4766, 12.95618
580.9587, 14.68237
581.4408, 19.05536
581.9229, 20.69781
582.4050, 16.10321
582.8871, 11.22919
583.3693, 10.12311
583.8514, 11.88922
584.3335, 14.20856
584.8156, 16.03076
585.2977, 17.15417
585.7798, 16.65503
586.2620, 14.20312
586.7441, 14.31000
587.2262, 18.80206
587.7083, 23.22046
588.1904, 26.04767
588.6725, 26.87604
589.1547, 23.86810
589.6368, 13.97845
590.1189, 7.696838
590.6010, 15.94049
591.0831, 27.44708
591.5652, 25.10034
592.0474, 9.839111
592.5295, 3.387146
593.0116, 4.686096
593.4937, 3.164978
593.9758, 12.78735
594.4579, 28.54962
594.9401, 35.57605
595.4222, 23.37677
595.9043, 10.46240
596.3864, 7.424194
596.8685, 11.00537
597.3506, 11.45367
597.8328, 2.714417
598.3149, 5.420715
598.7970, 1.182312
599.2791, 10.31549
599.7612, 15.02051
600.2433, 10.22247
600.7255, 3.743408
601.2076, 2.053894
601.6897, 4.602173
602.1718, 6.914734
602.6539, 10.17169
603.1360, 11.47546
603.6182, 8.862549
604.1003, 5.630249
604.5824, 4.065369
605.0645, 4.222900
605.5466, 4.967102
606.0287, 5.197632
606.5109, 6.272766
606.9930, 12.24255
607.4751, 22.00574
607.9572, 26.14386
608.4393, 21.57184
608.9214, 13.76196
609.4036, 7.767090
609.8857, 3.580933
610.3678, 0.1929320
610.8499, 5.536072
611.3320, 7.675659
611.8141, 2.715820
612.2963, 3.939087
612.7784, 7.566101
613.2605, 7.487610
613.7426, 6.687500
614.2247, 7.739929
614.7068, 9.400330
615.1890, 7.524170
615.6711, 1.918884
616.1532, 1.223938
616.6353, 0.6016850
617.1174, 5.100891
617.5995, 11.15613
618.0817, 18.79529
618.5638, 21.07098
619.0459, 11.18610
619.5280, 2.778625
620.0101, 4.416809
620.4922, 9.910339
620.9744, 11.97870
621.4565, 9.304810
621.9386, 5.244690
622.4207, 2.764160
622.9028, 0.9680790
623.3849, 4.161621
623.8671, 13.51605
624.3492, 17.94958
624.8313, 12.06921
625.3134, 3.127747
625.7955, 0.6886600
626.2776, 4.039917
626.7598, 3.680298
627.2419, 6.382751
627.7240, 15.33154
628.2061, 16.47211
628.6882, 13.46692
629.1703, 13.00378
629.6525, 15.97186
630.1346, 15.70752
630.6167, 2.886353
631.0988, 18.40009
631.5809, 22.85889
632.0630, 5.227295
632.5452, 9.308960
633.0273, 11.74664
633.5094, 9.224243
633.9915, 9.822144
634.4736, 13.32043
634.9557, 15.31824
635.4379, 16.30365
635.9200, 13.91400
636.4021, 3.620728
636.8842, 9.215881
637.3663, 17.60712
637.8484, 19.62207
638.3306, 15.85150
638.8127, 5.297424
639.2948, 10.34668
639.7769, 19.70123
640.2590, 21.02045
640.7411, 22.17175
641.2233, 26.10028
641.7054, 30.17670
642.1875, 31.34912
642.6696, 29.85260
643.1517, 28.65283
643.6339, 30.80939
644.1160, 30.75250
644.5981, 21.88739
645.0802, 10.31189
645.5623, 6.354675
646.0444, 11.47968
646.5266, 17.48260
647.0087, 15.47565
647.4908, 8.626343
647.9729, 14.60590
648.4550, 38.59100
648.9371, 55.62366
649.4193, 57.28564
649.9014, 51.77411
650.3835, 44.80481
650.8656, 37.30225
651.3477, 32.62231
651.8298, 33.64050
652.3120, 34.21771
652.7941, 27.52936
653.2762, 20.60693
653.7583, 25.27838
654.2404, 41.58026
654.7225, 57.37579
655.2047, 62.53821
655.6868, 59.41455
656.1689, 55.72729
656.6510, 51.98358
657.1331, 50.12317
657.6152, 49.67297
658.0974, 51.25092
658.5795, 58.43024
659.0616, 69.04822
659.5437, 72.34650
660.0258, 59.58392
660.5079, 48.95636
660.9901, 47.88403
661.4722, 51.04785
661.9543, 53.48608
662.4364, 54.48602
662.9185, 54.96265
663.4006, 55.20905
663.8828, 56.13379
664.3649, 60.49304
664.8470, 68.50275
665.3291, 75.05731
665.8112, 79.62988
666.2933, 82.03278
666.7755, 81.84369
667.2576, 79.22791
667.7397, 75.06427
668.2218, 62.26093
668.7039, 59.03967
669.1860, 78.62256
669.6682, 101.9233
670.1503, 113.8578
670.6324, 115.6854
671.1145, 115.7316
671.5966, 117.9689
672.0787, 121.6943
672.5609, 126.5407
673.0430, 132.1976
673.5251, 136.2706
674.0072, 138.3475
674.4893, 139.8824
674.9714, 140.5284
675.4536, 141.8217
675.9357, 148.5020
676.4178, 164.6915
676.8999, 177.3276
677.3820, 184.1566
677.8641, 189.3405
678.3463, 195.8268
678.8284, 201.8218
679.3105, 201.8824
679.7926, 194.3042
680.2747, 190.7745
680.7568, 207.3567
681.2390, 234.5938
681.7211, 249.9232
682.2032, 253.1044
682.6853, 253.0840
683.1674, 252.6011
683.6495, 253.7927
684.1317, 261.1920
684.6138, 277.2408
685.0959, 287.8143
685.5780, 286.5967
686.0601, 287.1891
686.5422, 294.0132
687.0244, 303.5312
687.5065, 311.9993
687.9886, 319.0153
688.4707, 326.4722
688.9528, 334.0908
689.4349, 342.7204
689.9171, 354.4138
690.3992, 367.6840
690.8813, 382.1406
691.3634, 397.5358
691.8455, 408.1624
692.3276, 407.1985
692.8098, 396.3573
693.2919, 390.8431
693.7740, 392.5297
694.2561, 395.4736
694.7382, 401.0055
695.2203, 404.5204
695.7025, 401.9107
696.1846, 395.2007
696.6667, 391.1896
697.1488, 392.7429
697.6309, 394.2937
698.1130, 391.9164
698.5952, 388.4907
699.0773, 388.5496
699.5594, 391.5659
700.0415, 393.0806
700.5236, 390.3436
701.0057, 384.4856
701.4879, 376.3705
701.9700, 365.6029
702.4521, 362.1755
702.9342, 371.7663
703.4163, 375.9796
703.8984, 359.0255
704.3806, 331.2200
704.8627, 318.2505
705.3448, 326.5460
705.8269, 330.0536
706.3090, 322.5009
706.7911, 311.9283
707.2733, 304.2908
707.7554, 296.5789
708.2375, 280.6996
708.7196, 254.8613
709.2017, 232.3765
709.6838, 228.7654
710.1660, 237.3485
710.6481, 242.7864
711.1302, 244.7581
711.6123, 241.5090
712.0944, 231.9724
712.5765, 218.6690
713.0587, 203.9968
713.5408, 187.7224
714.0229, 175.0853
714.5050, 167.8204
714.9871, 162.0424
715.4692, 159.3126
715.9514, 156.1124
716.4335, 147.3469
716.9156, 134.9059
717.3977, 128.0840
717.8798, 135.2383
718.3619, 142.5881
718.8441, 137.1012
719.3262, 125.1553
719.8083, 118.1428
720.2904, 116.9614
720.7725, 114.8181
721.2546, 106.8807
721.7368, 96.28595
722.2189, 90.77271
722.7010, 90.99847
723.1831, 92.06311
723.6652, 94.70227
724.1473, 96.07452
724.6295, 95.35059
725.1116, 91.90503
725.5937, 83.41772
726.0758, 66.48248
726.5579, 56.67755
727.0400, 63.43561
727.5222, 71.33087
728.0043, 70.60919
728.4864, 64.97797
728.9685, 61.55841
729.4506, 62.08508
729.9327, 62.17053
730.4149, 55.35333
730.8970, 46.30676
731.3791, 47.97699
731.8612, 58.93164
732.3433, 65.50165
732.8254, 63.61786
733.3076, 56.67981
733.7897, 46.98395
734.2718, 35.14832
734.7539, 29.01233
735.2360, 30.83099
735.7181, 34.66479
736.2003, 43.79407
736.6824, 51.02325
737.1645, 50.60791
737.6466, 44.75195
738.1287, 39.98254
738.6108, 38.83282
739.0930, 37.00824
739.5751, 28.28906
740.0572, 20.13422
740.5393, 24.68457
741.0214, 38.23975
741.5035, 45.66498
741.9857, 39.77094
742.4678, 30.10736
742.9499, 31.73700
743.4320, 43.50409
743.9141, 48.27649
744.3962, 44.47595
744.8784, 41.62848
745.3605, 44.51202
745.8426, 48.34637
746.3247, 45.83173
746.8068, 35.79877
747.2889, 30.52216
747.7711, 34.50793
748.2532, 37.06793
748.7353, 31.11133
749.2174, 26.07263
749.6995, 32.61865
750.1816, 48.71930
750.6638, 62.84967
751.1459, 69.92328
751.6280, 72.55902
752.1101, 71.49768
752.5922, 68.17059
753.0743, 65.10443
753.5565, 63.14673
754.0386, 62.45050
754.5207, 62.59448
755.0028, 63.41534
755.4849, 67.09680
755.9670, 75.18268
756.4492, 77.72595
756.9313, 70.92639
757.4134, 66.18958
757.8955, 69.56165
758.3776, 76.83740
758.8597, 82.59131
759.3419, 87.06476
759.8240, 87.71039
760.3061, 78.91949
760.7882, 73.37915
761.2703, 77.62988
761.7524, 86.56476
762.2346, 95.30005
762.7167, 102.5294
763.1988, 108.9333
763.6809, 116.4487
764.1630, 121.7285
764.6451, 117.8149
765.1273, 108.9446
765.6094, 106.9016
766.0915, 113.0699
766.5736, 120.1363
767.0557, 122.7797
767.5378, 122.8619
768.0200, 126.8513
768.5021, 136.7512
768.9842, 141.9164
769.4663, 141.4380
769.9484, 137.5515
770.4305, 126.9085
770.9127, 116.3777
771.3948, 117.2991
771.8769, 130.5373
772.3590, 139.9120
772.8411, 141.2739
773.3232, 141.1885
773.8054, 139.7779
774.2875, 139.7792
774.7696, 146.8483
775.2517, 158.8461
775.7338, 164.9586
776.2159, 157.1160
776.6981, 145.0024
777.1802, 137.9094
777.6623, 135.4096
778.1444, 139.8193
778.6265, 149.6331
779.1086, 151.3766
779.5908, 136.6121
780.0729, 115.9573
780.5550, 110.5576
781.0371, 122.5892
781.5192, 128.1401
782.0013, 125.9376
782.4835, 120.2903
782.9656, 109.6138
783.4477, 99.31458
783.9298, 97.89758
784.4119, 105.6319
784.8940, 109.1970
785.3762, 103.6891
785.8583, 99.58447
786.3404, 101.7738
786.8225, 104.8709
787.3046, 103.9365
787.7867, 99.54755
788.2689, 95.19922
788.7510, 92.29181
789.2331, 89.96729
789.7152, 88.85016
790.1973, 87.11377
790.6794, 80.43848
791.1616, 69.99585
791.6437, 61.60614
792.1258, 57.71259
792.6079, 56.30603
793.0900, 55.49292
793.5721, 54.90479
794.0543, 49.39984
794.5364, 37.33813
795.0185, 31.39490
795.5006, 37.76849
795.9827, 45.83307
796.4648, 44.43097
796.9470, 34.73779
797.4291, 29.50452
797.9112, 33.96094
798.3933, 35.42438
798.8754, 32.29181
799.3575, 27.07678
799.8397, 19.25781
800.3218, 10.96918
800.8039, 5.838989
801.2860, 4.874268
801.7681, 5.953125
802.2502, 9.553528
802.7324, 13.38306
803.2145, 16.37305
803.6966, 17.71417
804.1787, 15.14185
804.6608, 8.710449
805.1429, 2.593018
805.6251, 0.3592530
806.1072, 0.6819460
806.5893, 0.9630740
807.0714, 1.225464
807.5535, 2.175720
808.0356, 4.084229
808.5178, 3.651855
808.9999, 2.126709
809.4820, 10.01685
809.9641, 10.94598
810.4462, 1.317078
810.9283, 1.613403
811.4105, 7.829346
811.8926, 14.65546
812.3747, 8.456848
812.8568, 0.1843870
813.3389, 2.718689
813.8210, 17.17529
814.3032, 26.33545
814.7853, 25.34021
815.2674, 21.73279
815.7495, 16.84863
816.2316, 11.42578
816.7137, 5.025146
817.1959, 1.352478
817.6780, 5.262817
818.1601, 5.583862
818.6422, 3.691101
819.1243, 1.742615
819.6064, 7.244690
820.0886, 5.744629
820.5707, 0.8384400
821.0528, 4.289978
821.5349, 1.794312
822.0170, 2.148865
822.4991, 2.108337
822.9813, 0.3605350
823.4634, 3.172241
823.9455, 13.33838
824.4276, 15.87476
824.9097, 6.170105
825.3918, 5.046814
825.8740, 9.997925
826.3561, 10.06219
826.8382, 9.754944
827.3203, 9.120300
827.8024, 7.949463
828.2845, 3.161621
828.7667, 1.690796
829.2488, 8.262024
829.7309, 18.08655
830.2130, 26.79089
830.6951, 33.99872
831.1772, 36.16309
831.6594, 29.46143
832.1415, 21.18286
832.6236, 11.07556
833.1057, 3.394958
833.5878, 3.718018
834.0699, 10.40967
834.5521, 16.73883
835.0342, 19.30115
835.5163, 23.10175
835.9984, 37.90942
836.4805, 54.23694
836.9626, 52.64691
837.4448, 37.70721
837.9269, 29.99432
838.4090, 36.16327
838.8911, 45.15387
839.3732, 45.04883
839.8553, 38.69525
840.3375, 36.76691
840.8196, 39.35400
841.3017, 41.34167
841.7838, 41.36969
842.2659, 43.42786
842.7480, 51.32886
843.2302, 61.71295
843.7123, 65.97913
844.1944, 62.42114
844.6765, 58.20367
845.1586, 50.53687
845.6407, 46.37292
846.1229, 51.14319
846.6050, 58.35718
847.0871, 61.61493
847.5692, 61.13165
848.0513, 61.06079
848.5334, 63.63336
849.0156, 64.42365
849.4977, 57.02435
849.9798, 52.05078
850.4619, 61.64294
850.9440, 79.32874
851.4261, 89.99005
851.9083, 88.76416
852.3904, 84.92053
852.8725, 83.89453
853.3546, 83.84729
853.8367, 82.32788
854.3188, 80.40326
854.8010, 81.19537
855.2831, 84.69092
855.7652, 86.50977
856.2473, 82.76343
856.7294, 77.52350
857.2115, 78.69434
857.6937, 84.78381
858.1758, 90.12085
858.6579, 93.99402
859.1400, 92.93835
859.6221, 84.70697
860.1042, 75.37238
860.5864, 74.05585
861.0685, 80.40515
861.5506, 84.54242
862.0327, 86.67584
862.5148, 85.06201
862.9969, 76.32867
863.4791, 69.70966
863.9612, 74.47589
864.4433, 86.57904
864.9254, 91.08728
865.4075, 82.65857
865.8896, 77.79797
866.3718, 79.41937
866.8539, 80.79211
867.3360, 78.12671
867.8181, 74.88220
868.3002, 76.08740
868.7823, 81.16785
869.2645, 83.27881
869.7466, 79.20898
870.2287, 74.96906
870.7108, 71.53589
871.1929, 69.23456
871.6750, 68.70660
872.1572, 69.53949
872.6393, 71.35547
873.1214, 74.11615
873.6035, 74.87439
874.0856, 69.46289
874.5677, 62.66663
875.0499, 61.08350
875.5320, 61.58344
876.0141, 56.71533
876.4962, 46.12195
876.9783, 36.65753
877.4604, 33.16168
877.9426, 33.12207
878.4247, 30.70953
878.9068, 27.83844
879.3889, 35.70862
879.8710, 53.45105
880.3531, 63.29645
880.8353, 57.76031
881.3174, 46.52051
881.7995, 40.75513
882.2816, 39.98114
882.7637, 39.31165
883.2458, 38.74023
883.7280, 37.60754
884.2101, 36.05176
884.6922, 33.03680
885.1743, 26.71790
885.6564, 19.96271
886.1385, 19.72333
886.6207, 28.82642
887.1028, 31.70166
887.5849, 22.26141
888.0670, 16.08759
888.5491, 20.35785
889.0313, 26.75940
889.5134, 26.61499
889.9955, 22.07422
890.4776, 23.50006
890.9597, 40.51593
891.4418, 47.11975
891.9240, 27.75330
892.4061, 10.31311
892.8882, 11.22754
893.3703, 22.13849
893.8524, 33.15637
894.3345, 42.21661
894.8167, 45.73737
895.2988, 37.30408
895.7809, 29.65875
896.2630, 30.47455
896.7451, 32.71497
897.2272, 26.92328
897.7094, 17.15082
898.1915, 17.19019
898.6736, 32.07062
899.1557, 44.82294
899.6378, 37.62659
900.1199, 24.16846
900.6021, 20.42145
901.0842, 23.89185
901.5663, 30.25403
902.0484, 37.80878
902.5305, 43.48883
903.0126, 45.16370
903.4948, 44.28619
903.9769, 41.97284
904.4590, 38.38898
904.9411, 33.43561
905.4232, 27.49335
905.9053, 23.89282
906.3875, 23.68475
906.8696, 22.35498
907.3517, 14.45856
907.8338, 3.983032
908.3159, 5.446716
908.7980, 18.95038
909.2802, 29.38824
909.7623, 35.33411
910.2444, 36.30286
910.7265, 30.58282
911.2086, 24.44678
911.6907, 27.46356
912.1729, 39.54382
912.6550, 47.02289
913.1371, 48.91931
913.6192, 49.15057
914.1013, 47.25909
914.5834, 45.90710
915.0656, 46.80438
915.5477, 49.49408
916.0298, 53.32690
916.5119, 59.51440
916.9940, 62.26166
917.4761, 59.46600
917.9583, 56.20074
918.4404, 53.61829
918.9225, 51.00519
919.4046, 46.45032
919.8867, 41.28198
920.3688, 40.87836
920.8510, 49.96423
921.3331, 54.14496
921.8152, 47.31708
922.2973, 39.84119
922.7794, 34.67737
923.2615, 32.60925
923.7437, 34.75427
924.2258, 40.84357
924.7079, 48.84943
925.1900, 61.09369
925.6721, 70.35944
926.1542, 74.96838
926.6364, 74.23102
927.1185, 63.72162
927.6006, 49.02850
928.0827, 38.44147
928.5648, 34.01471
929.0469, 34.54193
929.5291, 43.78491
930.0112, 52.61005
930.4933, 54.23022
930.9754, 51.48560
931.4575, 45.77081
931.9396, 39.19958
932.4218, 36.38281
932.9039, 38.90033
933.3860, 42.42419
933.8681, 43.83838
934.3502, 43.67761
934.8323, 43.32642
935.3145, 41.68408
935.7966, 34.34302
936.2787, 22.72906
936.7608, 15.31714
937.2429, 16.69934
937.7250, 22.72308
938.2072, 31.68915
938.6893, 40.18237
939.1714, 37.65485
939.6535, 27.27655
940.1356, 22.86407
940.6177, 26.91956
941.0999, 30.73962
941.5820, 28.12256
942.0641, 22.11407
942.5462, 16.00232
943.0283, 11.08234
943.5104, 16.43451
943.9926, 31.43335
944.4747, 43.94946
944.9568, 50.31647
945.4389, 50.19763
945.9210, 42.31970
946.4031, 30.00409
946.8853, 22.33954
947.3674, 19.30377
947.8495, 18.57996
948.3316, 20.39166
948.8137, 19.63300
949.2958, 13.78552
949.7780, 7.373413
950.2601, 5.416504
950.7422, 7.339722
951.2243, 11.52826
951.7064, 19.66425
952.1885, 17.11591
952.6707, 1.759399
953.1528, 14.96301
953.6349, 11.42017
954.1170, 1.366272
954.5991, 15.02704
955.0812, 29.08014
955.5634, 33.61829
956.0455, 25.06732
956.5276, 18.28351
957.0097, 15.51929
957.4918, 12.48315
957.9739, 6.852478
958.4561, 0.1652220
958.9382, 5.702576
959.4203, 11.08813
959.9024, 10.27521
960.3845, 1.052795
960.8666, 7.967041
961.3488, 5.281067
961.8309, 2.434631
962.3130, 6.779236
962.7951, 13.98004
963.2772, 14.79144
963.7593, 7.230469
964.2415, 3.958252
964.7236, 9.856812
965.2057, 12.96387
965.6878, 6.523804
966.1699, 1.491699
966.6520, 8.780762
967.1342, 21.42358
967.6163, 22.25934
968.0984, 6.268066
968.5805, 2.711060
969.0626, 1.518127
969.5447, 6.124878
970.0269, 9.312744
970.5090, 10.30493
970.9911, 6.246033
971.4732, 9.6375003E-02
971.9553, 0.2011720
972.4374, 10.05090
972.9196, 16.08789
973.4017, 10.39001
973.8838, 8.431396
974.3659, 19.64258
974.8480, 33.50601
975.3301, 40.50867
975.8123, 42.17014
976.2944, 44.67725
976.7765, 49.18448
977.2586, 53.94656
977.7407, 60.15436
978.2228, 64.60141
978.7050, 65.88077
979.1871, 64.70749
979.6692, 58.97348
980.1513, 51.54587
980.6334, 51.21588
981.1155, 59.40567
981.5977, 73.20981
982.0798, 96.81613
982.5619, 119.9290
983.0440, 134.7160
983.5261, 147.8060
984.0082, 168.3163
984.4904, 194.1546
984.9725, 214.2247
985.4546, 223.3211
985.9367, 233.5168
986.4188, 251.4125
986.9009, 269.7509
987.3831, 282.4051
987.8652, 293.5332
988.3473, 306.6099
988.8294, 323.0980
989.3115, 347.5579
989.7936, 388.2824
990.2758, 416.3795
990.7579, 407.8578
991.2400, 396.1077
991.7221, 404.5024
992.2042, 420.9163
992.6863, 430.9464
993.1685, 432.9921
993.6506, 431.3032
994.1327, 430.0681
994.6148, 418.3125
995.0969, 383.4368
995.5790, 345.0403
996.0612, 315.2586
996.5433, 289.6454
997.0254, 262.7893
997.5075, 234.0903
997.9896, 203.7563
998.4717, 168.5554
998.9539, 141.9034
999.4360, 137.5575
999.9181, 135.7799
1000.400, 120.9850
1000.882, 101.7720
1001.364, 89.82748
1001.847, 85.06546
1002.329, 80.19183
1002.811, 72.26801
1003.293, 65.28839
1003.775, 61.86557
1004.257, 59.17780
1004.739, 53.99744
1005.221, 49.30603
1005.703, 50.54889
1006.186, 56.28827
1006.668, 58.98926
1007.150, 55.85687
1007.632, 50.36542
1008.114, 39.32004
1008.596, 31.73343
1009.078, 37.73666
1009.560, 47.67981
1010.043, 49.58905
1010.525, 43.94202
1011.007, 37.88858
1011.489, 34.89389
1011.971, 31.63239
1012.453, 26.13284
1012.935, 19.27710
1013.417, 7.921448
1013.899, 1.669556
1014.382, 1.398468
1014.864, 7.402069
1015.346, 18.06726
1015.828, 31.68216
1016.310, 35.94193
1016.792, 14.65955
1017.274, 4.126404
1017.756, 1.412079
1018.239, 9.450745
1018.721, 14.42346
1019.203, 14.06552
1019.685, 15.17758
1020.167, 20.29504
1020.649, 21.80994
1021.131, 13.84009
1021.613, 5.973175
1022.095, 2.580231
1022.578, 1.310394
1023.060, 0.7357480
1023.542, 2.442963
1024.024, 0.3281860
1024.506, 6.763885
1024.988, 14.16803
1025.470, 25.90900
1025.952, 31.04541
1026.435, 18.73663
1026.917, 4.259155
1027.399, 1.078918
1027.881, 5.362396
1028.363, 6.932922
1028.845, 3.906494
1029.327, 3.279785
1029.809, 9.319550
1030.292, 13.79410
1030.774, 12.38272
1031.256, 10.79089
1031.738, 13.92013
1032.220, 19.20078
1032.702, 21.81454
1033.184, 21.27734
1033.666, 20.25220
1034.148, 16.55392
1034.630, 16.01447
1035.113, 23.25168
1035.595, 29.79764
1036.077, 32.54135
1036.559, 30.95526
1037.041, 21.15927
1037.523, 2.584167
1038.005, 3.859619
1038.487, 15.76779
1038.970, 25.04950
1039.452, 10.75266
1039.934, 0.5323180
1040.416, 11.68253
1040.898, 28.63614
1041.380, 32.43179
1041.862, 24.24414
1042.344, 17.03259
1042.826, 11.33340
1043.309, 5.288147
1043.791, 3.605835
1044.273, 7.957367
1044.755, 2.617096
1045.237, 4.719269
1045.719, 5.603943
1046.201, 2.017273
1046.683, 3.896881
1047.166, 14.87708
1047.648, 18.25964
1048.130, 11.31293
1048.612, 4.363068
1049.094, 0.1069030
1049.576, 2.399017
1050.058, 4.284302
1050.540, 4.500580
1051.022, 1.342529
1051.505, 14.85870
1051.987, 16.71823
1052.469, 4.432648
1052.951, 4.069977
1053.433, 4.579376
1053.915, 9.7961001E-02
1054.397, 8.533020
1054.879, 17.24542
1055.361, 18.08743
1055.844, 11.21967
1056.326, 4.604034
1056.808, 1.756378
1057.290, 2.050079
1057.772, 4.762756
1058.254, 12.92731
1058.736, 19.54660
1059.218, 24.27777
1059.701, 26.20721
1060.183, 26.18243
1060.665, 27.49048
1061.147, 29.57806
1061.629, 29.56534
1062.111, 27.12631
1062.593, 21.49487
1063.075, 12.58459
1063.557, 5.764435
1064.040, 6.718567
1064.522, 12.12711
1065.004, 17.42636
1065.486, 21.88544
1065.968, 22.58438
1066.450, 20.68759
1066.932, 21.62958
1067.414, 26.10159
1067.896, 27.62082
1068.379, 20.98236
1068.861, 12.60129
1069.343, 8.148682
1069.825, 7.625031
1070.307, 15.60236
1070.789, 25.62769
1071.271, 22.22638
1071.753, 6.786194
1072.236, 2.697540
1072.718, 2.471863
1073.200, 10.88394
1073.682, 17.26141
1074.164, 20.35428
1074.646, 15.82300
1075.128, 9.465698
1075.610, 10.69943
1076.093, 17.19849
1076.575, 19.87985
1077.057, 16.24847
1077.539, 14.19125
1078.021, 18.33954
1078.503, 23.25385
1078.985, 28.70190
1079.467, 31.66632
1079.949, 28.49252
1080.432, 21.95386
1080.914, 15.75989
1081.396, 10.53302
1081.878, 8.114319
1082.360, 13.13342
1082.842, 14.35791
1083.324, 3.546204
1083.806, 3.898163
1084.288, 0.1159060
1084.771, 9.795502
1085.253, 24.12088
1085.735, 40.38696
1086.217, 45.58670
1086.699, 35.55264
1087.181, 24.94800
1087.663, 10.91663
1088.145, 2.554840
1088.628, 3.687927
1089.110, 8.548553
1089.592, 14.03537
1090.074, 19.12234
1090.556, 21.59335
1091.038, 21.40012
1091.520, 19.03583
1092.002, 13.30902
1092.484, 15.05624
1092.967, 27.99161
1093.449, 34.32443
1093.931, 23.92624
1094.413, 8.984436
1094.895, 4.804230
1095.377, 8.875122
1095.859, 13.54071
1096.341, 19.22986
1096.823, 21.68216
1097.306, 20.97610
1097.788, 20.87064
1098.270, 22.95941
1098.752, 26.33243
1099.234, 30.89575
1099.716, 34.05600
1100.198, 30.61292
1100.680, 23.50031
1101.163, 16.76273
1101.645, 11.70306
1102.127, 14.35928
1102.609, 23.53857
1103.091, 27.34308
1103.573, 19.59229
1104.055, 10.80704
1104.537, 9.696442
1105.020, 11.83685
1105.502, 13.12073
1105.984, 15.10028
1106.466, 21.23630
1106.948, 29.19910
1107.430, 34.18039
1107.912, 35.11374
1108.394, 32.84442
1108.876, 24.56561
1109.359, 18.57700
1109.841, 19.61292
1110.323, 21.72452
1110.805, 23.32248
1111.287, 22.45370
1111.769, 13.79486
1112.251, 0.1224060
1112.733, 5.376556
1113.215, 2.461121
1113.698, 11.08847
1114.180, 25.03802
1114.662, 31.27145
1115.144, 20.86017
1115.626, 11.59937
1116.108, 16.10550
1116.590, 28.18137
1117.072, 37.37460
1117.555, 43.69073
1118.037, 41.71210
1118.519, 29.67075
1119.001, 18.56140
1119.483, 9.046906
1119.965, 5.159027
1120.447, 9.205933
1120.929, 15.43857
1121.411, 18.20645
1121.894, 18.21146
1122.376, 15.14825
1122.858, 10.60062
1123.340, 15.24017
1123.822, 27.08115
1124.304, 33.27118
1124.786, 31.21548
1125.268, 25.83780
1125.750, 19.72537
1126.233, 14.85754
1126.715, 14.62115
1127.197, 16.04224
1127.679, 14.13052
1128.161, 11.57306
1128.643, 14.28162
1129.125, 19.84677
1129.607, 20.07275
1130.090, 13.23013
1130.572, 7.983521
1131.054, 8.030762
1131.536, 10.73529
1132.018, 17.83463
1132.500, 23.68448
1132.982, 23.15338
1133.464, 20.16226
1133.947, 20.50946
1134.429, 22.88495
1134.911, 20.04175
1135.393, 8.391968
1135.875, 1.003601
1136.357, 9.4696000E-02
1136.839, 1.908569
1137.321, 8.699524
1137.803, 15.45853
1138.286, 20.97455
1138.768, 22.82755
1139.250, 15.76904
1139.732, 1.526581
1140.214, 2.624146
1140.696, 4.761261
1141.178, 11.20667
1141.660, 15.81766
1142.142, 17.90961
1142.625, 16.86761
1143.107, 14.96573
1143.589, 13.93408
1144.071, 13.33359
1144.553, 12.85394
1145.035, 12.03278
1145.517, 8.026642
1145.999, 2.617249
1146.482, 1.758667
1146.964, 5.658478
1147.446, 11.54602
1147.928, 17.89911
1148.410, 21.85690
1148.892, 20.89157
1149.374, 17.13745
1149.856, 8.672729
1150.339, 1.974365
1150.821, 5.136292
1151.303, 13.42151
1151.785, 21.75174
1152.267, 27.82883
1152.749, 25.98755
1153.231, 10.69382
1153.713, 4.545837
1154.195, 23.52298
1154.677, 37.19775
1155.160, 32.42892
1155.642, 24.01477
1156.124, 20.37143
1156.606, 19.32669
1157.088, 17.97137
1157.570, 16.30154
1158.052, 13.47165
1158.534, 8.324646
1159.017, 8.121826
1159.499, 14.02197
1159.981, 18.36679
1160.463, 18.78473
1160.945, 18.43283
1161.427, 19.36020
1161.909, 20.72107
1162.391, 21.54193
1162.874, 21.32684
1163.356, 16.99054
1163.838, 10.37347
1164.320, 7.974091
1164.802, 9.472687
1165.284, 9.850708
1165.766, 7.864105
1166.248, 8.444489
1166.730, 16.82510
1167.213, 23.77887
1167.695, 20.18982
1168.177, 13.57208
1168.659, 8.020630
1169.141, 4.663605
1169.623, 4.836304
1170.105, 7.844238
1170.587, 11.71155
1171.069, 16.79144
1171.552, 22.42255
1172.034, 31.31342
1172.516, 36.38153
1172.998, 35.92471
1173.480, 32.28516
1173.962, 24.65039
1174.444, 16.76263
1174.926, 12.67194
1175.409, 11.37488
1175.891, 9.142273
1176.373, 5.687317
1176.855, 6.064240
1177.337, 10.37265
1177.819, 12.97931
1178.301, 12.91287
1178.783, 12.93713
1179.266, 14.39166
1179.748, 14.93304
1180.230, 11.54788
1180.712, 6.815552
1181.194, 3.906799
1181.676, 3.471863
1182.158, 9.669006
1182.640, 18.02899
1183.122, 18.41000
1183.604, 11.16086
1184.087, 4.181488
1184.569, 0.2564700
1185.051, 0.5675660
1185.533, 13.79471
1186.015, 24.48849
1186.497, 22.49390
1186.979, 19.98474
1187.461, 30.54974
1187.944, 42.23178
1188.426, 34.79291
1188.908, 12.27158
1189.390, 6.3446000E-02
1189.872, 2.3925999E-02
1190.354, 4.638184
1190.836, 16.31335
1191.318, 23.07452
1191.801, 21.68939
1192.283, 18.88943
1192.765, 18.93408
1193.247, 19.24985
1193.729, 16.14679
1194.211, 11.90308
1194.693, 13.89609
1195.175, 18.56131
1195.657, 13.96182
1196.140, 4.109558
1196.622, 2.165619
1197.104, 9.648071
1197.586, 20.75015
1198.068, 34.06754
1198.550, 39.87952
1199.032, 21.97604
1199.514, 8.015259
1199.996, 20.57492
1200.479, 36.15918
1200.961, 34.90030
1201.443, 25.48007
1201.925, 22.66870
1202.407, 25.74905
1202.889, 22.94745
1203.371, 11.33578
1203.853, 2.944641
1204.336, 2.592987
1204.818, 3.072937
1205.300, 3.070343
1205.782, 9.491486
1206.264, 13.05530
1206.746, 13.37939
1207.228, 8.907776
1207.710, 3.167267
1208.193, 5.975189
1208.675, 14.34833
1209.157, 20.64700
1209.639, 24.49637
1210.121, 25.73282
1210.603, 24.87213
1211.085, 23.67151
1211.567, 22.80270
1212.049, 21.86847
1212.531, 22.13852
1213.014, 20.16370
1213.496, 8.208191
1213.978, 6.5125003E-02
1214.460, 12.85611
1214.942, 29.52127
1215.424, 25.44275
1215.906, 6.646454
1216.388, 1.484528
1216.871, 3.327545
1217.353, 4.121246
1217.835, 0.7438350
1218.317, 2.230316
1218.799, 1.155396
1219.281, 6.313782
1219.763, 11.99356
1220.245, 19.54343
1220.728, 31.17639
1221.210, 41.60315
1221.692, 39.54880
1222.174, 30.46350
1222.656, 24.05606
1223.138, 20.25385
1223.620, 20.20093
1224.102, 21.59271
1224.584, 16.42429
1225.067, 5.457031
1225.549, 2.141022
1226.031, 0.4387510
1226.513, 1.975861
1226.995, 2.231750
1227.477, 2.526154
1227.959, 4.597778
1228.441, 6.206543
1228.923, 4.984070
1229.406, 2.762054
1229.888, 3.104004
1230.370, 5.202484
1230.852, 8.445282
1231.334, 11.31155
1231.816, 14.20853
1232.298, 16.06708
1232.780, 16.42670
1233.263, 15.50482
1233.745, 17.61636
1234.227, 25.41266
1234.709, 31.64725
1235.191, 24.68820
1235.673, 16.24622
1236.155, 14.54095
1236.637, 14.44620
1237.120, 7.613831
1237.602, 0.2183840
1238.084, 0.5957030
1238.566, 8.901428
1239.048, 16.27161
1239.530, 22.04236
1240.012, 23.83838
1240.494, 19.15121
1240.976, 14.43143
1241.458, 11.76093
1241.941, 8.902924
1242.423, 4.359039
1242.905, 0.7171940
1243.387, 2.7008001E-02
1243.869, 0.0000000E+00
##END=



