##NAMES=Tennantite-(Fe)
##RRUFFID=R110024
##IDEAL CHEMISTRY=Cu^1+^_6_(Cu^1+^_4_Fe^2+^_2_)As^3+^_4_S^2-^_13_
##LOCALITY=Quiruvilca, La Libertad Department, Peru
##OWNER=RRUFF
##SOURCE=William Pinch
##DESCRIPTION=Black metallic tetrahedral crystals associated with pinkish grey famatinite, R110022, on pyrite
##STATUS=The identification of this mineral has been confirmed only by single crystal X-ray diffraction.
##URL=rruff.info/R110024
203.3075, 0.0000000E+00
203.7896, 0.3984310
204.2717, 2.157558
204.7538, 2.883465
205.2360, 2.234238
205.7181, 1.579908
206.2002, 1.969578
206.6823, 3.548165
207.1644, 4.535665
207.6465, 4.641344
208.1287, 4.143421
208.6108, 4.308763
209.0929, 4.637915
209.5750, 4.707276
210.0571, 3.980448
210.5392, 2.172935
211.0214, 1.077788
211.5035, 1.115077
211.9856, 1.893805
212.4677, 1.960123
212.9498, 1.008834
213.4319, 6.4901002E-02
213.9140, 0.2557880
214.3962, 0.1452460
214.8783, 0.8292290
215.3604, 1.909035
215.8425, 3.226369
216.3246, 4.115058
216.8067, 5.282457
217.2889, 5.970384
217.7710, 5.418070
218.2531, 3.788277
218.7352, 3.192693
219.2173, 4.323837
219.6994, 6.638037
220.1816, 7.359477
220.6637, 5.704343
221.1458, 3.835671
221.6279, 3.212700
222.1100, 4.189904
222.5921, 5.319647
223.0743, 7.229969
223.5564, 9.715357
224.0385, 10.43653
224.5206, 8.951059
225.0027, 7.050061
225.4848, 5.839808
225.9670, 5.662690
226.4491, 5.298289
226.9312, 4.230626
227.4133, 2.856808
227.8954, 3.501204
228.3775, 8.128851
228.8597, 11.89429
229.3418, 11.20504
229.8239, 2.793797
230.3060, 2.346650
230.7881, 2.241941
231.2702, 1.900263
231.7524, 4.452164
232.2345, 4.435808
232.7166, 3.734910
233.1987, 3.310197
233.6808, 3.190670
234.1629, 3.335312
234.6451, 3.828760
235.1272, 4.563278
235.6093, 4.912449
236.0914, 4.778290
236.5735, 4.417022
237.0556, 4.341268
237.5378, 4.960253
238.0199, 4.940712
238.5020, 3.957051
238.9841, 2.275718
239.4662, 0.9274980
239.9483, 0.3796350
240.4305, 0.9606880
240.9126, 0.1755470
241.3947, 3.438184
241.8768, 5.073981
242.3589, 3.502817
242.8410, 0.1276190
243.3232, 1.610673
243.8053, 0.4974240
244.2874, 2.800372
244.7695, 3.558366
245.2516, 1.691864
245.7337, 0.7663220
246.2159, 1.365500
246.6980, 2.916577
247.1801, 3.517802
247.6622, 2.696943
248.1443, 1.651322
248.6264, 0.9104240
249.1086, 0.4552100
249.5907, 0.3775620
250.0728, 0.9333320
250.5549, 1.795923
251.0370, 1.989623
251.5191, 0.9104810
252.0013, 0.1233080
252.4834, 0.4539420
252.9655, 2.602792
253.4476, 4.030708
253.9297, 4.627727
254.4118, 4.553264
254.8940, 4.015134
255.3761, 2.430612
255.8582, 1.417926
256.3403, 1.945596
256.8224, 4.911016
257.3046, 6.385810
257.7867, 5.936993
258.2688, 4.265685
258.7509, 2.526188
259.2330, 0.2953570
259.7151, 1.102076
260.1973, 0.9036760
260.6794, 1.392450
261.1615, 3.015349
261.6436, 3.863320
262.1257, 4.114987
262.6078, 4.028349
263.0900, 3.563252
263.5721, 2.840345
264.0542, 1.693060
264.5363, 0.1101020
265.0184, 0.7076810
265.5005, 0.4220380
265.9827, 2.130573
266.4648, 2.724788
266.9469, 1.872851
267.4290, 0.8300950
267.9111, 0.2886420
268.3932, 1.556882
268.8754, 1.294117
269.3575, 1.195863
269.8396, 4.143032
270.3217, 5.050049
270.8038, 3.333891
271.2859, 1.829216
271.7681, 1.345395
272.2502, 1.887953
272.7323, 2.511714
273.2144, 3.322376
273.6965, 3.956957
274.1786, 3.833127
274.6608, 2.725271
275.1429, 2.096313
275.6250, 2.496163
276.1071, 3.735027
276.5892, 4.296265
277.0714, 3.978754
277.5535, 3.529807
278.0356, 3.824697
278.5177, 4.987853
278.9998, 5.567184
279.4819, 5.105152
279.9641, 3.865731
280.4462, 2.936411
280.9283, 2.301058
281.4104, 2.035664
281.8925, 2.593613
282.3746, 4.002016
282.8568, 4.186477
283.3389, 2.280570
283.8210, 0.6457740
284.3031, 1.340780
284.7852, 0.4212260
285.2673, 2.490103
285.7495, 3.297680
286.2316, 2.944301
286.7137, 2.678114
287.1958, 2.589890
287.6779, 2.760730
288.1600, 3.363256
288.6422, 4.586884
289.1243, 5.881974
289.6064, 6.688192
290.0885, 7.035076
290.5706, 6.916361
291.0527, 6.216936
291.5349, 5.334640
292.0170, 4.661728
292.4991, 4.244003
292.9812, 4.543163
293.4633, 6.630737
293.9454, 9.707501
294.4276, 11.05548
294.9097, 10.34147
295.3918, 8.687099
295.8739, 6.965582
296.3560, 5.339138
296.8381, 4.501175
297.3203, 5.104351
297.8024, 6.639267
298.2845, 8.299723
298.7666, 10.18485
299.2487, 11.88030
299.7308, 13.36171
300.2130, 14.39687
300.6951, 14.25950
301.1772, 11.24989
301.6593, 7.678986
302.1414, 6.759369
302.6235, 8.454264
303.1057, 10.86900
303.5878, 13.09350
304.0699, 14.86108
304.5520, 15.55074
305.0341, 14.08546
305.5162, 12.27312
305.9984, 12.31640
306.4805, 13.95306
306.9626, 15.39294
307.4447, 15.28821
307.9268, 14.29016
308.4089, 13.09003
308.8911, 11.27822
309.3732, 10.22119
309.8553, 11.87000
310.3374, 15.41682
310.8195, 18.16456
311.3016, 18.10024
311.7838, 16.77088
312.2659, 15.47662
312.7480, 14.40778
313.2301, 13.55135
313.7122, 13.05679
314.1943, 12.75946
314.6765, 12.32294
315.1586, 11.24117
315.6407, 10.22240
316.1228, 9.673567
316.6049, 9.658888
317.0870, 10.08898
317.5692, 11.57765
318.0513, 13.34174
318.5334, 14.23132
319.0155, 12.76203
319.4976, 11.24517
319.9797, 10.80036
320.4619, 11.59437
320.9440, 12.29357
321.4261, 12.25657
321.9082, 12.04143
322.3903, 12.17536
322.8724, 13.61249
323.3546, 14.56529
323.8367, 14.21578
324.3188, 12.61913
324.8009, 11.50867
325.2830, 11.40607
325.7651, 11.72918
326.2473, 12.06809
326.7294, 13.07458
327.2115, 13.44668
327.6936, 12.31522
328.1757, 10.15858
328.6578, 9.318007
329.1400, 11.24496
329.6221, 13.29723
330.1042, 14.37620
330.5863, 14.02967
331.0684, 13.42262
331.5505, 12.13205
332.0327, 10.66078
332.5148, 10.21475
332.9969, 11.71315
333.4790, 13.00170
333.9611, 13.26850
334.4432, 12.16015
334.9254, 11.47265
335.4075, 11.48493
335.8896, 11.68919
336.3717, 11.27704
336.8538, 9.825642
337.3359, 8.780735
337.8180, 8.517418
338.3001, 9.027351
338.7823, 10.18510
339.2644, 12.29906
339.7465, 14.42956
340.2286, 15.62873
340.7107, 15.77588
341.1928, 15.64423
341.6750, 15.32007
342.1571, 14.82179
342.6392, 14.26391
343.1213, 13.57378
343.6034, 13.11370
344.0855, 13.14625
344.5677, 13.46712
345.0498, 13.58090
345.5319, 13.62014
346.0140, 13.60845
346.4961, 13.57713
346.9782, 13.52389
347.4604, 13.38598
347.9425, 12.95286
348.4246, 12.37872
348.9067, 12.24761
349.3888, 12.60822
349.8709, 13.32004
350.3531, 14.75646
350.8352, 16.55595
351.3173, 17.37444
351.7994, 15.88323
352.2815, 13.30307
352.7636, 11.36091
353.2458, 10.06042
353.7279, 9.802869
354.2100, 12.07702
354.6921, 15.47994
355.1742, 17.44760
355.6563, 16.15838
356.1385, 14.12604
356.6206, 13.74968
357.1027, 14.76761
357.5848, 15.87625
358.0669, 16.23035
358.5490, 16.34299
359.0312, 16.77074
359.5133, 17.87549
359.9954, 18.87125
360.4775, 19.02299
360.9596, 18.57946
361.4417, 18.20091
361.9239, 17.93710
362.4060, 17.93734
362.8881, 18.64174
363.3702, 20.37718
363.8523, 21.23874
364.3344, 19.60943
364.8166, 17.12807
365.2987, 15.65232
365.7808, 16.25543
366.2629, 17.30711
366.7450, 18.73563
367.2271, 20.51457
367.7093, 21.50760
368.1914, 20.03043
368.6735, 18.70115
369.1556, 19.28924
369.6377, 25.01847
370.1198, 28.52345
370.6020, 28.30548
371.0841, 25.49059
371.5662, 24.22257
372.0483, 25.30572
372.5304, 26.82116
373.0125, 28.00240
373.4947, 28.70265
373.9768, 29.47256
374.4589, 30.37634
374.9410, 31.30626
375.4231, 32.05324
375.9052, 32.53788
376.3874, 33.06465
376.8695, 33.62978
377.3516, 34.25390
377.8337, 35.66555
378.3158, 38.29490
378.7979, 40.58627
379.2801, 40.52119
379.7622, 37.95441
380.2443, 36.29863
380.7264, 36.47514
381.2085, 37.74747
381.6906, 37.98237
382.1728, 37.15403
382.6549, 36.54651
383.1370, 37.31614
383.6191, 39.09667
384.1012, 40.49169
384.5833, 41.41279
385.0655, 41.78160
385.5476, 41.64783
386.0297, 40.92331
386.5118, 39.28775
386.9939, 35.59344
387.4760, 31.28154
387.9582, 28.64875
388.4403, 27.73188
388.9224, 27.01943
389.4045, 25.18941
389.8866, 22.83213
390.3687, 20.78823
390.8509, 19.75134
391.3330, 18.69438
391.8151, 16.62828
392.2972, 13.82699
392.7793, 11.39618
393.2614, 10.17839
393.7436, 9.295694
394.2257, 8.017362
394.7078, 5.886080
395.1899, 4.253260
395.6720, 3.654093
396.1541, 3.847337
396.6363, 4.392896
397.1184, 5.956772
397.6005, 7.191833
398.0826, 7.459862
398.5647, 6.680819
399.0468, 5.718315
399.5290, 4.839340
400.0111, 3.701342
400.4932, 1.979670
400.9753, 2.107263
401.4574, 4.339736
401.9395, 3.510466
402.4217, 0.3620890
402.9038, 1.581546
403.3859, 1.807963
403.8680, 1.581911
404.3501, 1.469071
404.8322, 1.500364
405.3144, 1.544893
405.7965, 1.608209
406.2786, 1.678235
406.7607, 1.761910
407.2428, 1.882389
407.7249, 1.885371
408.2071, 1.690882
408.6892, 1.329397
409.1713, 0.9865430
409.6534, 0.6584150
410.1355, 0.3630760
410.6176, 0.1337360
411.0998, 4.2461999E-02
411.5819, 0.3073470
412.0640, 0.8494460
412.5461, 1.166964
413.0282, 0.2034920
413.5103, 1.809278
413.9925, 3.347584
414.4746, 3.136312
414.9567, 2.017669
415.4388, 1.388731
415.9209, 1.420436
416.4030, 1.324198
416.8852, 1.7027000E-02
417.3673, 1.795120
417.8494, 2.968804
418.3315, 2.881248
418.8136, 2.178009
419.2957, 0.8861880
419.7779, 0.8363460
420.2600, 2.056668
420.7421, 1.804602
421.2242, 1.210762
421.7063, 1.146399
422.1884, 2.184197
422.6706, 2.961816
423.1527, 2.835978
423.6348, 2.297533
424.1169, 2.174099
424.5990, 3.591456
425.0811, 4.470860
425.5633, 3.759449
426.0454, 1.037211
426.5275, 0.2579660
427.0096, 1.079185
427.4917, 2.878146
427.9738, 3.215980
428.4560, 0.8923840
428.9381, 0.3244640
429.4202, 0.3794070
429.9023, 2.398069
430.3844, 3.752648
430.8665, 4.400747
431.3487, 4.521300
431.8308, 3.874018
432.3129, 2.408624
432.7950, 1.887989
433.2771, 2.587303
433.7592, 3.547225
434.2414, 3.236675
434.7235, 1.802577
435.2056, 1.071980
435.6877, 1.952379
436.1698, 3.664191
436.6519, 4.673707
437.1341, 4.988592
437.6162, 4.840686
438.0983, 4.117563
438.5804, 3.116608
439.0625, 2.250034
439.5446, 1.474182
440.0268, 1.232397
440.5089, 2.621230
440.9910, 4.836030
441.4731, 6.206172
441.9552, 5.028629
442.4373, 3.530204
442.9195, 3.247641
443.4016, 4.202037
443.8837, 5.110559
444.3658, 5.668052
444.8479, 5.776672
445.3300, 5.328398
445.8122, 3.629842
446.2943, 2.451710
446.7764, 2.349497
447.2585, 2.983847
447.7406, 3.489036
448.2227, 4.168132
448.7049, 4.339712
449.1870, 3.591533
449.6691, 1.657404
450.1512, 0.4747570
450.6333, 0.3737080
451.1154, 0.6770950
451.5976, 0.6775740
452.0797, 0.1285880
452.5618, 0.1919360
453.0439, 1.404911
453.5260, 3.157327
454.0081, 3.254742
454.4903, 1.372525
454.9724, 4.2828001E-02
455.4545, 1.002719
455.9366, 4.008446
456.4187, 5.222559
456.9008, 4.307947
457.3830, 2.771918
457.8651, 2.418916
458.3472, 2.916593
458.8293, 3.066011
459.3114, 2.271137
459.7935, 1.352810
460.2757, 1.327278
460.7578, 1.899206
461.2399, 2.410018
461.7220, 2.423802
462.2041, 2.209157
462.6862, 1.970595
463.1684, 1.700423
463.6505, 1.580794
464.1326, 1.805281
464.6147, 2.207075
465.0968, 2.574885
465.5789, 2.572503
466.0611, 2.796485
466.5432, 3.710024
467.0253, 5.202472
467.5074, 6.077090
467.9895, 6.166490
468.4716, 5.623030
468.9538, 4.337215
469.4359, 1.283800
469.9180, 0.1961570
470.4001, 0.7425240
470.8822, 2.744020
471.3643, 3.720431
471.8465, 3.328169
472.3286, 2.829323
472.8107, 2.512045
473.2928, 2.355192
473.7749, 2.209441
474.2570, 2.069398
474.7392, 1.970445
475.2213, 1.824434
475.7034, 1.677849
476.1855, 1.714184
476.6676, 2.018639
477.1497, 2.462171
477.6319, 2.817122
478.1140, 3.043705
478.5961, 3.226596
479.0782, 3.701406
479.5603, 3.967986
480.0424, 3.083389
480.5246, 1.216745
481.0067, 0.2262710
481.4888, 0.1270150
481.9709, 0.6521040
482.4530, 1.425194
482.9352, 2.172014
483.4173, 2.608079
483.8994, 2.186794
484.3815, 1.443088
484.8636, 1.327366
485.3457, 2.931349
485.8279, 4.187853
486.3100, 4.505073
486.7921, 3.799483
487.2742, 2.932121
487.7563, 1.392455
488.2384, 0.1389810
488.7206, 0.1503120
489.2027, 0.7696190
489.6848, 1.510703
490.1669, 2.141570
490.6490, 2.553518
491.1311, 2.397691
491.6133, 1.528010
492.0954, 1.150561
492.5775, 1.888391
493.0596, 3.335804
493.5417, 3.956585
494.0238, 3.742133
494.5060, 3.236565
494.9881, 2.779841
495.4702, 2.344861
495.9523, 1.751405
496.4344, 0.8912280
496.9165, 0.2883010
497.3987, 0.6982940
497.8808, 1.718923
498.3629, 2.584348
498.8450, 3.134409
499.3271, 3.295273
499.8092, 2.866680
500.2914, 1.932268
500.7735, 0.9861850
501.2556, 0.3801240
501.7377, 1.276937
502.2198, 0.9880940
502.7019, 1.304170
503.1841, 2.847559
503.6662, 2.700687
504.1483, 1.880104
504.6304, 1.570325
505.1125, 2.147751
505.5946, 2.630547
506.0768, 2.860006
506.5589, 2.878206
507.0410, 2.935547
507.5231, 3.109233
508.0052, 3.080751
508.4873, 2.559834
508.9695, 1.561377
509.4516, 1.077888
509.9337, 1.154155
510.4158, 1.484854
510.8979, 1.820107
511.3800, 2.107659
511.8622, 2.213686
512.3443, 1.967336
512.8264, 1.668363
513.3085, 2.177489
513.7906, 3.178719
514.2728, 3.641218
514.7549, 2.177526
515.2370, 0.4569210
515.7191, 0.1423440
516.2012, 1.435106
516.6833, 2.490306
517.1655, 2.102729
517.6476, 1.320487
518.1297, 1.068717
518.6118, 1.855033
519.0939, 2.567108
519.5760, 3.102537
520.0582, 3.427152
520.5403, 3.521921
521.0224, 3.223580
521.5045, 2.931492
521.9866, 2.791020
522.4688, 2.800539
522.9509, 2.523054
523.4330, 1.750023
523.9151, 1.168119
524.3972, 1.450571
524.8793, 2.619389
525.3615, 3.646551
525.8436, 4.563261
526.3257, 4.996187
526.8078, 3.677131
527.2899, 1.111088
527.7720, 0.2413560
528.2542, 1.619524
528.7363, 4.570006
529.2184, 6.019990
529.7005, 6.086637
530.1826, 5.447086
530.6647, 3.323373
531.1469, 1.262031
531.6290, 0.8366790
532.1111, 2.686484
532.5932, 4.084182
533.0753, 3.486840
533.5574, 2.102435
534.0396, 1.193807
534.5217, 1.248748
535.0038, 1.465976
535.4859, 1.622619
535.9680, 1.849805
536.4501, 2.703568
536.9323, 4.987837
537.4144, 6.519093
537.8965, 6.258137
538.3786, 4.156605
538.8607, 2.487805
539.3428, 1.285107
539.8250, 0.6207930
540.3071, 0.7301890
540.7892, 1.525545
541.2713, 2.303173
541.7534, 3.055372
542.2355, 3.502679
542.7177, 2.726686
543.1998, 1.173489
543.6819, 0.1972290
544.1640, 1.289762
544.6461, 2.642326
545.1282, 2.139661
545.6104, 0.1451290
546.0925, 1.220284
546.5746, 0.2021590
547.0567, 1.439186
547.5388, 2.507285
548.0209, 2.717096
548.5031, 2.731587
548.9852, 2.500268
549.4673, 2.230281
549.9494, 2.146809
550.4315, 2.396680
550.9136, 2.601379
551.3958, 2.725675
551.8779, 2.779108
552.3600, 2.805501
552.8421, 2.834373
553.3242, 2.720033
553.8063, 2.212636
554.2885, 1.436696
554.7706, 1.653279
555.2527, 2.987068
555.7348, 4.150478
556.2169, 3.592717
556.6990, 2.006747
557.1812, 1.250146
557.6633, 1.751400
558.1454, 2.586009
558.6275, 2.939943
559.1096, 2.950835
559.5917, 2.921361
560.0739, 3.214590
560.5560, 3.480233
561.0381, 3.327359
561.5202, 2.858831
562.0023, 2.526424
562.4844, 2.669110
562.9666, 2.778594
563.4487, 2.452362
563.9308, 1.407289
564.4129, 1.381761
564.8950, 3.156445
565.3771, 5.097044
565.8593, 5.716746
566.3414, 4.584562
566.8235, 4.051880
567.3056, 4.544734
567.7877, 5.422287
568.2698, 5.402903
568.7520, 4.545104
569.2341, 3.857965
569.7162, 3.918309
570.1983, 4.252632
570.6804, 3.795751
571.1625, 2.685318
571.6447, 1.865896
572.1268, 2.284011
572.6089, 3.099910
573.0910, 3.602369
573.5731, 3.743210
574.0552, 3.339826
574.5374, 1.627772
575.0195, 0.3488710
575.5016, 1.587700
575.9837, 1.439788
576.4658, 1.092967
576.9479, 0.5564470
577.4301, 8.7233000E-02
577.9122, 0.7047820
578.3943, 1.400233
578.8764, 1.865010
579.3585, 1.965948
579.8406, 1.754221
580.3228, 1.518671
580.8049, 1.221568
581.2870, 1.143846
581.7691, 1.729027
582.2512, 2.732518
582.7333, 3.104439
583.2155, 2.745472
583.6975, 2.153457
584.1796, 1.594481
584.6617, 1.162411
585.1439, 1.074770
585.6260, 1.682608
586.1081, 2.093486
586.5902, 1.249035
587.0723, 0.1910210
587.5544, 0.9420010
588.0366, 7.0238002E-02
588.5187, 0.9549160
589.0008, 1.753982
589.4829, 2.308991
589.9650, 2.670186
590.4471, 2.864561
590.9293, 2.826277
591.4114, 2.455675
591.8935, 1.640050
592.3756, 1.332619
592.8577, 1.638678
593.3398, 2.169794
593.8220, 2.708517
594.3041, 3.195186
594.7862, 3.040313
595.2683, 1.937078
595.7504, 0.6901610
596.2325, 0.2943360
596.7147, 0.5816810
597.1968, 1.114787
597.6789, 2.318058
598.1610, 3.182437
598.6431, 2.470787
599.1252, 0.6020050
599.6074, 0.4814330
600.0895, 0.7212980
600.5716, 2.174956
601.0537, 2.951342
601.5358, 2.879856
602.0179, 2.440797
602.5001, 0.8833610
602.9822, 0.3001520
603.4643, 0.2817350
603.9464, 3.356320
604.4285, 5.058838
604.9106, 4.887500
605.3928, 3.656971
605.8749, 2.386416
606.3570, 1.105685
606.8391, 0.2486580
607.3212, 7.4478999E-02
607.8033, 0.1174780
608.2855, 1.281119
608.7676, 3.060390
609.2497, 4.186187
609.7318, 3.211060
610.2139, 1.837519
610.6960, 1.492093
611.1782, 2.207442
611.6603, 2.800409
612.1424, 2.738358
612.6245, 2.514021
613.1066, 2.461690
613.5887, 2.830586
614.0709, 2.818588
614.5530, 2.112331
615.0351, 1.306130
615.5172, 1.058124
615.9993, 1.503203
616.4814, 1.894620
616.9636, 2.134133
617.4457, 2.257997
617.9278, 2.356893
618.4099, 2.419322
618.8920, 2.333220
619.3741, 1.894403
619.8563, 1.394569
620.3384, 1.346639
620.8205, 1.666708
621.3026, 1.935257
621.7847, 1.672885
622.2668, 1.437436
622.7490, 1.799294
623.2311, 2.889139
623.7132, 3.588555
624.1953, 3.345730
624.6774, 2.783045
625.1595, 2.319378
625.6417, 1.921194
626.1238, 1.752526
626.6059, 1.940053
627.0880, 2.167872
627.5701, 1.890209
628.0522, 1.025420
628.5344, 0.4702490
629.0165, 0.4841720
629.4986, 0.8003360
629.9807, 0.9926100
630.4628, 1.051665
630.9449, 0.9280330
631.4271, 0.1850380
631.9092, 0.4871020
632.3913, 0.2353330
632.8734, 0.8107980
633.3555, 1.909515
633.8376, 3.111145
634.3198, 4.125786
634.8019, 4.885397
635.2840, 5.468655
635.7661, 5.281880
636.2482, 3.403555
636.7303, 1.460195
637.2125, 0.6175160
637.6946, 1.334138
638.1767, 1.819488
638.6588, 1.961844
639.1409, 1.937344
639.6230, 2.050251
640.1052, 2.277614
640.5873, 2.173257
641.0694, 1.418709
641.5515, 0.6386450
642.0336, 0.9795330
642.5157, 2.109606
642.9979, 3.068473
643.4800, 3.310381
643.9621, 3.264467
644.4442, 3.147578
644.9263, 2.965460
645.4084, 2.750578
645.8906, 2.940251
646.3727, 2.879941
646.8548, 2.020401
647.3369, 0.1585860
647.8190, 0.6017840
648.3011, 5.6671999E-02
648.7833, 1.174698
649.2654, 2.181342
649.7475, 3.137225
650.2296, 3.137379
650.7117, 1.938289
651.1938, 0.5445350
651.6760, 0.2249260
652.1581, 0.7446580
652.6402, 1.462715
653.1223, 2.403605
653.6044, 3.083261
654.0865, 2.895578
654.5687, 2.163888
655.0508, 1.514059
655.5329, 1.032037
656.0150, 0.8171500
656.4971, 1.100978
656.9792, 1.749583
657.4614, 2.031132
657.9435, 1.668853
658.4256, 1.397400
658.9077, 1.491779
659.3898, 1.935218
659.8719, 2.423207
660.3541, 3.053898
660.8362, 3.254645
661.3183, 2.104714
661.8004, 0.1462340
662.2825, 0.1638090
662.7646, 1.396194
663.2468, 3.039201
663.7289, 2.704691
664.2110, 1.693492
664.6931, 1.888505
665.1752, 4.342203
665.6573, 6.314139
666.1395, 6.407683
666.6216, 5.442379
667.1037, 4.407600
667.5858, 2.631631
668.0679, 1.928607
668.5500, 3.023677
669.0322, 5.014861
669.5143, 5.887380
669.9964, 5.475559
670.4785, 4.758185
670.9606, 3.946383
671.4427, 3.157963
671.9249, 2.645880
672.4070, 2.452139
672.8891, 2.384492
673.3712, 2.300161
673.8533, 2.295640
674.3354, 2.617177
674.8176, 3.216975
675.2997, 3.569261
675.7818, 3.045069
676.2639, 2.464940
676.7460, 2.428712
677.2281, 3.247459
677.7103, 3.604263
678.1924, 3.162263
678.6745, 2.557366
679.1566, 2.223422
679.6387, 2.240333
680.1208, 2.149710
680.6030, 1.818792
681.0851, 1.666679
681.5672, 2.869292
682.0493, 4.930615
682.5314, 5.184227
683.0135, 2.449783
683.4957, 0.4274600
683.9778, 0.1076770
684.4599, 2.596894
684.9420, 4.273356
685.4241, 3.115376
685.9063, 2.026260
686.3884, 2.341411
686.8705, 3.627225
687.3526, 4.319712
687.8347, 3.864344
688.3168, 3.518478
688.7990, 3.704960
689.2811, 4.303503
689.7632, 4.499640
690.2453, 4.311983
690.7274, 3.840260
691.2095, 2.822427
691.6917, 1.585678
692.1738, 1.284788
692.6559, 1.934356
693.1380, 2.482749
693.6201, 2.005188
694.1022, 1.275229
694.5844, 0.9931860
695.0665, 1.262206
695.5486, 1.938075
696.0307, 3.534367
696.5128, 5.160091
696.9949, 6.130724
697.4771, 6.457804
697.9592, 6.037800
698.4413, 4.473006
698.9234, 2.676872
699.4055, 1.773969
699.8876, 1.776523
700.3698, 2.039119
700.8519, 2.548377
701.3340, 3.010834
701.8161, 2.913848
702.2982, 2.440586
702.7803, 2.065098
703.2625, 2.213574
703.7446, 2.209256
704.2267, 1.068988
704.7088, 0.5250880
705.1909, 1.058201
705.6730, 0.9158240
706.1552, 2.844651
706.6373, 4.281420
707.1194, 5.184803
707.6015, 5.262911
708.0836, 4.280492
708.5657, 3.158894
709.0479, 2.103655
709.5300, 1.225103
710.0121, 1.156077
710.4942, 1.867620
710.9763, 2.623617
711.4584, 3.038192
711.9406, 3.158650
712.4227, 2.772115
712.9048, 1.910752
713.3869, 1.664340
713.8690, 3.460787
714.3511, 5.391113
714.8333, 6.126722
715.3154, 5.044270
715.7975, 4.295866
716.2796, 4.056829
716.7617, 3.946354
717.2438, 3.614563
717.7260, 3.019256
718.2081, 2.783083
718.6902, 3.044841
719.1723, 3.254777
719.6544, 2.553195
720.1365, 1.301761
720.6187, 0.4092620
721.1008, 6.9149002E-02
721.5829, 0.1106500
722.0650, 0.8244990
722.5471, 1.695252
723.0292, 2.044443
723.5114, 0.5735650
723.9935, 7.1312003E-02
724.4756, 1.304475
724.9577, 3.445262
725.4398, 4.196173
725.9219, 3.057595
726.4041, 2.051889
726.8862, 1.691212
727.3683, 1.638247
727.8504, 0.7949840
728.3325, 0.6394800
728.8146, 1.270700
729.2968, 5.5163000E-02
729.7789, 1.937837
730.2610, 4.101165
730.7431, 6.121809
731.2252, 6.962709
731.7073, 4.716768
732.1895, 2.609404
732.6716, 2.297776
733.1537, 3.681479
733.6358, 4.424353
734.1179, 4.469790
734.6000, 3.941794
735.0822, 2.572589
735.5643, 0.5403070
736.0464, 0.1196320
736.5285, 0.6503850
737.0106, 1.633737
737.4927, 2.274864
737.9749, 2.439365
738.4570, 1.355818
738.9391, 0.9241650
739.4212, 2.182134
739.9033, 2.5259999E-03
740.3854, 2.928052
740.8676, 4.720681
741.3497, 4.783966
741.8318, 4.593375
742.3139, 4.001072
742.7960, 3.514746
743.2781, 3.577648
743.7603, 4.349652
744.2424, 4.438652
744.7245, 3.687347
745.2066, 2.756831
745.6887, 2.330116
746.1708, 2.261056
746.6530, 2.094408
747.1351, 1.669487
747.6172, 1.584080
748.0993, 3.158077
748.5814, 4.907758
749.0635, 5.143505
749.5457, 1.601222
750.0278, 0.4226680
750.5099, 0.7110740
750.9920, 3.030950
751.4741, 4.409065
751.9562, 4.787402
752.4384, 4.220714
752.9205, 2.356961
753.4026, 0.3214030
753.8847, 0.1430140
754.3668, 1.417048
754.8489, 2.534661
755.3311, 3.014052
755.8132, 3.155511
756.2953, 3.198678
756.7774, 3.086196
757.2595, 2.717236
757.7416, 1.337895
758.2238, 0.5494870
758.7059, 1.293243
759.1880, 2.721243
759.6701, 2.905600
760.1522, 1.254931
760.6343, 0.3075750
761.1165, 0.8389750
761.5986, 2.322022
762.0807, 3.797410
762.5628, 5.142502
763.0449, 5.780366
763.5270, 4.775755
764.0092, 3.661717
764.4913, 4.481025
764.9734, 6.504051
765.4555, 7.473963
765.9376, 5.305919
766.4197, 3.278176
766.9019, 2.647694
767.3840, 3.135146
767.8661, 3.531264
768.3482, 3.900871
768.8303, 3.964222
769.3124, 3.429515
769.7946, 2.563671
770.2767, 2.291975
770.7588, 2.581825
771.2409, 3.128910
771.7230, 4.382133
772.2051, 5.359040
772.6873, 4.448475
773.1694, 2.007204
773.6515, 0.7821360
774.1336, 3.196806
774.6157, 5.614528
775.0978, 6.441095
775.5800, 5.728116
776.0621, 4.881115
776.5442, 3.825682
777.0263, 2.880623
777.5084, 2.041476
777.9905, 1.394993
778.4727, 1.352104
778.9548, 1.875617
779.4369, 2.302506
779.9190, 2.086987
780.4011, 1.591840
780.8832, 1.008830
781.3654, 0.3730070
781.8475, 0.1909530
782.3296, 0.8049830
782.8117, 1.801541
783.2938, 3.244653
783.7759, 5.297647
784.2581, 5.673594
784.7402, 3.865770
785.2223, 1.965168
785.7044, 1.468756
786.1865, 2.028833
786.6686, 2.428610
787.1508, 2.751865
787.6329, 3.143801
788.1150, 4.250200
788.5971, 5.194786
789.0792, 4.729547
789.5613, 2.464360
790.0435, 1.340097
790.5256, 3.668870
791.0077, 5.888979
791.4898, 5.875382
791.9719, 3.113174
792.4540, 1.918756
792.9362, 2.610214
793.4183, 3.636742
793.9004, 3.605309
794.3825, 2.909273
794.8646, 2.601301
795.3467, 2.758904
795.8289, 2.940721
796.3110, 3.116496
796.7931, 2.920473
797.2752, 1.859503
797.7573, 0.2807800
798.2394, 1.500261
798.7216, 1.305439
799.2037, 0.4650960
799.6858, 0.8242630
800.1679, 2.781256
800.6500, 3.243014
801.1321, 2.001225
801.6143, 0.6217840
802.0964, 0.4530120
802.5785, 1.176037
803.0606, 2.602477
803.5427, 4.806176
804.0248, 5.961877
804.5070, 3.809445
804.9891, 1.012825
805.4712, 0.2964260
805.9533, 0.7553400
806.4354, 1.197243
806.9175, 0.5794730
807.3997, 1.5362000E-02
807.8818, 0.3351640
808.3639, 1.678263
808.8460, 2.414376
809.3281, 2.449175
809.8102, 2.403854
810.2924, 3.084691
810.7745, 3.977846
811.2566, 4.414273
811.7387, 4.430599
812.2208, 4.351361
812.7029, 4.161202
813.1851, 4.017108
813.6672, 4.135439
814.1493, 4.754966
814.6314, 4.401394
815.1135, 2.574293
815.5956, 1.031443
816.0778, 1.630391
816.5599, 3.820265
817.0420, 5.004818
817.5241, 5.035160
818.0062, 4.715745
818.4883, 4.491891
818.9705, 4.347051
819.4526, 4.301200
819.9347, 4.385005
820.4168, 4.340532
820.8989, 4.198216
821.3810, 3.819644
821.8632, 2.924072
822.3453, 1.348635
822.8274, 1.136067
823.3095, 2.532292
823.7916, 3.862929
824.2737, 3.588590
824.7559, 2.428191
825.2380, 1.731189
825.7201, 1.589563
826.2022, 1.857268
826.6843, 2.793988
827.1664, 3.843388
827.6486, 4.703326
828.1307, 5.370714
828.6128, 5.559977
829.0949, 5.074445
829.5770, 4.450795
830.0591, 3.845166
830.5413, 3.303718
831.0234, 3.440480
831.5055, 4.246864
831.9876, 5.075519
832.4697, 5.989983
832.9518, 6.353914
833.4340, 4.852512
833.9161, 1.632100
834.3982, 0.4492030
834.8803, 0.6127560
835.3624, 2.065998
835.8445, 2.783872
836.3267, 2.785913
836.8088, 2.382070
837.2909, 1.401151
837.7730, 0.8268170
838.2551, 1.694357
838.7372, 3.214749
839.2194, 2.975313
839.7015, 1.324722
840.1836, 0.3073300
840.6657, 2.216141
841.1478, 4.107798
841.6299, 3.619339
842.1121, 1.067606
842.5942, 7.7264003E-02
843.0763, 1.942305
843.5584, 3.402661
844.0405, 3.297860
844.5226, 2.056016
845.0048, 1.159774
845.4869, 0.6249720
845.9690, 0.7135200
846.4511, 2.290195
846.9332, 3.935932
847.4153, 3.793421
847.8975, 2.428582
848.3796, 1.442134
848.8617, 1.849342
849.3438, 2.168715
849.8259, 1.638165
850.3080, 0.8099540
850.7902, 1.430808
851.2723, 3.880360
851.7544, 5.356096
852.2365, 4.754601
852.7186, 3.285724
853.2007, 3.509867
853.6829, 4.841504
854.1650, 5.558526
854.6471, 4.532958
855.1292, 3.330394
855.6113, 2.350936
856.0934, 1.701658
856.5756, 1.837144
857.0577, 3.622449
857.5398, 4.406187
858.0219, 3.537530
858.5040, 2.046178
858.9861, 1.574433
859.4683, 1.979889
859.9504, 2.583823
860.4325, 3.318516
860.9146, 3.892852
861.3967, 3.815878
861.8788, 3.510474
862.3610, 3.526587
862.8431, 4.409712
863.3252, 4.828133
863.8073, 4.583200
864.2894, 4.027741
864.7715, 3.484749
865.2537, 2.943751
865.7358, 2.591096
866.2179, 2.493769
866.7000, 2.140053
867.1821, 0.1600500
867.6642, 2.053580
868.1464, 2.088073
868.6285, 0.7829990
869.1106, 3.197795
869.5927, 3.670084
870.0748, 3.401895
870.5569, 3.159800
871.0391, 2.959154
871.5212, 2.712064
872.0033, 2.427159
872.4854, 2.060775
872.9675, 1.272186
873.4496, 0.4477700
873.9318, 0.8580890
874.4139, 2.409710
874.8960, 3.592500
875.3781, 3.263710
875.8602, 2.505054
876.3423, 1.704293
876.8245, 0.9450740
877.3066, 1.198856
877.7887, 3.161263
878.2708, 4.537420
878.7529, 4.223126
879.2350, 2.710480
879.7172, 1.236243
880.1993, 6.0192000E-02
880.6814, 0.4129880
881.1635, 1.689478
881.6456, 3.910117
882.1277, 4.486803
882.6099, 3.769499
883.0920, 2.824618
883.5741, 1.399147
884.0562, 0.4010040
884.5383, 2.5363000E-02
885.0204, 9.7672001E-02
885.5026, 0.1850470
885.9847, 0.3138340
886.4668, 0.9619360
886.9489, 2.500142
887.4310, 4.069259
887.9131, 4.725372
888.3953, 4.770467
888.8774, 4.664141
889.3595, 4.572459
889.8416, 4.251443
890.3237, 3.276124
890.8058, 2.392895
891.2880, 2.644660
891.7701, 4.197952
892.2522, 4.495596
892.7343, 3.255252
893.2164, 1.747935
893.6985, 1.194255
894.1807, 1.313342
894.6628, 1.891727
895.1449, 3.033648
895.6270, 3.582670
896.1091, 2.356902
896.5912, 1.085488
897.0734, 0.9548750
897.5555, 2.130166
898.0376, 2.206370
898.5197, 0.9729850
899.0018, 7.3109999E-02
899.4839, 0.3216920
899.9661, 1.541709
900.4482, 2.760370
900.9303, 3.862568
901.4124, 4.180297
901.8945, 2.385830
902.3766, 0.7238530
902.8588, 0.4245950
903.3409, 1.220627
903.8230, 1.800054
904.3051, 2.117381
904.7872, 2.506344
905.2693, 3.238547
905.7515, 3.936278
906.2336, 3.406495
906.7157, 2.121867
907.1978, 1.417492
907.6799, 2.768179
908.1620, 3.649201
908.6442, 2.226132
909.1263, 0.1193970
909.6084, 1.234949
910.0905, 0.6263670
910.5726, 0.2258240
911.0547, 1.351135
911.5369, 2.321262
912.0190, 2.457889
912.5011, 2.025209
912.9832, 1.783699
913.4653, 2.032099
913.9474, 2.301239
914.4296, 2.451795
914.9117, 2.387833
915.3938, 1.876027
915.8759, 0.6360280
916.3580, 0.3175640
916.8401, 1.255570
917.3223, 2.336039
917.8044, 2.745138
918.2865, 2.667170
918.7686, 2.809452
919.2507, 3.154867
919.7328, 3.478099
920.2150, 3.938585
920.6971, 4.060562
921.1792, 3.190154
921.6613, 1.544437
922.1434, 0.8314960
922.6255, 1.481565
923.1077, 2.090605
923.5898, 2.143653
924.0719, 3.038393
924.5540, 2.863649
925.0361, 4.393753
925.5182, 5.471699
926.0004, 5.912868
926.4825, 5.978477
926.9646, 5.153811
927.4467, 4.026555
927.9288, 3.643576
928.4109, 4.854529
928.8931, 5.106415
929.3752, 3.884634
929.8573, 2.497540
930.3394, 2.778109
930.8215, 4.159008
931.3036, 4.439673
931.7858, 3.293983
932.2679, 2.150093
932.7500, 1.827932
933.2321, 2.031314
933.7142, 2.768458
934.1964, 4.185289
934.6785, 4.578097
935.1606, 3.563680
935.6427, 2.451485
936.1248, 1.887915
936.6069, 1.764291
937.0891, 1.693091
937.5712, 1.722643
938.0533, 2.101470
938.5354, 3.578104
939.0175, 4.853670
939.4996, 4.901255
939.9818, 4.111814
940.4639, 3.694000
940.9460, 3.992204
941.4281, 3.798787
941.9102, 2.708441
942.3923, 1.413297
942.8745, 1.195103
943.3566, 1.699180
943.8387, 1.771151
944.3208, 0.8703390
944.8029, 0.4950140
945.2850, 2.575763
945.7672, 4.894128
946.2493, 5.064529
946.7314, 2.121170
947.2135, 1.053734
947.6956, 2.330816
948.1777, 3.885083
948.6599, 4.048110
949.1420, 3.299135
949.6241, 2.753441
950.1062, 2.408662
950.5883, 1.966947
951.0704, 0.7974300
951.5526, 5.0540000E-02
952.0347, 0.1508160
952.5168, 1.141858
952.9989, 1.970433
953.4810, 2.548739
953.9631, 3.493077
954.4453, 5.298570
954.9274, 6.979036
955.4095, 6.544878
955.8916, 4.782404
956.3737, 3.342208
956.8558, 2.657235
957.3380, 2.524282
957.8201, 3.685805
958.3022, 4.802524
958.7843, 4.530966
959.2664, 2.348949
959.7485, 0.8107040
960.2307, 1.3220000E-02
960.7128, 0.1619100
961.1949, 1.052065
961.6770, 2.557604
962.1591, 2.373301
962.6412, 0.5251200
963.1234, 0.3323940
963.6055, 2.024522
964.0876, 4.104088
964.5697, 4.732345
965.0518, 4.103973
965.5339, 2.689265
966.0161, 0.4864440
966.4982, 0.6821630
966.9803, 0.3609410
967.4624, 1.865706
967.9445, 2.245984
968.4266, 1.823688
968.9088, 1.078763
969.3909, 1.207128
969.8730, 1.705409
970.3551, 0.7348790
970.8372, 3.738168
971.3193, 4.926079
971.8015, 4.423827
972.2836, 3.157039
972.7657, 1.164023
973.2478, 0.2832370
973.7299, 0.4480760
974.2120, 1.651834
974.6942, 1.795384
975.1763, 0.7522980
975.6584, 0.1260610
976.1405, 7.3587999E-02
976.6226, 0.2253700
977.1047, 0.3866910
977.5869, 0.7076120
978.0690, 2.006905
978.5511, 3.896598
979.0332, 4.925968
979.5153, 3.978925
979.9974, 2.818458
980.4796, 2.116211
980.9617, 1.898376
981.4438, 2.267581
981.9259, 3.656929
982.4080, 4.272796
982.8901, 3.983754
983.3723, 3.121357
983.8544, 1.243124
984.3365, 0.6995570
984.8186, 0.4414990
985.3007, 2.127313
985.7828, 4.139545
986.2650, 3.845234
986.7471, 3.373902
987.2292, 3.770448
987.7113, 4.685307
988.1934, 4.294381
988.6755, 2.518254
989.1577, 1.362644
989.6398, 1.888527
990.1219, 2.912333
990.6040, 2.994105
991.0861, 2.580870
991.5682, 2.428438
992.0504, 2.888764
992.5325, 3.436595
993.0146, 4.166076
993.4967, 4.784252
993.9788, 5.157974
994.4609, 5.237768
994.9431, 4.249377
995.4252, 2.158847
995.9073, 0.5380950
996.3894, 0.7746370
996.8715, 1.704594
997.3536, 2.803057
997.8358, 3.911674
998.3179, 4.053729
998.8000, 2.689991
999.2821, 1.750978
999.7642, 1.843620
1000.246, 2.604662
1000.728, 3.812632
1001.211, 5.060172
1001.693, 5.098805
1002.175, 2.761494
1002.657, 0.9160320
1003.139, 1.142619
1003.621, 2.218445
1004.103, 3.106134
1004.585, 3.849821
1005.068, 4.013546
1005.550, 3.529780
1006.032, 3.137179
1006.514, 3.710328
1006.996, 4.491651
1007.478, 4.358862
1007.960, 3.476146
1008.442, 2.969054
1008.924, 3.885099
1009.407, 4.251062
1009.889, 3.242732
1010.371, 1.696615
1010.853, 1.245105
1011.335, 1.759772
1011.817, 2.558106
1012.299, 3.655833
1012.781, 4.267052
1013.263, 3.249428
1013.746, 1.814381
1014.228, 1.271820
1014.710, 2.009657
1015.192, 1.767152
1015.674, 4.7853999E-02
1016.156, 1.004334
1016.638, 0.3831900
1017.120, 3.111398
1017.603, 5.297299
1018.085, 6.800742
1018.567, 7.050259
1019.049, 4.217003
1019.531, 2.054640
1020.013, 2.185545
1020.495, 3.245913
1020.977, 3.150967
1021.459, 1.905743
1021.942, 1.149246
1022.424, 1.095114
1022.906, 1.503239
1023.388, 2.519008
1023.870, 3.637636
1024.352, 4.392691
1024.834, 4.824562
1025.316, 4.619941
1025.799, 3.304624
1026.281, 2.371842
1026.763, 2.540009
1027.245, 3.310393
1027.727, 3.817352
1028.209, 4.160049
1028.691, 4.079451
1029.173, 3.134418
1029.656, 2.361906
1030.138, 2.502387
1030.620, 2.899240
1031.102, 2.823402
1031.584, 2.202849
1032.066, 1.562287
1032.548, 0.8594330
1033.030, 0.6143670
1033.512, 1.916633
1033.995, 3.483650
1034.477, 3.607775
1034.959, 2.448874
1035.441, 1.475212
1035.923, 0.7273070
1036.405, 0.7091970
1036.887, 1.883967
1037.369, 3.407467
1037.851, 3.458193
1038.334, 2.403117
1038.816, 1.608178
1039.298, 1.357399
1039.780, 1.499740
1040.262, 2.281357
1040.744, 3.161263
1041.226, 3.832413
1041.708, 4.333891
1042.191, 3.782888
1042.673, 2.114906
1043.155, 0.4343110
1043.637, 1.049218
1044.119, 1.934278
1044.601, 1.300860
1045.083, 0.3282770
1045.565, 1.729805
1046.047, 2.851981
1046.530, 3.188063
1047.012, 2.337824
1047.494, 1.246710
1047.976, 1.014175
1048.458, 1.476671
1048.940, 1.864743
1049.422, 2.122552
1049.904, 2.424790
1050.386, 3.080013
1050.869, 3.632990
1051.351, 3.872387
1051.833, 3.779258
1052.315, 2.995880
1052.797, 1.309155
1053.279, 0.6846190
1053.761, 1.948665
1054.243, 3.651342
1054.726, 4.179119
1055.208, 4.003786
1055.690, 3.834717
1056.172, 3.891343
1056.654, 3.514943
1057.136, 2.272504
1057.618, 1.544536
1058.100, 2.620808
1058.583, 4.795913
1059.065, 4.908076
1059.547, 3.432408
1060.029, 2.563975
1060.511, 4.366260
1060.993, 5.950032
1061.475, 5.823471
1061.957, 4.911317
1062.439, 4.455180
1062.922, 4.509381
1063.404, 4.541189
1063.886, 4.508283
1064.368, 4.461885
1064.850, 4.876224
1065.332, 4.993352
1065.814, 3.367046
1066.296, 0.2077960
1066.778, 0.7077960
1067.261, 2.311437
1067.743, 4.277919
1068.225, 3.580082
1068.707, 1.745787
1069.189, 1.492332
1069.671, 2.347544
1070.153, 3.353192
1070.635, 4.467959
1071.118, 4.955347
1071.600, 3.714908
1072.082, 2.517087
1072.564, 2.560098
1073.046, 3.681073
1073.528, 3.695874
1074.010, 2.615709
1074.492, 1.605518
1074.974, 0.6157990
1075.457, 0.4328610
1075.939, 2.717108
1076.421, 5.834350
1076.903, 6.887108
1077.385, 4.946555
1077.867, 3.458120
1078.349, 2.607068
1078.831, 2.078301
1079.313, 1.478597
1079.796, 1.070411
1080.278, 1.432846
1080.760, 2.463507
1081.242, 3.287633
1081.724, 3.723783
1082.206, 3.756294
1082.688, 3.261717
1083.170, 2.500216
1083.652, 1.810525
1084.135, 1.254246
1084.617, 1.127692
1085.099, 1.519229
1085.581, 2.083759
1086.063, 2.683949
1086.545, 3.347445
1087.027, 4.350694
1087.509, 5.550346
1087.992, 5.058313
1088.474, 2.844895
1088.956, 1.576081
1089.438, 2.796766
1089.920, 4.592692
1090.402, 5.054604
1090.884, 4.937859
1091.366, 5.368700
1091.849, 7.147785
1092.331, 7.633049
1092.813, 6.468275
1093.295, 4.912018
1093.777, 3.624792
1094.259, 2.743767
1094.741, 2.696377
1095.223, 3.289471
1095.705, 3.847028
1096.188, 4.203167
1096.670, 4.436744
1097.152, 4.468743
1097.634, 4.333041
1098.116, 3.942736
1098.598, 3.347228
1099.080, 2.731379
1099.562, 2.113738
1100.044, 1.692977
1100.527, 1.776181
1101.009, 1.898047
1101.491, 1.507121
1101.973, 0.9344930
1102.455, 1.670399
1102.937, 3.783857
1103.419, 4.636462
1103.901, 3.278431
1104.384, 1.768169
1104.866, 2.364338
1105.348, 3.645834
1105.830, 4.112426
1106.312, 3.469726
1106.794, 3.389431
1107.276, 4.069183
1107.758, 4.503613
1108.240, 4.069282
1108.723, 3.335688
1109.205, 3.225861
1109.687, 3.488210
1110.169, 3.676278
1110.651, 4.223132
1111.133, 3.453584
1111.615, 0.4820420
1112.097, 2.357653
1112.579, 3.241298
1113.062, 2.540824
1113.544, 1.227696
1114.026, 0.5512250
1114.508, 2.097624
1114.990, 3.263576
1115.472, 3.876342
1115.954, 3.507819
1116.436, 2.876167
1116.919, 3.088418
1117.401, 4.038180
1117.883, 3.967246
1118.365, 2.721045
1118.847, 1.743460
1119.329, 2.212292
1119.811, 3.161632
1120.293, 4.201786
1120.776, 5.186186
1121.258, 5.710080
1121.740, 5.758730
1122.222, 5.463208
1122.704, 4.817350
1123.186, 3.974529
1123.668, 2.756078
1124.150, 1.616068
1124.632, 0.8817810
1125.115, 0.7373200
1125.597, 1.687078
1126.079, 4.267178
1126.561, 6.082862
1127.043, 5.944900
1127.525, 5.022130
1128.007, 5.460467
1128.489, 6.431129
1128.971, 6.389758
1129.454, 4.304570
1129.936, 3.030569
1130.418, 3.036993
1130.900, 3.459754
1131.382, 3.933767
1131.864, 4.361893
1132.346, 4.481674
1132.828, 4.306885
1133.311, 3.882478
1133.793, 2.706364
1134.275, 1.991639
1134.757, 2.089593
1135.239, 2.628156
1135.721, 3.586829
1136.203, 4.803183
1136.685, 4.634875
1137.167, 3.180849
1137.650, 1.999416
1138.132, 2.409642
1138.614, 2.904490
1139.096, 2.582932
1139.578, 1.952085
1140.060, 1.773311
1140.542, 2.047910
1141.024, 2.836541
1141.506, 4.184606
1141.989, 5.293946
1142.471, 5.711769
1142.953, 5.496307
1143.435, 4.206806
1143.917, 2.248465
1144.399, 1.515896
1144.881, 2.211971
1145.363, 2.859839
1145.846, 3.194186
1146.328, 3.117753
1146.810, 1.726334
1147.292, 0.3783070
1147.774, 1.076979
1148.256, 4.273624
1148.738, 4.780946
1149.220, 1.553312
1149.703, 0.7958290
1150.185, 0.4545970
1150.667, 1.144746
1151.149, 2.517571
1151.631, 3.454846
1152.113, 3.563521
1152.595, 2.517444
1153.077, 1.353589
1153.559, 0.2535040
1154.042, 0.9717040
1154.524, 0.4482030
1155.006, 2.757942
1155.488, 2.736178
1155.970, 1.379017
1156.452, 1.171374
1156.934, 4.353584
1157.416, 6.017044
1157.898, 5.133315
1158.381, 3.481306
1158.863, 2.036407
1159.345, 0.9434670
1159.827, 1.030193
1160.309, 2.063077
1160.791, 3.103039
1161.273, 3.912426
1161.755, 4.409805
1162.238, 4.551304
1162.720, 4.452724
1163.202, 4.271443
1163.684, 3.965194
1164.166, 2.876245
1164.648, 1.145762
1165.130, 0.3673720
1165.612, 2.471774
1166.094, 4.563930
1166.577, 5.620622
1167.059, 5.782207
1167.541, 4.781653
1168.023, 2.778100
1168.505, 2.148686
1168.987, 3.141714
1169.469, 4.019092
1169.951, 3.196373
1170.433, 2.048634
1170.916, 1.241829
1171.398, 0.8808550
1171.880, 1.287404
1172.362, 2.365297
1172.844, 3.290750
1173.326, 3.949656
1173.808, 4.090711
1174.290, 2.836449
1174.773, 1.530376
1175.255, 1.259644
1175.737, 1.900091
1176.219, 3.188836
1176.701, 5.227781
1177.183, 5.674564
1177.665, 3.396606
1178.147, 1.155186
1178.630, 2.026242
1179.112, 3.922036
1179.594, 4.924909
1180.076, 4.920707
1180.558, 4.160103
1181.040, 2.476958
1181.522, 1.722665
1182.004, 3.063337
1182.486, 4.623139
1182.969, 4.210892
1183.451, 2.931851
1183.933, 2.071857
1184.415, 1.748988
1184.897, 2.064460
1185.379, 3.143128
1185.861, 4.205379
1186.343, 4.735295
1186.825, 4.741663
1187.308, 4.107293
1187.790, 3.203448
1188.272, 2.631054
1188.754, 2.555991
1189.236, 2.570790
1189.718, 2.690282
1190.200, 2.823847
1190.682, 3.009915
1191.165, 3.097170
1191.647, 2.537179
1192.129, 1.808002
1192.611, 1.953951
1193.093, 3.938126
1193.575, 4.991686
1194.057, 4.982524
1194.539, 4.431390
1195.021, 3.360835
1195.504, 2.262878
1195.986, 1.980397
1196.468, 2.234603
1196.950, 2.155819
1197.432, 1.101552
1197.914, 0.9323960
1198.396, 1.990041
1198.878, 3.106100
1199.360, 2.931302
1199.843, 2.269499
1200.325, 2.461266
1200.807, 3.337846
1201.289, 3.616311
1201.771, 2.541206
1202.253, 1.506353
1202.735, 0.5353620
1203.217, 0.1320120
1203.700, 1.414863
1204.182, 3.288919
1204.664, 3.946261
1205.146, 3.531560
1205.628, 3.953110
1206.110, 6.588558
1206.592, 7.386370
1207.074, 5.193295
1207.557, 2.455053
1208.039, 2.521615
1208.521, 4.024343
1209.003, 5.197093
1209.485, 5.855221
1209.967, 5.824874
1210.449, 4.779387
1210.931, 3.898456
1211.413, 3.389876
1211.896, 3.124561
1212.378, 3.160481
1212.860, 3.334951
1213.342, 3.575151
1213.824, 3.871785
1214.306, 3.762126
1214.788, 2.987854
1215.270, 2.465373
1215.752, 2.498745
1216.235, 2.700151
1216.717, 2.690090
1217.199, 2.426878
1217.681, 1.551332
1218.163, 1.849509
1218.645, 0.2393310
1219.127, 1.871222
1219.609, 3.392877
1220.092, 3.328677
1220.574, 2.490971
1221.056, 1.828979
1221.538, 1.311303
1222.020, 0.8299000
1222.502, 0.3360410
1222.984, 0.4384560
1223.466, 1.406315
1223.948, 2.037503
1224.431, 1.663119
1224.913, 1.219930
1225.395, 2.590885
1225.877, 4.511399
1226.359, 5.186096
1226.841, 4.034094
1227.323, 2.772178
1227.805, 1.226839
1228.287, 0.4311710
1228.770, 1.146358
1229.252, 2.211580
1229.734, 1.696992
1230.216, 2.466837
1230.698, 3.010843
1231.180, 2.862263
1231.662, 3.851068
1232.144, 3.754521
1232.627, 3.390257
1233.109, 3.061191
1233.591, 2.760931
1234.073, 2.544409
1234.555, 2.315999
1235.037, 1.796725
1235.519, 0.7525780
1236.001, 1.062087
1236.484, 2.941422
1236.966, 4.174703
1237.448, 3.157744
1237.930, 1.759986
1238.412, 2.256291
1238.894, 3.327623
1239.376, 2.903922
1239.858, 0.5206180
1240.340, 8.5616998E-02
1240.823, 1.173213
1241.305, 2.451224
1241.787, 3.039674
1242.269, 2.861128
1242.751, 0.6801230
1243.233, 1.605338
1243.715, 1.301173
1244.197, 2.015182
1244.679, 3.472457
1245.162, 3.114952
1245.644, 2.528870
1246.126, 2.511904
1246.608, 2.656926
1247.090, 2.877051
1247.572, 2.989709
1248.054, 2.689979
1248.536, 1.935122
1249.019, 2.152387
1249.501, 3.224326
1249.983, 3.871011
1250.465, 2.694090
1250.947, 1.776587
1251.429, 2.657540
1251.911, 3.943510
1252.393, 4.300514
1252.875, 3.787906
1253.358, 3.446672
1253.840, 3.299089
1254.322, 3.467279
1254.804, 4.420039
1255.286, 5.179747
1255.768, 5.576306
1256.250, 5.477786
1256.732, 4.644097
1257.214, 3.169845
1257.697, 1.150300
1258.179, 1.094810
1258.661, 2.097130
1259.143, 0.1365200
1259.625, 1.649620
1260.107, 2.795760
1260.589, 3.417511
1261.071, 3.349815
1261.554, 2.896079
1262.036, 2.845077
1262.518, 3.180847
1263.000, 3.815946
1263.482, 5.243019
1263.964, 6.184833
1264.446, 6.622084
1264.928, 6.398808
1265.411, 4.858623
1265.893, 2.853518
1266.375, 2.186115
1266.857, 2.423038
1267.339, 2.340358
1267.821, 0.7853980
1268.303, 0.7075960
1268.785, 2.623241
1269.267, 4.294817
1269.750, 3.075912
1270.232, 1.253593
1270.714, 2.628407
1271.196, 5.593845
1271.678, 6.103083
1272.160, 2.643483
1272.642, 0.7002710
1273.124, 0.4870520
1273.606, 0.5879030
1274.089, 1.544000
1274.571, 2.313166
1275.053, 1.902025
1275.535, 1.032755
1276.017, 1.010673
1276.499, 2.002198
1276.981, 2.986320
1277.463, 3.934363
1277.946, 4.466571
1278.428, 3.863482
1278.910, 3.282758
1279.392, 3.375576
1279.874, 3.952565
1280.356, 5.147032
1280.838, 6.676210
1281.320, 5.722142
1281.802, 3.220242
1282.285, 1.190570
1282.767, 1.299038
1283.249, 1.687181
1283.731, 1.595380
1284.213, 1.605794
1284.695, 2.312721
1285.177, 3.575127
1285.659, 5.262130
1286.141, 6.986216
1286.624, 7.141998
1287.106, 2.982257
1287.588, 0.2251650
1288.070, 0.3362190
1288.552, 0.3018350
1289.034, 2.282747
1289.516, 4.519843
1289.998, 4.157141
1290.481, 2.199834
1290.963, 1.220895
1291.445, 3.128850
1291.927, 3.836706
1292.409, 3.063458
1292.891, 2.228061
1293.373, 2.392185
1293.855, 3.025710
1294.338, 3.908225
1294.820, 4.627629
1295.302, 4.176384
1295.784, 1.629956
1296.266, 0.7763130
1296.748, 1.463008
1297.230, 2.477884
1297.712, 3.622321
1298.194, 4.205841
1298.677, 3.230760
1299.159, 1.634478
1299.641, 0.5402930
1300.123, 4.4300999E-02
1300.605, 1.1967000E-02
1301.087, 0.6432200
1301.569, 1.248228
1302.051, 1.069118
1302.533, 0.7445040
1303.016, 0.0000000E+00
##END=



