##NAMES=Wodginite
##RRUFFID=R130047
##IDEAL CHEMISTRY=Mn^2+^Sn^4+^Ta^5+^_2_O_8_
##LOCALITY=Tanco mine (Bernic Lake mine), Bernic Lake, Lac-du-Bonnet area, Manitoba, Canada
##OWNER=RRUFF
##SOURCE=Royal Ontario Museum
##DESCRIPTION=Black blocky crystals in white microcline
##STATUS=The identification of this mineral has been confirmed only by single crystal X-ray diffraction.
##URL=rruff.info/R130047
99.39556, 502.8092
99.87768, 503.9492
100.3598, 505.4472
100.8419, 507.1166
101.3240, 509.2797
101.8061, 512.5641
102.2883, 518.0112
102.7704, 523.8357
103.2525, 528.1946
103.7346, 530.8389
104.2167, 533.3182
104.6988, 536.6024
105.1810, 540.2769
105.6631, 543.7635
106.1452, 546.7701
106.6273, 549.3760
107.1094, 551.9179
107.5915, 554.0753
108.0737, 556.5612
108.5558, 559.5027
109.0379, 562.9480
109.5200, 566.9600
110.0021, 571.7405
110.4842, 577.4681
110.9664, 582.9246
111.4485, 588.3504
111.9306, 593.3723
112.4127, 598.2931
112.8948, 602.8862
113.3769, 606.3207
113.8591, 607.3947
114.3412, 605.5731
114.8233, 601.6667
115.3054, 594.6879
115.7875, 586.1797
116.2696, 577.3898
116.7517, 568.6951
117.2339, 560.2291
117.7160, 552.3837
118.1981, 544.8033
118.6802, 538.2137
119.1623, 533.1741
119.6444, 529.3498
120.1266, 525.7259
120.6087, 521.6454
121.0908, 517.7866
121.5729, 515.2759
122.0550, 514.5419
122.5371, 514.4052
123.0193, 514.1357
123.5014, 513.7934
123.9835, 512.8021
124.4656, 510.8610
124.9477, 508.1200
125.4298, 504.5461
125.9120, 500.1446
126.3941, 494.9249
126.8762, 488.9470
127.3583, 482.0978
127.8404, 474.5099
128.3225, 466.0373
128.8047, 457.0097
129.2868, 447.8165
129.7689, 438.6040
130.2510, 429.4205
130.7331, 421.0103
131.2152, 413.9435
131.6974, 407.0983
132.1795, 399.8970
132.6616, 392.6495
133.1437, 386.2324
133.6258, 381.5004
134.1079, 378.8174
134.5901, 375.3488
135.0722, 370.1903
135.5543, 365.1138
136.0364, 361.2824
136.5185, 358.7481
137.0006, 356.6491
137.4828, 354.0732
137.9649, 350.8888
138.4470, 347.7703
138.9291, 344.6299
139.4112, 341.6128
139.8933, 338.9594
140.3755, 336.7968
140.8576, 334.7579
141.3397, 332.2987
141.8218, 329.4596
142.3039, 326.7788
142.7860, 324.3430
143.2681, 322.2116
143.7503, 320.6297
144.2324, 319.9068
144.7145, 319.5048
145.1966, 318.9250
145.6787, 318.1601
146.1608, 317.3438
146.6430, 316.6128
147.1251, 315.9839
147.6072, 315.2557
148.0893, 313.9206
148.5714, 312.7714
149.0535, 312.4209
149.5357, 312.9618
150.0178, 313.7911
150.4999, 313.9331
150.9820, 312.8487
151.4641, 312.2656
151.9462, 312.2534
152.4284, 312.7372
152.9105, 313.7970
153.3926, 315.4356
153.8747, 317.4007
154.3568, 319.0596
154.8389, 320.1466
155.3211, 321.1953
155.8032, 322.1109
156.2853, 323.0376
156.7674, 324.1690
157.2495, 325.6134
157.7316, 327.2771
158.2138, 328.7610
158.6959, 330.1156
159.1780, 331.2720
159.6601, 332.3943
160.1422, 333.3174
160.6243, 333.6400
161.1065, 333.0798
161.5886, 331.7274
162.0707, 330.2207
162.5528, 328.4371
163.0349, 326.6378
163.5170, 324.9190
163.9991, 323.2869
164.4813, 321.8304
164.9634, 320.5474
165.4455, 319.5281
165.9276, 318.9381
166.4097, 319.1596
166.8918, 319.5277
167.3740, 319.1046
167.8561, 317.6606
168.3382, 316.5234
168.8203, 316.4565
169.3024, 317.1549
169.7845, 318.4211
170.2667, 320.3799
170.7488, 322.7432
171.2309, 324.8214
171.7130, 326.4120
172.1951, 328.0877
172.6772, 330.0891
173.1594, 332.3095
173.6415, 334.6374
174.1236, 337.0543
174.6057, 339.5145
175.0878, 341.7121
175.5699, 343.7343
176.0521, 345.3339
176.5342, 346.5324
177.0163, 347.2775
177.4984, 347.4394
177.9805, 346.8690
178.4626, 345.5583
178.9448, 344.3383
179.4269, 343.6638
179.9090, 342.6359
180.3911, 340.9153
180.8732, 338.5898
181.3553, 335.9030
181.8375, 332.9841
182.3196, 329.7453
182.8017, 327.2316
183.2838, 325.7719
183.7659, 324.5568
184.2480, 323.2760
184.7301, 321.8880
185.2123, 320.4130
185.6944, 318.8026
186.1765, 317.0094
186.6586, 315.8433
187.1407, 315.8615
187.6228, 316.0929
188.1050, 315.8003
188.5871, 314.9139
189.0692, 313.8710
189.5513, 313.0612
190.0334, 312.4890
190.5155, 311.9755
190.9977, 311.6537
191.4798, 311.3181
191.9619, 310.7589
192.4440, 309.9555
192.9261, 308.9078
193.4082, 307.5397
193.8904, 305.9148
194.3725, 304.1305
194.8546, 302.2859
195.3367, 300.2857
195.8188, 297.7793
196.3009, 294.3985
196.7831, 291.2796
197.2652, 289.4830
197.7473, 288.5978
198.2294, 287.6543
198.7115, 286.0436
199.1936, 283.9290
199.6758, 281.9793
200.1579, 280.0065
200.6400, 278.5408
201.1221, 278.1243
201.6042, 278.4034
202.0863, 278.5075
202.5685, 277.5915
203.0506, 275.7533
203.5327, 274.7433
204.0148, 275.2274
204.4969, 275.9345
204.9790, 276.4798
205.4612, 276.8555
205.9433, 277.1309
206.4254, 277.3083
206.9075, 277.3695
207.3896, 277.6855
207.8717, 278.6552
208.3539, 279.5279
208.8360, 279.8620
209.3181, 279.8525
209.8002, 280.0537
210.2823, 281.0157
210.7644, 282.8534
211.2466, 284.3786
211.7287, 285.4178
212.2108, 286.3413
212.6929, 287.0559
213.1750, 287.7298
213.6571, 288.8008
214.1393, 290.7388
214.6214, 293.7396
215.1035, 296.2514
215.5856, 298.1352
216.0677, 299.7871
216.5498, 301.1898
217.0320, 302.4693
217.5141, 304.0133
217.9962, 306.1850
218.4783, 309.0675
218.9604, 312.0450
219.4425, 315.2633
219.9247, 318.4588
220.4068, 321.4722
220.8889, 324.3012
221.3710, 327.0176
221.8531, 329.6064
222.3352, 332.0735
222.8174, 334.9755
223.2995, 338.8803
223.7816, 342.8040
224.2637, 346.0666
224.7458, 348.6302
225.2279, 350.6658
225.7100, 352.1879
226.1922, 353.2176
226.6743, 354.1989
227.1564, 354.9954
227.6385, 355.8523
228.1206, 357.1416
228.6027, 358.8983
229.0849, 360.4678
229.5670, 361.4811
230.0491, 361.9014
230.5312, 361.6400
231.0133, 360.2859
231.4954, 358.4545
231.9776, 356.8400
232.4597, 355.4834
232.9418, 354.0602
233.4239, 352.2426
233.9060, 350.2371
234.3881, 348.3633
234.8703, 346.7970
235.3524, 345.3148
235.8345, 343.6177
236.3166, 341.6791
236.7987, 339.5857
237.2808, 337.1110
237.7630, 334.5785
238.2451, 332.3812
238.7272, 330.7509
239.2093, 329.3438
239.6914, 327.5851
240.1735, 325.3336
240.6557, 323.1591
241.1378, 321.1448
241.6199, 319.3651
242.1020, 317.9571
242.5841, 317.0087
243.0662, 316.3402
243.5484, 315.7332
244.0305, 315.3477
244.5126, 314.5694
244.9947, 312.8173
245.4768, 310.8478
245.9589, 309.3134
246.4410, 308.4401
246.9232, 307.9635
247.4053, 307.4580
247.8874, 306.9750
248.3695, 306.3260
248.8516, 305.3012
249.3337, 304.2239
249.8159, 303.3675
250.2980, 302.8089
250.7801, 302.3874
251.2622, 301.7985
251.7443, 300.8687
252.2264, 300.1817
252.7086, 299.8227
253.1907, 299.6559
253.6728, 299.6548
254.1549, 299.7877
254.6370, 299.9318
255.1191, 299.8063
255.6013, 298.9226
256.0834, 298.8904
256.5655, 300.2560
257.0476, 301.9342
257.5297, 303.2878
258.0118, 304.1696
258.4940, 304.7748
258.9761, 305.3299
259.4582, 305.7267
259.9403, 306.3691
260.4224, 307.3483
260.9045, 308.4523
261.3867, 309.6424
261.8688, 310.8658
262.3509, 311.9580
262.8330, 312.6846
263.3151, 312.8118
263.7972, 313.4599
264.2794, 314.7360
264.7615, 316.3232
265.2436, 318.4140
265.7257, 320.7783
266.2078, 322.6593
266.6899, 323.2021
267.1721, 322.0752
267.6542, 321.7352
268.1363, 322.9017
268.6184, 324.0329
269.1005, 324.3682
269.5826, 323.9614
270.0648, 323.2705
270.5469, 322.6499
271.0290, 322.1080
271.5111, 321.4791
271.9932, 320.4281
272.4753, 319.6307
272.9575, 319.4875
273.4396, 319.8548
273.9217, 320.2741
274.4038, 320.3893
274.8859, 320.2729
275.3680, 320.8654
275.8501, 322.6087
276.3322, 324.3975
276.8144, 325.6956
277.2965, 326.7604
277.7786, 328.2142
278.2607, 330.4391
278.7428, 333.2414
279.2249, 335.8210
279.7071, 338.1570
280.1892, 340.3601
280.6713, 342.5799
281.1534, 344.6732
281.6355, 346.4229
282.1176, 347.7553
282.5998, 348.6297
283.0819, 348.8112
283.5640, 347.9462
284.0461, 347.1868
284.5282, 347.4501
285.0103, 347.7835
285.4925, 346.6469
285.9746, 343.4561
286.4567, 339.1261
286.9388, 335.0143
287.4209, 331.0449
287.9030, 327.5523
288.3852, 324.8258
288.8673, 322.5332
289.3494, 320.3835
289.8315, 318.3196
290.3136, 316.1794
290.7957, 313.5561
291.2779, 310.3008
291.7600, 307.9144
292.2421, 306.9721
292.7242, 306.7237
293.2063, 306.4580
293.6884, 306.0814
294.1706, 305.8633
294.6527, 305.9871
295.1348, 306.5059
295.6169, 307.5773
296.0990, 309.5090
296.5811, 311.7789
297.0633, 314.0098
297.5454, 316.1827
298.0275, 318.4576
298.5096, 320.9648
298.9917, 323.6815
299.4738, 326.3827
299.9560, 328.6690
300.4381, 331.2744
300.9202, 334.7873
301.4023, 339.0620
301.8844, 343.4686
302.3665, 347.7002
302.8487, 351.8568
303.3308, 356.2614
303.8129, 361.0689
304.2950, 365.8730
304.7771, 370.5043
305.2592, 374.9969
305.7414, 379.5382
306.2235, 384.3312
306.7056, 388.9430
307.1877, 392.5437
307.6698, 395.2977
308.1519, 397.0065
308.6341, 397.3417
309.1162, 396.6421
309.5983, 395.5576
310.0804, 394.3299
310.5625, 392.4294
311.0446, 388.9787
311.5268, 384.0107
312.0089, 378.4724
312.4910, 372.2713
312.9731, 365.7223
313.4552, 359.0958
313.9373, 352.4416
314.4195, 345.8080
314.9016, 339.2008
315.3837, 332.6094
315.8658, 326.1071
316.3479, 319.4652
316.8300, 313.0799
317.3121, 307.1654
317.7943, 301.7350
318.2764, 297.0478
318.7585, 293.3916
319.2406, 290.6783
319.7227, 288.0545
320.2048, 285.6913
320.6870, 283.2362
321.1691, 280.2910
321.6512, 277.0462
322.1333, 274.1441
322.6154, 271.9447
323.0975, 270.2302
323.5797, 268.4818
324.0618, 266.6079
324.5439, 264.8804
325.0260, 263.4281
325.5081, 262.1796
325.9902, 260.9623
326.4724, 259.7008
326.9545, 258.5330
327.4366, 257.6945
327.9187, 257.1906
328.4008, 256.8535
328.8829, 256.9163
329.3651, 257.0101
329.8472, 256.5137
330.3293, 255.3189
330.8114, 254.2569
331.2935, 254.2156
331.7756, 255.2979
332.2578, 256.3088
332.7399, 257.1318
333.2220, 257.9253
333.7041, 258.7557
334.1862, 259.6415
334.6683, 260.6881
335.1505, 261.9966
335.6326, 263.5325
336.1147, 264.9695
336.5968, 266.5237
337.0789, 267.7904
337.5610, 268.3235
338.0432, 268.4338
338.5253, 268.8265
339.0074, 269.8159
339.4895, 271.3077
339.9716, 273.1260
340.4537, 275.5431
340.9359, 277.7416
341.4180, 279.5699
341.9001, 281.0978
342.3822, 282.3257
342.8643, 283.2481
343.3464, 284.0854
343.8286, 285.1709
344.3107, 286.6997
344.7928, 287.8629
345.2749, 288.1248
345.7570, 288.3788
346.2391, 289.5572
346.7213, 291.5898
347.2034, 293.4745
347.6855, 294.2569
348.1676, 293.8701
348.6497, 293.7077
349.1318, 294.0436
349.6140, 294.2924
350.0961, 294.2633
350.5782, 293.9522
351.0603, 293.3451
351.5424, 292.4052
352.0245, 291.2330
352.5067, 290.2511
352.9888, 289.8366
353.4709, 289.1474
353.9530, 287.8664
354.4351, 286.3427
354.9172, 284.9875
355.3994, 283.9427
355.8815, 283.0420
356.3636, 281.9995
356.8457, 280.7706
357.3278, 279.4646
357.8099, 277.7924
358.2920, 276.2584
358.7741, 275.3184
359.2563, 274.9337
359.7384, 274.6635
360.2205, 274.0494
360.7026, 273.0240
361.1847, 272.3139
361.6668, 272.1792
362.1490, 272.0686
362.6311, 271.6884
363.1132, 271.2055
363.5953, 270.9469
364.0774, 271.1085
364.5595, 271.6483
365.0417, 272.3975
365.5238, 273.4837
366.0059, 274.6219
366.4880, 275.5848
366.9701, 276.6696
367.4522, 278.2910
367.9344, 280.5383
368.4165, 282.9712
368.8986, 284.8862
369.3807, 286.0667
369.8628, 287.3019
370.3449, 288.4849
370.8271, 289.8387
371.3092, 291.6082
371.7913, 293.7114
372.2734, 295.8247
372.7555, 297.5867
373.2376, 299.0157
373.7198, 300.8509
374.2019, 303.4767
374.6840, 306.0615
375.1661, 308.3568
375.6482, 310.4336
376.1303, 312.3323
376.6125, 314.0146
377.0946, 315.7005
377.5767, 318.0067
378.0588, 321.2758
378.5409, 324.1843
379.0230, 326.3788
379.5052, 328.0726
379.9873, 329.2810
380.4694, 330.0150
380.9515, 330.6130
381.4336, 331.3305
381.9157, 332.1700
382.3979, 333.2469
382.8800, 334.5461
383.3621, 336.1578
383.8442, 338.1913
384.3263, 340.5580
384.8084, 342.9997
385.2906, 345.2310
385.7727, 347.4432
386.2548, 350.2442
386.7369, 353.8574
387.2190, 357.2161
387.7011, 359.2403
388.1833, 360.7663
388.6654, 362.9830
389.1475, 366.1872
389.6296, 369.9916
390.1117, 374.2940
390.5938, 379.0299
391.0760, 383.5243
391.5581, 387.4671
392.0402, 391.1901
392.5223, 395.1369
393.0044, 399.3046
393.4865, 403.6111
393.9687, 408.1147
394.4508, 412.7027
394.9329, 417.1016
395.4150, 421.2919
395.8971, 425.4894
396.3792, 429.8732
396.8614, 434.4610
397.3435, 439.2812
397.8256, 444.3212
398.3077, 449.6537
398.7898, 455.7065
399.2719, 462.1880
399.7540, 468.0751
400.2361, 472.8148
400.7183, 476.6891
401.2004, 480.4117
401.6825, 484.1556
402.1646, 487.4898
402.6467, 489.9604
403.1288, 492.1587
403.6110, 494.8795
404.0931, 498.2573
404.5752, 501.6853
405.0573, 504.5379
405.5394, 506.8705
406.0215, 508.0350
406.5037, 507.8577
406.9858, 506.8543
407.4679, 505.0076
407.9500, 502.5351
408.4321, 499.8807
408.9142, 497.3095
409.3964, 494.7235
409.8785, 491.6225
410.3606, 487.4862
410.8427, 483.4837
411.3248, 479.8473
411.8069, 476.3070
412.2891, 472.5633
412.7712, 468.5522
413.2533, 464.4706
413.7354, 460.5438
414.2175, 456.7096
414.6996, 453.2133
415.1818, 450.3307
415.6639, 447.5572
416.1460, 444.5344
416.6281, 441.4518
417.1102, 438.8697
417.5923, 437.2466
418.0745, 436.2647
418.5566, 434.7057
419.0387, 432.1166
419.5208, 429.9898
420.0029, 429.2462
420.4850, 428.9048
420.9672, 428.0818
421.4493, 426.5642
421.9314, 424.7506
422.4135, 423.0985
422.8956, 421.5861
423.3777, 419.7109
423.8599, 417.4091
424.3420, 414.6890
424.8241, 411.6526
425.3062, 408.2734
425.7883, 404.3894
426.2704, 399.3854
426.7526, 394.0788
427.2347, 389.9416
427.7168, 387.0366
428.1989, 383.8215
428.6810, 379.0851
429.1631, 373.7435
429.6453, 369.8965
430.1274, 368.2406
430.6095, 366.5004
431.0916, 363.5146
431.5737, 359.6685
432.0558, 355.5581
432.5380, 351.2884
433.0201, 347.2094
433.5022, 343.8078
433.9843, 341.1996
434.4664, 338.4298
434.9485, 335.1426
435.4307, 331.9567
435.9128, 329.3639
436.3949, 327.2604
436.8770, 325.2653
437.3591, 323.1914
437.8412, 320.9972
438.3234, 318.5535
438.8055, 315.2946
439.2876, 312.5110
439.7697, 310.4297
440.2518, 308.7918
440.7339, 307.4820
441.2160, 306.4254
441.6982, 305.4276
442.1803, 304.2813
442.6624, 302.9734
443.1445, 301.6017
443.6266, 300.0430
444.1087, 298.5537
444.5909, 297.1991
445.0730, 295.9804
445.5551, 294.8953
446.0372, 293.9648
446.5193, 293.1071
447.0014, 292.0975
447.4836, 290.8068
447.9657, 289.7543
448.4478, 289.2556
448.9299, 288.8605
449.4120, 288.2782
449.8941, 287.5009
450.3763, 286.7231
450.8584, 286.0615
451.3405, 285.5157
451.8226, 285.1624
452.3047, 285.1354
452.7868, 284.9701
453.2690, 284.1145
453.7511, 283.0119
454.2332, 282.3309
454.7153, 282.3502
455.1974, 282.5490
455.6795, 282.6030
456.1617, 282.4965
456.6438, 282.1049
457.1259, 281.2915
457.6080, 280.3973
458.0901, 279.9209
458.5722, 279.8573
459.0544, 279.7116
459.5365, 279.1978
460.0186, 278.7138
460.5007, 278.7705
460.9828, 279.2635
461.4649, 279.4981
461.9471, 278.9821
462.4292, 277.9503
462.9113, 277.3700
463.3934, 277.6127
463.8755, 277.7866
464.3576, 277.6601
464.8398, 277.4881
465.3219, 277.6088
465.8040, 278.0467
466.2861, 278.4553
466.7682, 278.4183
467.2503, 277.8600
467.7325, 277.5728
468.2146, 278.1656
468.6967, 278.3709
469.1788, 277.4864
469.6609, 276.0926
470.1430, 275.0699
470.6252, 274.8105
471.1073, 274.9746
471.5894, 275.0613
472.0715, 275.1501
472.5536, 274.8129
473.0357, 273.5615
473.5179, 272.2213
474.0000, 271.2495
474.4821, 270.6185
474.9642, 270.0628
475.4463, 269.4261
475.9284, 268.7658
476.4106, 268.2833
476.8927, 268.0498
477.3748, 267.5330
477.8569, 266.1924
478.3390, 264.5760
478.8211, 263.6181
479.3033, 263.5545
479.7854, 263.4163
480.2675, 262.6566
480.7496, 261.5094
481.2317, 260.3206
481.7138, 259.1401
482.1959, 258.1314
482.6780, 257.4628
483.1602, 257.1411
483.6423, 256.8271
484.1244, 256.6484
484.6065, 256.3412
485.0886, 255.5875
485.5707, 254.6747
486.0529, 254.1584
486.5350, 254.2403
487.0171, 254.5741
487.4992, 254.5776
487.9813, 254.0628
488.4634, 253.7330
488.9456, 253.8917
489.4277, 253.9173
489.9098, 253.4606
490.3919, 252.6285
490.8740, 251.6850
491.3561, 250.7681
491.8383, 249.9123
492.3204, 249.2070
492.8025, 248.6533
493.2846, 248.2532
493.7667, 248.0618
494.2488, 247.9914
494.7310, 248.1423
495.2131, 248.4482
495.6952, 248.4693
496.1773, 247.6432
496.6594, 246.3220
497.1415, 245.5402
497.6237, 245.4294
498.1058, 245.3290
498.5879, 244.9028
499.0700, 244.2342
499.5521, 243.4531
500.0342, 242.4143
500.5164, 241.6290
500.9985, 241.4909
501.4806, 241.7352
501.9627, 241.9063
502.4448, 241.9118
502.9269, 241.8623
503.4091, 241.8924
503.8912, 242.0068
504.3733, 241.8389
504.8554, 241.2900
505.3375, 240.6069
505.8196, 239.7555
506.3018, 238.8620
506.7839, 238.0812
507.2660, 237.4736
507.7481, 237.0649
508.2302, 236.9518
508.7123, 237.2977
509.1945, 237.3457
509.6766, 236.7936
510.1587, 236.2445
510.6408, 235.9762
511.1229, 235.8705
511.6050, 235.6366
512.0872, 235.0834
512.5693, 234.4866
513.0514, 234.4255
513.5335, 234.9915
514.0156, 235.3941
514.4977, 235.4624
514.9799, 235.2998
515.4620, 234.9788
515.9441, 234.5132
516.4262, 233.9845
516.9083, 233.4459
517.3904, 232.8482
517.8726, 231.9925
518.3547, 230.9188
518.8368, 230.1913
519.3189, 230.1762
519.8010, 230.5464
520.2831, 230.5263
520.7653, 229.9317
521.2474, 229.5647
521.7295, 229.7731
522.2116, 230.1141
522.6937, 230.1997
523.1758, 230.0231
523.6580, 229.7603
524.1401, 229.5111
524.6222, 229.3181
525.1043, 229.4235
525.5864, 230.3045
526.0685, 230.7910
526.5507, 230.4659
527.0328, 229.9509
527.5149, 229.7953
527.9970, 230.0272
528.4791, 230.2614
528.9612, 230.1867
529.4434, 229.8256
529.9255, 229.2370
530.4076, 228.2180
530.8897, 227.4504
531.3718, 227.2155
531.8539, 227.3955
532.3361, 228.0299
532.8182, 229.2067
533.3003, 230.2646
533.7824, 230.5999
534.2645, 230.5443
534.7466, 230.8824
535.2288, 231.7439
535.7109, 232.5778
536.1930, 232.9202
536.6751, 232.8715
537.1572, 233.0764
537.6393, 233.4263
538.1215, 234.1336
538.6036, 235.5320
539.0857, 237.1982
539.5678, 238.6249
540.0499, 239.7001
540.5320, 240.6053
541.0142, 241.5164
541.4963, 242.4346
541.9784, 243.2919
542.4604, 243.8092
542.9426, 244.6035
543.4247, 246.0994
543.9068, 247.7865
544.3889, 248.9761
544.8710, 249.5137
545.3531, 250.0428
545.8353, 251.3498
546.3174, 253.3634
546.7995, 255.1614
547.2816, 256.6093
547.7637, 258.0154
548.2458, 259.5164
548.7280, 261.1116
549.2101, 262.8741
549.6922, 264.9619
550.1743, 266.8917
550.6564, 268.1130
551.1385, 269.0090
551.6207, 270.4728
552.1028, 272.7026
552.5849, 275.0674
553.0670, 276.9805
553.5491, 278.4456
554.0313, 279.9415
554.5134, 281.3135
554.9955, 282.8966
555.4776, 284.8589
555.9597, 287.0604
556.4418, 289.3072
556.9240, 291.5595
557.4061, 293.8881
557.8882, 296.4747
558.3703, 299.3304
558.8524, 301.6828
559.3345, 302.9807
559.8167, 304.5373
560.2988, 307.0304
560.7809, 309.8877
561.2630, 312.3817
561.7451, 314.2898
562.2272, 316.1836
562.7094, 318.7458
563.1915, 321.7068
563.6736, 324.0363
564.1557, 325.4919
564.6378, 327.0257
565.1199, 329.5181
565.6021, 332.6481
566.0842, 334.9825
566.5663, 335.8106
567.0484, 336.8654
567.5305, 338.8935
568.0126, 341.4009
568.4948, 343.8257
568.9769, 346.0411
569.4590, 348.1935
569.9411, 350.3640
570.4232, 352.5726
570.9053, 355.0353
571.3875, 358.1931
571.8696, 361.0184
572.3517, 363.2364
572.8338, 365.1530
573.3159, 366.9409
573.7980, 368.6893
574.2802, 370.5974
574.7623, 372.8661
575.2444, 375.4437
575.7265, 378.2488
576.2086, 381.4403
576.6907, 384.1434
577.1729, 385.4515
577.6550, 386.2823
578.1371, 388.1923
578.6192, 391.4686
579.1013, 394.6371
579.5834, 397.2744
580.0656, 399.4341
580.5477, 400.9399
581.0298, 401.9258
581.5119, 403.1747
581.9940, 405.2260
582.4761, 407.8196
582.9583, 410.0844
583.4404, 411.9389
583.9225, 413.5625
584.4046, 415.0237
584.8867, 416.2194
585.3688, 416.9647
585.8510, 417.3704
586.3331, 417.7721
586.8152, 418.4043
587.2973, 419.1138
587.7794, 419.5656
588.2615, 419.7546
588.7437, 419.6946
589.2258, 419.2377
589.7079, 418.6929
590.1900, 418.2378
590.6721, 417.9047
591.1542, 417.9374
591.6364, 418.9649
592.1185, 419.9230
592.6006, 419.7661
593.0827, 418.7798
593.5648, 417.8725
594.0469, 417.3913
594.5291, 416.9251
595.0112, 415.8492
595.4933, 413.9566
595.9754, 412.4027
596.4575, 411.2665
596.9396, 410.3315
597.4218, 409.4915
597.9039, 408.8133
598.3860, 408.4370
598.8681, 408.4016
599.3502, 408.5124
599.8323, 408.6042
600.3145, 408.6683
600.7966, 408.4508
601.2787, 407.8062
601.7608, 407.1600
602.2429, 406.8047
602.7250, 406.5838
603.2072, 406.2650
603.6893, 405.7821
604.1714, 405.3045
604.6535, 404.6784
605.1356, 404.2104
605.6177, 404.6078
606.0999, 405.8326
606.5820, 406.7863
607.0641, 406.5988
607.5462, 405.5895
608.0283, 405.2028
608.5104, 405.8260
608.9926, 406.5673
609.4747, 407.5897
609.9568, 408.5587
610.4389, 409.1223
610.9210, 409.3977
611.4031, 409.8285
611.8853, 410.7091
612.3674, 411.8949
612.8495, 413.1800
613.3316, 414.6025
613.8137, 415.6853
614.2958, 415.9642
614.7780, 416.3356
615.2601, 417.8794
615.7422, 420.3995
616.2243, 422.7586
616.7064, 424.5899
617.1885, 426.3237
617.6707, 428.2767
618.1528, 430.3209
618.6349, 432.1082
619.1170, 433.5507
619.5991, 435.0583
620.0812, 437.1309
620.5634, 439.8138
621.0455, 442.4840
621.5276, 445.0437
622.0097, 447.7202
622.4918, 450.9642
622.9739, 454.1078
623.4561, 456.3141
623.9382, 457.4721
624.4203, 458.4279
624.9023, 459.7272
625.3845, 461.3586
625.8666, 463.2938
626.3487, 465.5395
626.8308, 468.1141
627.3129, 471.2513
627.7950, 474.5234
628.2772, 477.1276
628.7593, 479.0233
629.2414, 480.6381
629.7235, 481.3654
630.2056, 482.4308
630.6877, 485.0842
631.1699, 488.7477
631.6520, 491.9507
632.1341, 494.0045
632.6162, 495.5457
633.0983, 497.8094
633.5804, 501.1613
634.0626, 503.3693
634.5447, 503.7414
635.0268, 503.7879
635.5089, 504.1486
635.9910, 504.6491
636.4731, 505.0304
636.9553, 505.2317
637.4374, 505.3040
637.9195, 505.3222
638.4016, 505.2232
638.8837, 504.7660
639.3658, 503.9465
639.8480, 503.3184
640.3301, 503.3228
640.8122, 503.6894
641.2943, 503.5121
641.7764, 502.4113
642.2585, 501.2850
642.7407, 499.6657
643.2228, 498.4321
643.7049, 498.5623
644.1870, 499.5318
644.6691, 499.8780
645.1512, 498.7245
645.6334, 497.1305
646.1155, 497.0470
646.5976, 498.4583
647.0797, 499.1537
647.5618, 498.6140
648.0439, 497.7321
648.5261, 497.2872
649.0082, 497.0381
649.4903, 496.2084
649.9724, 494.2768
650.4545, 492.4786
650.9366, 491.5850
651.4188, 490.9321
651.9009, 489.6365
652.3830, 487.6809
652.8651, 485.7059
653.3472, 484.1721
653.8293, 483.0136
654.3115, 482.0070
654.7936, 481.2442
655.2757, 480.4084
655.7578, 479.8815
656.2399, 478.8781
656.7220, 476.4689
657.2042, 473.1657
657.6863, 470.5906
658.1684, 469.7181
658.6505, 469.1910
659.1326, 467.9699
659.6147, 466.0682
660.0969, 463.2595
660.5790, 459.4723
661.0611, 455.7477
661.5432, 453.0266
662.0253, 451.2025
662.5074, 449.1683
662.9896, 447.1351
663.4717, 444.6009
663.9538, 441.0734
664.4359, 437.3631
664.9180, 434.0237
665.4001, 431.1061
665.8823, 428.5325
666.3644, 426.4615
666.8465, 424.3242
667.3286, 420.7256
667.8107, 415.7258
668.2928, 411.5222
668.7750, 408.8590
669.2571, 406.5262
669.7392, 403.3915
670.2213, 399.5361
670.7034, 396.0402
671.1855, 393.4160
671.6677, 390.5400
672.1498, 386.9822
672.6319, 383.0667
673.1140, 378.9150
673.5961, 374.7006
674.0782, 370.9202
674.5604, 368.0342
675.0425, 365.6847
675.5246, 362.5091
676.0067, 358.1510
676.4888, 354.6101
676.9709, 352.8471
677.4531, 351.3571
677.9352, 348.8728
678.4173, 345.6532
678.8994, 342.6338
679.3815, 340.2883
679.8636, 337.8611
680.3458, 334.6818
680.8279, 331.2247
681.3100, 328.1476
681.7921, 325.5986
682.2742, 323.5562
682.7563, 322.1360
683.2385, 321.0500
683.7206, 318.7290
684.2027, 314.2466
684.6848, 310.5641
685.1669, 308.7729
685.6490, 307.2944
686.1312, 305.2763
686.6133, 302.8200
687.0954, 300.3458
687.5775, 297.9459
688.0596, 295.7069
688.5417, 293.7236
689.0239, 291.9659
689.5060, 290.4444
689.9881, 289.1440
690.4702, 287.8320
690.9523, 286.3315
691.4344, 284.6522
691.9166, 282.8022
692.3987, 280.6700
692.8808, 278.5369
693.3629, 276.3802
693.8450, 274.2716
694.3271, 272.2610
694.8093, 270.3238
695.2914, 268.3596
695.7735, 266.2430
696.2556, 264.3331
696.7377, 263.1726
697.2198, 262.5592
697.7020, 261.7736
698.1841, 260.7117
698.6662, 259.5220
699.1483, 258.3365
699.6304, 257.0865
700.1125, 255.5110
700.5947, 252.7467
701.0768, 251.0210
701.5589, 251.3965
702.0410, 251.8607
702.5231, 251.1974
703.0052, 249.6509
703.4874, 247.8594
703.9695, 246.0637
704.4516, 244.4986
704.9337, 243.6518
705.4158, 243.3505
705.8979, 242.7262
706.3801, 241.6755
706.8622, 240.4234
707.3442, 238.8990
707.8264, 237.4014
708.3085, 236.8050
708.7906, 237.7227
709.2727, 237.9190
709.7548, 236.6824
710.2369, 235.2305
710.7191, 234.1209
711.2012, 233.3583
711.6833, 232.8869
712.1654, 232.6770
712.6475, 232.5832
713.1296, 232.4848
713.6118, 232.3659
714.0939, 232.1058
714.5760, 231.6785
715.0581, 231.2534
715.5402, 230.8281
716.0223, 230.5357
716.5045, 230.6865
716.9866, 231.3817
717.4687, 231.8633
717.9508, 231.8684
718.4329, 231.8585
718.9150, 232.0028
719.3972, 232.3002
719.8793, 232.7910
720.3614, 233.4531
720.8435, 234.0878
721.3256, 234.4978
721.8077, 234.7231
722.2899, 234.8952
722.7720, 235.0014
723.2541, 235.1286
723.7362, 235.1897
724.2183, 235.4562
724.7004, 236.4163
725.1826, 238.0567
725.6647, 239.2365
726.1468, 239.5245
726.6289, 239.7973
727.1110, 240.3118
727.5931, 241.0151
728.0753, 241.8573
728.5574, 242.8148
729.0395, 243.8830
729.5216, 245.1246
730.0037, 246.3528
730.4858, 247.0407
730.9680, 247.1610
731.4501, 247.5486
731.9322, 248.5320
732.4143, 249.4126
732.8964, 249.5289
733.3785, 249.0307
733.8607, 248.7731
734.3428, 248.8168
734.8249, 249.0024
735.3070, 249.4409
735.7891, 249.8938
736.2712, 250.0344
736.7534, 250.0180
737.2355, 250.3788
737.7176, 251.4238
738.1997, 252.5777
738.6818, 252.9841
739.1639, 252.6996
739.6461, 252.1400
740.1282, 251.1927
740.6103, 250.6871
741.0924, 251.3374
741.5745, 252.5477
742.0566, 252.9185
742.5388, 252.1246
743.0209, 251.6977
743.5030, 252.1996
743.9851, 252.6409
744.4672, 252.3829
744.9493, 251.7650
745.4315, 251.4127
745.9136, 251.4729
746.3957, 251.4541
746.8778, 250.7561
747.3599, 249.6317
747.8420, 248.8708
748.3242, 248.4789
748.8063, 248.1798
749.2884, 247.9053
749.7705, 247.6297
750.2526, 247.3184
750.7347, 246.9700
751.2169, 246.6188
751.6990, 246.3081
752.1811, 245.9397
752.6632, 245.3959
753.1453, 244.8535
753.6274, 244.4838
754.1096, 244.2771
754.5917, 244.1343
755.0738, 244.0814
755.5559, 243.8890
756.0380, 243.0205
756.5201, 241.6919
757.0023, 240.9030
757.4844, 240.8328
757.9665, 241.0091
758.4486, 241.1333
758.9307, 241.2209
759.4128, 241.3286
759.8950, 241.5109
760.3771, 241.6102
760.8592, 241.3655
761.3413, 241.3148
761.8234, 241.9404
762.3055, 242.8454
762.7877, 243.4432
763.2698, 243.5734
763.7519, 243.3326
764.2340, 242.3658
764.7161, 241.2953
765.1982, 241.3207
765.6804, 242.2644
766.1625, 242.9700
766.6446, 242.9996
767.1267, 242.5599
767.6088, 241.8488
768.0909, 240.8353
768.5731, 240.2326
769.0552, 240.2262
769.5373, 240.3296
770.0194, 240.6288
770.5015, 240.8406
770.9836, 240.7030
771.4658, 240.2556
771.9479, 239.7584
772.4300, 239.2633
772.9121, 238.7973
773.3942, 238.3031
773.8763, 237.8875
774.3585, 237.7454
774.8406, 237.8780
775.3227, 238.2008
775.8048, 238.7124
776.2869, 239.1228
776.7690, 238.5532
777.2512, 236.7470
777.7333, 235.7225
778.2154, 235.9069
778.6975, 236.3342
779.1796, 236.6062
779.6617, 236.7447
780.1439, 236.7387
780.6260, 236.5238
781.1081, 236.4818
781.5902, 237.0477
782.0723, 237.4687
782.5544, 237.1103
783.0366, 236.3233
783.5187, 235.6781
784.0008, 235.3399
784.4829, 235.1997
784.9650, 235.2715
785.4471, 235.3933
785.9293, 234.9164
786.4114, 233.8274
786.8935, 233.1902
787.3756, 233.3163
787.8577, 233.8345
788.3398, 234.5040
788.8220, 235.2884
789.3040, 235.8495
789.7861, 235.9985
790.2682, 236.2129
790.7504, 236.9820
791.2325, 237.4082
791.7146, 236.6483
792.1967, 235.1442
792.6788, 233.8479
793.1609, 233.1027
793.6431, 232.6197
794.1252, 232.1298
794.6073, 231.7347
795.0894, 231.7415
795.5715, 232.0871
796.0536, 232.2617
796.5358, 232.0462
797.0179, 231.6531
797.5000, 231.3418
797.9821, 231.1035
798.4642, 231.1626
798.9464, 231.8555
799.4285, 232.2356
799.9106, 231.6968
800.3927, 231.0542
800.8748, 230.8964
801.3569, 231.1803
801.8391, 231.5964
802.3212, 232.2121
802.8033, 232.7301
803.2854, 233.0254
803.7675, 233.1173
804.2496, 232.8123
804.7318, 232.3021
805.2139, 232.2620
805.6960, 233.0831
806.1781, 234.2088
806.6602, 234.7037
807.1423, 234.6234
807.6245, 234.6950
808.1066, 234.9394
808.5887, 235.4157
809.0708, 236.2677
809.5529, 237.2009
810.0350, 237.7441
810.5172, 237.8161
810.9993, 238.0160
811.4814, 238.5646
811.9635, 238.9577
812.4456, 238.7252
812.9277, 238.5146
813.4099, 239.0475
813.8920, 240.2298
814.3741, 241.3393
814.8562, 241.9093
815.3383, 242.4943
815.8204, 243.8443
816.3026, 245.5920
816.7847, 246.8447
817.2668, 247.5544
817.7489, 248.3436
818.2310, 249.5771
818.7131, 251.0304
819.1953, 252.2589
819.6774, 253.2133
820.1595, 254.2808
820.6416, 255.6511
821.1237, 256.7794
821.6058, 257.1308
822.0880, 257.3702
822.5701, 258.3561
823.0522, 260.0612
823.5343, 261.4188
824.0164, 261.9458
824.4985, 262.4056
824.9807, 262.9362
825.4628, 263.7051
825.9449, 265.0255
826.4270, 266.7801
826.9091, 268.4633
827.3912, 269.7838
827.8734, 270.9918
828.3555, 272.5121
828.8376, 274.2368
829.3197, 275.7016
829.8018, 276.8580
830.2839, 277.9185
830.7661, 278.9962
831.2482, 279.9751
831.7303, 280.5811
832.2124, 280.6513
832.6945, 281.5287
833.1766, 283.9977
833.6588, 286.1352
834.1409, 287.3692
834.6230, 288.2268
835.1051, 289.1313
835.5872, 290.0645
836.0693, 290.8175
836.5515, 291.3305
837.0336, 291.6471
837.5157, 291.6149
837.9978, 291.5190
838.4799, 291.7511
838.9620, 292.2409
839.4442, 292.6385
839.9263, 292.7784
840.4084, 292.8216
840.8905, 293.0651
841.3726, 293.4260
841.8547, 293.2965
842.3369, 292.6236
842.8190, 292.2632
843.3011, 292.6342
843.7832, 293.1156
844.2653, 292.9601
844.7474, 292.1849
845.2296, 291.5747
845.7117, 291.5122
846.1938, 291.0453
846.6759, 289.5607
847.1580, 288.1578
847.6401, 287.6543
848.1223, 287.7371
848.6044, 287.5788
849.0865, 286.8685
849.5686, 286.3686
850.0507, 286.6798
850.5328, 287.2510
851.0150, 287.6176
851.4971, 287.7620
851.9792, 287.7443
852.4613, 287.5829
852.9434, 287.2079
853.4255, 286.3847
853.9077, 285.4442
854.3898, 285.5288
854.8719, 286.6367
855.3540, 287.8732
855.8361, 289.0861
856.3182, 290.2658
856.8004, 291.3732
857.2825, 292.4549
857.7646, 293.7194
858.2467, 295.6472
858.7288, 296.6891
859.2109, 295.7612
859.6931, 295.2362
860.1752, 296.1247
860.6573, 297.7715
861.1394, 299.4196
861.6215, 300.9786
862.1036, 302.6367
862.5858, 304.5664
863.0679, 306.5428
863.5500, 308.6834
864.0321, 310.6302
864.5142, 311.8091
864.9963, 312.2462
865.4785, 312.3674
865.9606, 312.4218
866.4427, 312.2903
866.9248, 311.8451
867.4069, 311.0628
867.8890, 309.7716
868.3712, 307.9560
868.8533, 305.8643
869.3354, 303.6140
869.8175, 301.0498
870.2996, 297.9987
870.7817, 294.4551
871.2639, 290.4843
871.7459, 285.9337
872.2280, 281.2236
872.7101, 276.5179
873.1923, 271.6165
873.6744, 266.3983
874.1565, 260.9099
874.6386, 255.1732
875.1207, 249.2487
875.6028, 243.0175
876.0850, 236.0646
876.5671, 229.1908
877.0492, 222.7458
877.5313, 216.9009
878.0134, 212.1078
878.4955, 208.3093
878.9777, 204.4139
879.4598, 199.5364
879.9419, 194.1162
880.4240, 188.6853
880.9061, 183.3089
881.3882, 178.2773
881.8704, 173.6303
882.3525, 169.2366
882.8346, 165.0197
883.3167, 161.0692
883.7988, 157.6722
884.2809, 154.9202
884.7631, 151.9808
885.2452, 148.8209
885.7273, 145.5291
886.2094, 141.9707
886.6915, 138.4494
887.1736, 135.1828
887.6558, 132.1948
888.1379, 129.6869
888.6200, 128.2042
889.1021, 126.4446
889.5842, 123.8428
890.0663, 121.2058
890.5485, 119.1897
891.0306, 117.5381
891.5127, 115.6380
891.9948, 113.2921
892.4769, 111.0875
892.9590, 109.4252
893.4412, 108.0630
893.9233, 106.8584
894.4054, 105.7262
894.8875, 104.5560
895.3696, 103.3131
895.8517, 101.9144
896.3339, 100.2589
896.8160, 98.57978
897.2981, 97.37328
897.7802, 96.60850
898.2623, 95.96957
898.7444, 95.44296
899.2266, 94.89314
899.7087, 94.27033
900.1908, 93.53928
900.6729, 92.63007
901.1550, 91.53323
901.6371, 90.46120
902.1193, 89.36951
902.6014, 88.37351
903.0835, 87.37919
903.5656, 86.60393
904.0477, 86.37361
904.5298, 86.45353
905.0120, 86.24187
905.4941, 85.61046
905.9762, 84.87846
906.4583, 84.01638
906.9404, 83.19205
907.4225, 82.48080
907.9047, 81.89290
908.3868, 81.45152
908.8689, 81.14609
909.3510, 80.90258
909.8331, 80.75061
910.3152, 80.52916
910.7974, 79.90437
911.2795, 79.16035
911.7616, 78.97708
912.2437, 79.25871
912.7258, 79.16491
913.2079, 78.29640
913.6901, 77.33385
914.1722, 77.33717
914.6543, 78.06538
915.1364, 78.03695
915.6185, 77.22219
916.1006, 76.46754
916.5828, 75.96807
917.0649, 75.63918
917.5470, 75.44211
918.0291, 75.32809
918.5112, 75.09943
918.9933, 74.61978
919.4755, 74.38976
919.9576, 74.74150
920.4397, 74.86638
920.9218, 74.15682
921.4039, 73.24961
921.8860, 72.88264
922.3682, 73.04214
922.8503, 73.10912
923.3324, 72.99062
923.8145, 72.78129
924.2966, 72.30107
924.7787, 71.92358
925.2609, 72.21131
925.7430, 72.76375
926.2251, 72.58601
926.7072, 71.36007
927.1893, 70.38184
927.6714, 70.93547
928.1536, 71.76920
928.6357, 71.36065
929.1178, 70.36430
929.5999, 70.24606
930.0820, 71.08182
930.5641, 71.70174
931.0463, 71.33621
931.5284, 70.52317
932.0105, 70.08696
932.4926, 69.93568
932.9747, 69.66700
933.4568, 69.27108
933.9390, 68.97802
934.4211, 68.88488
934.9032, 68.81577
935.3853, 68.56490
935.8674, 68.17979
936.3495, 67.92034
936.8317, 67.76566
937.3138, 67.86952
937.7959, 68.41464
938.2780, 68.85921
938.7601, 68.94514
939.2422, 68.71546
939.7244, 68.18280
940.2065, 67.25304
940.6886, 66.57860
941.1707, 66.14008
941.6528, 65.96837
942.1349, 66.35738
942.6171, 66.75537
943.0992, 66.73592
943.5813, 66.40350
944.0634, 66.05431
944.5455, 65.71341
945.0276, 65.48091
945.5098, 65.54847
945.9919, 65.56978
946.4740, 65.17027
946.9561, 64.66557
947.4382, 64.53463
947.9203, 64.78349
948.4025, 65.01543
948.8846, 64.98408
949.3667, 64.95476
949.8488, 65.36477
950.3309, 65.83543
950.8130, 65.64893
951.2952, 64.97361
951.7773, 64.49548
952.2594, 64.44501
952.7415, 64.56693
953.2236, 64.63731
953.7057, 64.67974
954.1878, 64.83648
954.6699, 65.04826
955.1520, 64.83578
955.6342, 64.13280
956.1163, 63.50581
956.5984, 63.26455
957.0805, 63.21478
957.5626, 63.02876
958.0447, 62.71215
958.5269, 62.68976
959.0090, 63.07968
959.4911, 63.21803
959.9732, 62.81645
960.4553, 62.48351
960.9374, 62.77718
961.4196, 63.41486
961.9017, 63.58569
962.3838, 63.11586
962.8659, 62.71257
963.3480, 62.37031
963.8301, 62.10404
964.3123, 61.86279
964.7944, 61.73975
965.2765, 61.87054
965.7586, 62.20108
966.2407, 62.48339
966.7228, 62.68274
967.2050, 62.84249
967.6871, 63.07356
968.1692, 63.15796
968.6513, 62.89439
969.1334, 62.45226
969.6155, 62.01792
970.0977, 61.63497
970.5798, 61.33992
971.0619, 61.16254
971.5440, 61.05830
972.0261, 60.96904
972.5082, 60.96272
972.9904, 61.23571
973.4725, 61.62458
973.9546, 61.73586
974.4367, 61.47124
974.9188, 61.14098
975.4009, 60.98695
975.8831, 60.90480
976.3652, 60.70102
976.8473, 60.47980
977.3294, 60.52974
977.8115, 60.81718
978.2936, 61.00163
978.7758, 60.92239
979.2579, 60.75433
979.7400, 60.68098
980.2221, 60.70606
980.7042, 60.90460
981.1863, 61.24261
981.6685, 61.45945
982.1506, 61.50301
982.6327, 61.34475
983.1148, 60.93382
983.5969, 60.46419
984.0790, 60.34791
984.5612, 60.58886
985.0433, 60.63677
985.5254, 60.47503
986.0075, 60.17121
986.4896, 59.65829
986.9717, 59.27783
987.4539, 59.33317
987.9360, 59.71043
988.4181, 60.09344
988.9002, 60.60437
989.3823, 60.64465
989.8644, 59.89332
990.3466, 59.28912
990.8287, 59.14953
991.3108, 59.24550
991.7929, 59.45534
992.2750, 59.73075
992.7571, 59.77275
993.2393, 59.38212
993.7214, 59.11926
994.2035, 59.08183
994.6856, 59.06504
995.1677, 58.99533
995.6498, 58.90436
996.1320, 58.87243
996.6141, 58.87257
997.0962, 58.69291
997.5783, 57.97884
998.0604, 57.60821
998.5425, 58.18470
999.0247, 58.77001
999.5068, 58.75498
999.9889, 58.38366
1000.471, 57.90446
1000.953, 57.42456
1001.435, 57.34362
1001.917, 58.13575
1002.399, 58.89384
1002.882, 59.14484
1003.364, 59.11934
1003.846, 58.90449
1004.328, 58.62790
1004.810, 58.50677
1005.292, 58.57637
1005.774, 58.61226
1006.256, 58.39988
1006.739, 58.19420
1007.221, 58.31829
1007.703, 58.54733
1008.185, 58.56279
1008.667, 58.38573
1009.149, 58.12606
1009.631, 57.84333
1010.113, 57.71721
1010.595, 58.04586
1011.078, 58.46848
1011.560, 58.33318
1012.042, 57.89585
1012.524, 57.85339
1013.006, 58.16178
1013.488, 58.11237
1013.970, 57.40845
1014.452, 56.74312
1014.935, 57.00150
1015.417, 57.78828
1015.899, 58.15861
1016.381, 58.16130
1016.863, 57.90569
1017.345, 57.45470
1017.827, 57.27139
1018.309, 57.60712
1018.791, 58.09365
1019.274, 58.25140
1019.756, 58.11346
1020.238, 57.73345
1020.720, 57.13288
1021.202, 56.90459
1021.684, 57.16896
1022.166, 57.48834
1022.648, 57.62443
1023.130, 57.60755
1023.613, 57.45708
1024.095, 57.18632
1024.577, 57.06087
1025.059, 57.11628
1025.541, 56.98230
1026.023, 56.53362
1026.505, 56.12576
1026.987, 55.95070
1027.469, 56.02418
1027.952, 56.44653
1028.434, 57.25289
1028.916, 57.54450
1029.398, 57.15091
1029.880, 56.84488
1030.362, 56.78632
1030.844, 56.81142
1031.326, 56.85447
1031.809, 56.86806
1032.291, 56.75320
1032.773, 56.50158
1033.255, 56.16645
1033.737, 55.50173
1034.219, 55.33887
1034.701, 56.27138
1035.183, 57.06601
1035.666, 56.74611
1036.148, 55.83156
1036.630, 55.42184
1037.112, 55.62169
1037.594, 55.73392
1038.076, 55.61850
1038.558, 55.64106
1039.040, 56.02382
1039.522, 56.38579
1040.005, 56.46305
1040.487, 56.35265
1040.969, 56.24440
1041.451, 56.12816
1041.933, 56.06397
1042.415, 56.01229
1042.897, 56.06963
1043.379, 56.44675
1043.861, 56.74678
1044.344, 56.61860
1044.826, 56.26432
1045.308, 56.06009
1045.790, 56.02961
1046.272, 56.15841
1046.754, 56.78257
1047.236, 57.10033
1047.718, 56.67340
1048.201, 56.11380
1048.683, 55.76526
1049.165, 55.61493
1049.647, 55.63439
1050.129, 55.84144
1050.611, 55.96283
1051.093, 55.89717
1051.575, 55.80391
1052.057, 55.56881
1052.540, 55.47738
1053.022, 55.88479
1053.504, 56.52434
1053.986, 56.95031
1054.468, 57.10223
1054.950, 56.96680
1055.432, 56.24872
1055.914, 55.63878
1056.396, 55.28239
1056.879, 55.20734
1057.361, 55.63963
1057.843, 56.28015
1058.325, 56.66604
1058.807, 56.72238
1059.289, 56.56323
1059.771, 55.99774
1060.253, 55.53124
1060.736, 55.44995
1061.218, 55.44508
1061.700, 55.23484
1062.182, 54.95502
1062.664, 54.92449
1063.146, 55.15916
1063.628, 55.18991
1064.110, 54.45945
1064.593, 54.04489
1065.075, 54.92479
1065.557, 55.75776
1066.039, 55.27087
1066.521, 54.16645
1067.003, 53.59971
1067.485, 53.71658
1067.967, 53.93413
1068.449, 54.01178
1068.932, 54.19432
1069.414, 54.74981
1069.896, 55.29044
1070.378, 55.56956
1070.860, 55.62259
1071.342, 55.46993
1071.824, 55.15899
1072.306, 54.86820
1072.788, 54.59384
1073.271, 54.50750
1073.753, 54.93645
1074.235, 55.32382
1074.717, 55.14759
1075.199, 54.75698
1075.681, 54.66229
1076.163, 54.85295
1076.645, 54.94344
1077.127, 54.77730
1077.610, 54.58076
1078.092, 54.38671
1078.574, 54.27681
1079.056, 54.37875
1079.538, 54.54480
1080.020, 54.63155
1080.502, 54.61349
1080.984, 54.46014
1081.467, 54.11397
1081.949, 53.87963
1082.431, 53.90442
1082.913, 54.06892
1083.395, 54.45134
1083.877, 54.81873
1084.359, 54.91463
1084.841, 54.78373
1085.323, 54.57782
1085.806, 54.31864
1086.288, 54.16871
1086.770, 54.23237
1087.252, 54.37799
1087.734, 54.64808
1088.216, 54.87320
1088.698, 54.92709
1089.180, 54.80265
1089.662, 54.41462
1090.145, 53.74214
1090.627, 53.38605
1091.109, 53.71064
1091.591, 54.20914
1092.073, 54.97859
1092.555, 55.53507
1093.037, 55.32373
1093.519, 54.70668
1094.002, 54.28961
1094.484, 54.15883
1094.966, 54.08314
1095.448, 54.03064
1095.930, 53.96400
1096.412, 53.82082
1096.894, 53.71369
1097.376, 53.74162
1097.859, 53.83155
1098.341, 53.90470
1098.823, 53.94383
1099.305, 53.91765
1099.787, 53.78696
1100.269, 53.65754
1100.751, 53.42521
1101.233, 53.35693
1101.715, 53.95500
1102.198, 54.49982
1102.680, 53.94618
1103.162, 52.64661
1103.644, 52.12423
1104.126, 52.90900
1104.608, 53.47174
1105.090, 53.33857
1105.572, 53.21058
1106.054, 53.42141
1106.537, 53.65027
1107.019, 53.60363
1107.501, 53.37636
1107.983, 53.24128
1108.465, 53.25822
1108.947, 53.13373
1109.429, 52.48735
1109.911, 52.20287
1110.394, 52.72544
1110.876, 53.37525
1111.358, 53.81215
1111.840, 54.08321
1112.322, 54.28663
1112.804, 54.42869
1113.286, 54.36621
1113.768, 53.51136
1114.250, 53.45739
1114.733, 55.40686
1115.215, 56.65830
1115.697, 55.51347
1116.179, 53.61440
1116.661, 52.84658
1117.143, 53.05486
1117.625, 53.08607
1118.107, 52.82539
1118.589, 52.66535
1119.072, 52.65492
1119.554, 52.65365
1120.036, 52.60916
1120.518, 52.57870
1121.000, 52.64148
1121.482, 52.73222
1121.964, 52.62376
1122.446, 52.23218
1122.929, 52.20037
1123.411, 52.70570
1123.893, 52.92369
1124.375, 52.55798
1124.857, 52.26709
1125.339, 52.53478
1125.821, 52.97704
1126.303, 52.89362
1126.786, 52.32598
1127.268, 52.02924
1127.750, 52.01256
1128.232, 52.27901
1128.714, 52.90264
1129.196, 53.17277
1129.678, 52.69782
1130.160, 52.16663
1130.642, 52.42476
1131.125, 53.16685
1131.607, 53.24172
1132.089, 52.69932
1132.571, 52.44999
1133.053, 52.53764
1133.535, 52.60043
1134.017, 52.52752
1134.499, 52.35126
1134.981, 52.06739
1135.464, 51.84924
1135.946, 52.17655
1136.428, 52.81994
1136.910, 52.70094
1137.392, 52.03509
1137.874, 52.08708
1138.356, 52.95231
1138.838, 53.46794
1139.321, 53.03796
1139.803, 52.29626
1140.285, 51.84089
1140.767, 51.64846
1141.249, 51.82056
1141.731, 52.15854
1142.213, 52.14959
1142.695, 51.87891
1143.177, 51.83575
1143.660, 52.14936
1144.142, 52.48833
1144.624, 52.62552
1145.106, 52.67744
1145.588, 52.80636
1146.070, 52.88911
1146.552, 52.75528
1147.034, 52.46280
1147.516, 52.02662
1147.999, 51.54623
1148.481, 51.36570
1148.963, 51.67226
1149.445, 52.01996
1149.927, 52.22011
1150.409, 52.25494
1150.891, 52.00806
1151.373, 51.67327
1151.856, 51.39777
1152.338, 51.22557
1152.820, 51.20225
1153.302, 51.33681
1153.784, 51.55481
1154.266, 52.04832
1154.748, 52.31346
1155.230, 51.99084
1155.713, 51.60292
1156.195, 51.40452
1156.677, 51.37773
1157.159, 51.52132
1157.641, 51.80542
1158.123, 52.05895
1158.605, 52.31378
1159.087, 52.43992
1159.569, 52.33178
1160.052, 52.22998
1160.534, 52.25000
1161.016, 52.24038
1161.498, 52.09760
1161.980, 51.83781
1162.462, 51.43241
1162.944, 50.82020
1163.426, 50.76206
1163.908, 51.54918
1164.391, 52.01841
1164.873, 51.92251
1165.355, 51.75782
1165.837, 51.71468
1166.319, 51.82955
1166.801, 52.18813
1167.283, 52.69646
1167.765, 52.99303
1168.247, 53.07810
1168.730, 52.86985
1169.212, 52.35413
1169.694, 51.98712
1170.176, 51.89605
1170.658, 51.89788
1171.140, 51.87653
1171.622, 51.80653
1172.104, 51.56712
1172.587, 51.27505
1173.069, 51.41390
1173.551, 51.84581
1174.033, 52.06859
1174.515, 52.02979
1174.997, 51.71795
1175.479, 51.18580
1175.961, 51.14441
1176.443, 52.43770
1176.926, 53.91909
1177.408, 54.15292
1177.890, 53.67396
1178.372, 53.06456
1178.854, 52.44365
1179.336, 51.87022
1179.818, 51.39058
1180.300, 51.15155
1180.782, 51.24054
1181.265, 51.34772
1181.747, 51.21333
1182.229, 51.12270
1182.711, 51.34462
1183.193, 51.62585
1183.675, 51.70972
1184.157, 51.67165
1184.639, 51.69015
1185.122, 51.78764
1185.604, 51.86052
1186.086, 51.89718
1186.568, 51.88890
1187.050, 51.87686
1187.532, 51.76608
1188.014, 51.23753
1188.496, 50.84392
1188.979, 51.31614
1189.461, 52.26021
1189.943, 52.49919
1190.425, 51.89513
1190.907, 51.37007
1191.389, 50.82506
1191.871, 50.67247
1192.353, 51.08406
1192.835, 51.60892
1193.318, 52.07747
1193.800, 52.38815
1194.282, 52.39798
1194.764, 52.16424
1195.246, 51.85083
1195.728, 51.46920
1196.210, 51.41401
1196.692, 51.68081
1197.174, 51.79390
1197.657, 51.63828
1198.139, 51.38363
1198.621, 51.12720
1199.103, 50.93485
1199.585, 50.91835
1200.067, 51.00942
1200.549, 51.10136
1201.031, 51.18100
1201.514, 51.18395
1201.996, 51.15244
1202.478, 51.26179
1202.960, 51.52614
1203.442, 51.67969
1203.924, 51.52261
1204.406, 51.34969
1204.888, 51.42717
1205.370, 51.53570
1205.853, 51.53407
1206.335, 51.42657
1206.817, 51.17893
1207.299, 50.85206
1207.781, 50.59931
1208.263, 50.45829
1208.745, 50.26748
1209.227, 49.81032
1209.709, 49.56835
1210.192, 49.67779
1210.674, 49.98023
1211.156, 50.61640
1211.638, 51.21704
1212.120, 51.36432
1212.602, 51.17812
1213.084, 51.12012
1213.566, 51.23695
1214.049, 51.22707
1214.531, 51.03075
1215.013, 50.96330
1215.495, 51.11602
1215.977, 51.25087
1216.459, 51.24691
1216.941, 51.12606
1217.423, 50.86918
1217.906, 50.59329
1218.388, 50.78370
1218.870, 51.29396
1219.352, 51.29885
1219.834, 50.87265
1220.316, 50.65022
1220.798, 50.74909
1221.280, 50.84467
1221.762, 50.75786
1222.245, 50.71953
1222.727, 51.13285
1223.209, 51.54427
1223.691, 51.30128
1224.173, 50.84259
1224.655, 50.70201
1225.137, 50.82841
1225.619, 51.12592
1226.101, 51.49204
1226.584, 51.54874
1227.066, 51.04909
1227.548, 50.57634
1228.030, 50.15099
1228.512, 50.02986
1228.994, 50.70597
1229.476, 51.35097
1229.958, 51.21928
1230.441, 50.66176
1230.923, 50.29406
1231.405, 50.11348
1231.887, 50.07782
1232.369, 50.25266
1232.851, 50.37205
1233.333, 50.42084
1233.815, 50.41279
1234.297, 50.32861
1234.780, 50.30350
1235.262, 50.45194
1235.744, 50.65027
1236.226, 50.71056
1236.708, 50.62661
1237.190, 50.20722
1237.672, 49.61820
1238.154, 49.76218
1238.636, 50.52436
1239.119, 50.90862
1239.601, 50.66041
1240.083, 50.27621
1240.565, 50.03748
1241.047, 49.93932
1241.529, 50.06105
1242.011, 50.23265
1242.493, 50.31599
1242.975, 50.32857
1243.458, 50.21535
1243.940, 50.08695
1244.422, 50.27650
1244.904, 50.78135
1245.386, 50.84734
1245.868, 49.76532
1246.350, 49.18606
1246.832, 49.97915
1247.315, 50.50634
1247.797, 49.87862
1248.279, 49.22258
1248.761, 49.44835
1249.243, 50.02575
1249.725, 49.90617
1250.207, 49.16730
1250.689, 49.31657
1251.172, 50.49319
1251.654, 50.96731
1252.136, 50.58593
1252.618, 50.12968
1253.100, 49.83417
1253.582, 49.68840
1254.064, 49.68934
1254.546, 49.79601
1255.028, 50.04626
1255.510, 50.29208
1255.993, 50.20427
1256.475, 49.93175
1256.957, 49.65200
1257.439, 49.46635
1257.921, 49.60902
1258.403, 50.05225
1258.885, 50.39545
1259.367, 50.48728
1259.850, 50.38784
1260.332, 49.90434
1260.814, 49.52747
1261.296, 49.50608
1261.778, 49.66231
1262.260, 49.99692
1262.742, 50.33478
1263.224, 50.37888
1263.707, 50.16846
1264.189, 50.01957
1264.671, 49.88385
1265.153, 49.99990
1265.635, 50.43542
1266.117, 50.85826
1266.599, 51.22724
1267.081, 51.30634
1267.563, 50.93699
1268.046, 50.45135
1268.528, 50.20781
1269.010, 50.20131
1269.492, 50.60893
1269.974, 51.15993
1270.456, 51.03567
1270.938, 50.48371
1271.420, 50.36127
1271.902, 50.64655
1272.385, 50.52958
1272.867, 49.69978
1273.349, 49.11498
1273.831, 49.63356
1274.313, 50.13821
1274.795, 49.93238
1275.277, 49.68288
1275.759, 49.93932
1276.242, 50.31219
1276.724, 50.30245
1277.206, 50.02108
1277.688, 49.89891
1278.170, 49.96147
1278.652, 49.93204
1279.134, 49.71804
1279.616, 49.78016
1280.099, 50.22327
1280.581, 50.67146
1281.063, 51.00979
1281.545, 51.10427
1282.027, 50.82422
1282.509, 50.38464
1282.991, 50.09724
1283.473, 49.95368
1283.955, 49.94844
##END=



